names,scores,logfoldchanges,pvals,pvals_adj
EMC10,39.840153,4.696212,0.0,0.0
NCOA1,33.20354,1.5923264,9.57040955246634e-242,1.7514328001491027e-237
AC020909.2,28.759048,4.1244555,6.980521903895746e-182,8.516469406816273e-178
TTN,26.921091,4.3075156,1.2440500307032185e-159,1.1383368793442126e-155
FILIP1,26.745447,2.7604163,1.3949131301212352e-157,1.0211043095113467e-153
GREM2,26.279228,2.633571,3.313454399999893e-152,2.0212624082399347e-148
KCNQ1OT1,25.795813,1.7752923,9.880250525227588e-147,5.166100706769356e-143
DPP6,25.599327,1.940946,1.5520573290996072e-144,7.100856287796841e-141
NEB,24.527794,2.1655428,7.465187816121524e-133,3.035925991754043e-129
AC009041.2,24.479053,4.4227605,2.469316838992596e-132,9.037946562396801e-129
MAGI1,24.39242,1.0626396,2.0581729376373523e-131,6.848289790042248e-128
CCSER2,24.174,2.181785,4.1769695372024887e-129,1.2740105169262358e-125
TNC,23.866901,1.8087428,6.761113167358592e-126,1.9035654079883987e-122
DEC1,23.6465,1.8393905,1.2823420748227083e-123,3.352500162898996e-120
LINC01322,22.34959,3.278988,1.2185820551971994e-110,2.7875826126420436e-107
TNNT2,21.982904,2.071978,4.1972364632966154e-107,8.534613988506634e-104
MIR503HG,21.605677,3.6331494,1.588475486665309e-103,3.0599890151282615e-100
CLCN5,21.050364,1.3390985,2.2693314213159652e-98,4.152989967579282e-95
TTC3,20.883118,1.2358311,7.625189521868595e-97,1.3289979128091069e-93
SYN2,20.708755,0.9468251,2.888215201414967e-95,4.805071117590419e-92
SGCD,20.47632,1.3547796,3.5012450657336185e-93,5.5716987239528775e-90
SNHG14,20.440025,0.7951577,7.3702239329621275e-93,1.1239898590431118e-89
RYR1,20.136976,1.3392688,3.50063102880543e-90,5.125063851412302e-87
PRICKLE1,19.85817,2.3851142,9.366126827609013e-88,1.318498492374298e-84
KCNN3,19.202269,1.5589709,3.542772191818256e-82,4.802555740471851e-79
PGM5,19.155066,0.89822257,8.781605150654348e-82,1.1479126075682136e-78
FGFR1,18.905743,3.1254995,1.0228987404879548e-79,1.2077134451806335e-76
MALAT1,18.747091,0.5683518,2.0447522201862518e-78,2.267878060940515e-75
ZNF385B,18.596706,1.538221,3.4166766173634098e-77,3.6780523785917106e-74
TTN-AS1,18.577599,4.517457,4.878455575299652e-77,5.101610071758359e-74
CCNG2,18.511072,2.6706731,1.6811873119627162e-76,1.7092538001429825e-73
COL25A1,18.365524,1.3353497,2.4804204430355283e-75,2.4536721252849564e-72
LINC01237,18.15584,1.530652,1.1544900283438704e-73,1.0834740904465127e-70
AC098829.1,18.074528,1.8469961,5.0586090043382166e-73,4.628753704194577e-70
IFT140,17.93306,2.8114266,6.509715277098497e-72,5.811270459928831e-69
SLF2,17.895908,1.9179703,1.2690964463104841e-71,1.0802371867769775e-68
ASIC2,17.684072,4.6102295,5.5628952103304773e-70,4.5246117242956845e-67
DOCK9,17.501255,1.0021235,1.4014887929966388e-68,1.0686644023431245e-65
AL161457.2,17.439758,1.0435886,4.118147721735117e-68,3.076088260474021e-65
NFASC,17.062244,1.197263,2.8344994777971097e-65,2.07491030773704e-62
NOS1AP,16.934692,1.1468765,2.4966197381519405e-64,1.7917407654137092e-61
MCU,16.898918,1.2202272,4.582434622064493e-64,3.225417107734279e-61
FGD4,16.624094,0.86424375,4.663690877280886e-62,3.1035590872610492e-59
CAP2,16.544258,1.5706149,1.761200596929557e-61,1.1511018401467627e-58
B4GALNT3,16.079617,1.4437506,3.5456411743969375e-58,2.162900210401705e-55
TNIK,16.055227,2.0146167,5.2546687892749326e-58,3.1528874156762594e-55
COL19A1,15.995136,1.1651189,1.3815611419114747e-57,8.15589021856482e-55
PTCHD1-AS,15.832875,0.96207374,1.8459069016325045e-56,1.0556568516664265e-53
SEMA3C,15.502946,3.2346454,3.3134506936203074e-54,1.8657785974953365e-51
HIP1,15.459964,1.6958741,6.463530230824349e-54,3.584419242097e-51
HIPK3,15.340058,1.2993706,4.1282415880738057e-53,2.25519060246402e-50
PTPRK,15.247366,0.76996773,1.714085019237957e-52,9.226062616048303e-50
CPEB2,15.101889,1.758098,1.573602242813572e-51,8.227916527031366e-49
TMEM108,15.031063,2.1931944,4.595713736960913e-51,2.3691227955845968e-48
ITGA7,14.999114,2.7783968,7.440573222681379e-51,3.782394729491127e-48
LRBA,14.970021,0.70569396,1.15283752933254e-50,5.702027893391932e-48
AC092674.1,14.870961,2.9420056,5.087784490104318e-50,2.450236843714581e-47
ARPP21,14.442076,3.5253544,2.8124404452948416e-47,1.336858866730344e-44
KLHL29,14.103827,1.3558842,3.597195317292668e-45,1.645761822602862e-42
ALPK2,14.094927,2.1955583,4.08072619922443e-45,1.8439340693557206e-42
RTN4,14.086391,0.833976,4.6050035754687944e-45,2.055460193484553e-42
CADM2,13.72612,1.3291684,7.0825790920747834e-43,3.0497585570474013e-40
AC105180.2,13.691084,0.52001446,1.1478393057399693e-42,4.885124003417281e-40
AC104365.1,13.602266,1.3804528,3.882139874806213e-42,1.6332207075607152e-39
LINC02055,13.547691,4.03411,8.176186743820946e-42,3.362433831579668e-39
RIF1,13.541363,0.9766485,8.911976696108466e-42,3.624302878380733e-39
BLCAP,13.536341,0.9932766,9.542596539708115e-42,3.8381162192291946e-39
PPP1R9A,13.501684,0.63468647,1.5284150947578565e-41,6.0405423955907e-39
TRG-AS1,13.501375,1.128459,1.5348499843991562e-41,6.0405423955907e-39
TMTC1,13.405629,1.648088,5.604609316048933e-41,2.1593084797548104e-38
RASSF4,13.386657,2.653128,7.236570598053248e-41,2.7590179214515307e-38
PDLIM3,12.9933405,1.350056,1.33471295631643e-38,4.934528173145218e-36
KLHL41,12.921531,2.0409832,3.4030474762768763e-38,1.2332172344476233e-35
SACS,12.824897,0.82128036,1.1894436593615215e-37,4.2266822695428205e-35
SULF1,12.76245,1.9524968,2.6571048962172e-37,9.199855073364516e-35
THSD4,12.762238,0.87303126,2.6643661041409765e-37,9.199855073364516e-35
FHIT,12.66679,0.62561107,9.033605898510137e-37,3.0614723101052733e-34
AP005262.2,12.550689,3.327623,3.940696197109986e-36,1.323242399178189e-33
RORA,12.528084,0.53349257,5.241365863985319e-36,1.7439930180702426e-33
ERBB3,12.460044,2.1149917,1.2330324459225034e-35,4.0657856354242836e-33
ACTN2,12.322121,1.1477416,6.885934287547172e-35,2.1726903522285694e-32
ZNF106,12.315159,1.3583691,7.506717708930835e-35,2.3483194432869873e-32
GABPB1-AS1,12.21338,0.9382835,2.637025322820392e-34,7.976674697566047e-32
CELF2,12.114715,0.50339675,8.827117426922589e-34,2.626677438559298e-31
NRCAM,12.078045,1.2756329,1.3796139263988181e-33,4.072197525816382e-31
PLXNA2,12.069326,1.0601954,1.5338414454716289e-33,4.491210459656567e-31
RALGPS2,12.021754,0.5118604,2.7311188435727115e-33,7.933466729651176e-31
MYPN,11.987068,3.9519331,4.15347243660232e-33,1.187665973844387e-30
HS6ST2,11.943444,0.6710586,7.025259796420563e-33,1.993267703944101e-30
GMDS-DT,11.927261,0.9446527,8.533522820545721e-33,2.3842402195022436e-30
UBA6-AS1,11.922,1.2269816,9.09002732373084e-33,2.5204855308778218e-30
CHRNA1,11.884376,2.8757331,1.4269764385098197e-32,3.926974783902099e-30
MAGI1-AS1,11.870344,1.0048139,1.687726487263891e-32,4.6098863552496774e-30
AC002460.2,11.776541,1.2600528,5.156621670727144e-32,1.377646056717403e-29
AKAP9,11.584135,0.6539161,4.959446078616811e-31,1.2873807512301695e-28
AC002429.2,11.539975,0.70545715,8.29496209911076e-31,2.1380556886588234e-28
CFAP299,11.454319,2.6326268,2.237141554280424e-30,5.647008139877089e-28
LRRFIP1,11.323429,0.7415082,1.0046395629472028e-29,2.4513875095620383e-27
SKP2,11.296771,0.8810023,1.3613138039071687e-29,3.2996984461461116e-27
LMCD1-AS1,11.237796,0.89815056,2.6593975062577256e-29,6.361869812192093e-27
LMCD1,11.196118,1.4010127,4.259927206310987e-29,1.0059199721173447e-26
GSE1,11.102077,0.6403453,1.2256259845490103e-28,2.8755856833639954e-26
LINC02691,11.096368,1.466877,1.3064612347677173e-28,3.045718958836511e-26
EML6,11.056521,2.7527068,2.0385141834592714e-28,4.72225681194891e-26
ZNF589,11.032373,1.0054978,2.6673226349564907e-28,6.140042500757391e-26
AC012459.1,10.956562,0.64942735,6.180297678785623e-28,1.4050004679579664e-25
FTX,10.929703,0.4865347,8.3120181242525e-28,1.8664305237163543e-25
DPH6,10.904,0.753818,1.1029954654004513e-27,2.4616303066537756e-25
AL445465.1,10.881556,2.8160572,1.4113320754507477e-27,3.1118171863598083e-25
PTCHD1,10.82044,0.8165147,2.7545203182023986e-27,6.001083224197975e-25
AC067969.1,10.807702,1.5816078,3.1649871783673614e-27,6.854538208013242e-25
VASH2,10.767401,1.9767634,4.906581393708039e-27,1.0441034045994647e-24
TBC1D16,10.7486,0.8593598,6.016802897417663e-27,1.2656379474045052e-24
SNTB1,10.744778,1.896233,6.271279788190252e-27,1.3041767700429057e-24
BCAS3,10.708719,1.141175,9.263401541637691e-27,1.9155353662456562e-24
AL133297.2,10.606743,2.23963,2.7724562853612547e-26,5.700824297781308e-24
ZCCHC7,10.592305,0.4625444,3.235261808104483e-26,6.615297063599562e-24
CAV3,10.517661,0.89841044,7.162998384416517e-26,1.4565161326001606e-23
PPM1L,10.495858,0.56266904,9.025397965150709e-26,1.8150472028707753e-23
PKP4,10.448587,0.52688414,1.4872397228715283e-25,2.9745607156732683e-23
MUSK,10.38636,0.74376017,2.860622937123328e-25,5.629121511916716e-23
LMBRD2,10.373526,1.5652076,3.272249266077802e-25,6.40468424533228e-23
AC092640.1,10.352271,4.0070877,4.086749979874423e-25,7.914240000708135e-23
DRAIC,10.295555,2.072483,7.379271966754802e-25,1.4140771374617407e-22
FNDC5,10.28985,3.3460965,7.829828960063928e-25,1.4926019258713532e-22
SEPTIN4,10.279476,1.6242384,8.720013977854466e-25,1.6536851378417165e-22
ZNF407,10.243347,0.61087775,1.267727556897808e-24,2.3917575417534364e-22
COBL,10.16874,0.7388797,2.734212963954474e-24,5.132047625317831e-22
CACNA2D4,10.142202,1.2811137,3.589155716285725e-24,6.702382059784379e-22
CLIP4,10.112733,0.73661125,4.851172549665994e-24,8.96756396415783e-22
SPATS2L,10.10368,0.47923803,5.320757304925649e-24,9.737251905879184e-22
SMYD1,10.036336,1.2997208,1.0552081015797227e-23,1.9214762052696233e-21
MIR181A1HG,10.0290985,0.5590596,1.1354847081015847e-23,2.057419594120104e-21
NES,10.008616,2.134189,1.396930640495461e-23,2.5186728262450425e-21
AC104389.5,10.005282,1.4012339,1.4447890781243912e-23,2.592192404334845e-21
TMEM38A,9.993951,1.2628597,1.619942303319568e-23,2.892268694819488e-21
FAM3C,9.966678,1.0156877,2.1324306042715958e-23,3.788790900337121e-21
TMEM204,9.964895,2.9911203,2.171028071821581e-23,3.838734224963367e-21
LINC00598,9.913821,1.3882006,3.6251088585839244e-23,6.37897160254953e-21
AL162394.1,9.902791,1.1764842,4.0481665264027227e-23,7.055568715850764e-21
TPM2,9.821345,0.9043804,9.111920097697808e-23,1.5731386202633842e-20
MTSS2,9.719641,1.5293572,2.486568516320504e-22,4.272811937363698e-20
KIAA1217,9.646361,0.67453,5.093082141085893e-22,8.551004561737834e-20
DMD,9.64544,1.2136958,5.139012018279121e-22,8.588720496850872e-20
NAV1,9.629496,1.4665906,6.00232478269277e-22,9.985958607788094e-20
DOCK8,9.579939,0.72521234,9.710193896718102e-22,1.6081574968949287e-19
MACF1,9.535387,0.4698533,1.493275691521966e-21,2.461954215558355e-19
ACYP2,9.484678,0.960845,2.4313187386546003e-21,3.9727096943525455e-19
GMPR,9.44312,1.7459607,3.618406028555185e-21,5.886101291162148e-19
SPPL2B,9.438056,1.1960361,3.797578732227206e-21,6.150229167179113e-19
GOLGA8A,9.372701,0.8090766,7.069983331433759e-21,1.1299932747327815e-18
FMNL2,9.327164,0.42336604,1.0874152714211152e-20,1.7229647770252917e-18
SNX29,9.310507,1.0080547,1.2722334299121827e-20,2.0071127486299915e-18
MAP4,9.264378,0.52823836,1.9621846265566976e-20,3.069141859683833e-18
XIRP2,9.1965685,2.5289118,3.69563669273176e-20,5.707341712686715e-18
IMMP2L,9.153981,0.3902049,5.487319520231583e-20,8.30840651799791e-18
TEX41,9.153862,2.3505461,5.493386457625458e-20,8.30840651799791e-18
TMCC1,9.147605,0.60322607,5.820985362688914e-20,8.767649599167776e-18
SGCE,9.139625,0.5759472,6.266928089021487e-20,9.400648974847355e-18
GARNL3,9.012934,0.74743277,2.006171317216369e-19,2.9254134016508493e-17
CCDC144A,9.008555,0.6175747,2.0878790547378454e-19,3.0324786223198364e-17
BRINP1,8.998917,0.7694502,2.279559491446218e-19,3.2977927646807525e-17
MALT1,8.953973,1.2054152,3.429135658275742e-19,4.921952714845115e-17
JAM3,8.942189,0.6130146,3.8153443846215487e-19,5.454899211778645e-17
MBD5,8.9186945,0.5535173,4.718188942692623e-19,6.719472120291545e-17
SYT1,8.864634,0.24098705,7.675640939036525e-19,1.0825504419688925e-16
AC013287.1,8.852212,1.248146,8.580130599758319e-19,1.2032236018458016e-16
PRKAG2,8.834787,1.1994789,1.0028885826113718e-18,1.3956929662417802e-16
ZNRF1,8.8222475,0.8841175,1.1218525271424566e-18,1.555338043406858e-16
ANGPTL1,8.820196,0.58073884,1.1425920515171997e-18,1.5781136482106048e-16
RBM20,8.808771,1.7775525,1.2652522869199466e-18,1.7409586072765776e-16
MEGF10,8.807838,5.1955824,1.2758160688193333e-18,1.7489192484964951e-16
ALK,8.747137,1.2391491,2.1883419749913344e-18,2.977528053035607e-16
LINC00504,8.739836,2.602833,2.3344952766667544e-18,3.1529469232944604e-16
CDON,8.714081,0.7700844,2.9312784245989187e-18,3.929953172847803e-16
BBOX1-AS1,8.707111,0.9261538,3.1171685157361702e-18,4.1639228045423196e-16
DAAM1,8.697065,0.565913,3.4057593780907786e-18,4.532879963545476e-16
PTENP1-AS,8.556373,1.1566386,1.1647464396436704e-17,1.5117334906878717e-15
SLC24A2,8.479894,2.4396172,2.2540003699443878e-17,2.894690089134545e-15
AC004470.1,8.475441,0.8308471,2.3419005085886048e-17,2.997059458561242e-15
SLC38A6,8.474099,1.4678754,2.3690605336048085e-17,3.021253818483261e-15
WAKMAR2,8.467674,2.4940422,2.503415580586552e-17,3.1815108911475135e-15
PPFIA4,8.438693,2.0847244,3.20904505727552e-17,4.064161181361291e-15
CDC14B,8.431702,0.7533309,3.4067406269948046e-17,4.299659092711615e-15
TNPO1,8.424572,0.54729086,3.620704554716032e-17,4.554000254541631e-15
GOLGA8B,8.4111,0.9446174,4.061835114570933e-17,5.0739667927785224e-15
MNAT1,8.393306,0.57872194,4.7265999833624386e-17,5.864348677662665e-15
RNF165,8.383182,0.73513716,5.151573433856656e-17,6.370024974749577e-15
CCDC141,8.365451,3.8991547,5.988527322690713e-17,7.355237870396067e-15
MYL6B,8.336496,0.91677207,7.652393952571012e-17,9.305158506912013e-15
USO1,8.335449,0.7404798,7.720470827938489e-17,9.356852740840286e-15
ABLIM1,8.331541,0.6567497,7.979674519545341e-17,9.639078121778186e-15
TMEM72-AS1,8.318568,1.5482384,8.903212716787764e-17,1.0719292389708847e-14
FAM20A,8.233181,1.4727252,1.8230591171242991e-16,2.1594105742998856e-14
MAMDC2-AS1,8.226287,0.8365875,1.9310652010740884e-16,2.2799650782100873e-14
ATXN7L1,8.206908,0.6401855,2.269576752874012e-16,2.6539545920748146e-14
BX284613.2,8.175063,0.7886941,2.9571034157774386e-16,3.4359664165355566e-14
CACNA2D3,8.172199,1.6241125,3.028168930343778e-16,3.507405412009893e-14
TSC1,8.155934,0.71405286,3.4649056625117193e-16,3.9880192501129387e-14
TTC17,8.123669,0.49282184,4.522997401273786e-16,5.1895369242640077e-14
ADARB1,8.117661,0.82680655,4.752525189076659e-16,5.435849201418588e-14
STRN3,8.107209,0.5487509,5.179554406838605e-16,5.869252967328167e-14
TET2,8.088643,0.6183059,6.033289869714052e-16,6.815569213623581e-14
CAMK2B,8.083255,1.0513316,6.306043803497748e-16,7.07998494637488e-14
MVB12B,8.046209,0.5984671,8.539804496260165e-16,9.558574445492914e-14
ADGRB1,8.043293,5.7304077,8.745579474053416e-16,9.75905348566552e-14
AL450163.1,8.03082,0.9317971,9.682324159425952e-16,1.0771512053469583e-13
TTC39C,8.02884,0.61487126,9.839852097406826e-16,1.0880617118344026e-13
YES1,7.912757,0.674553,2.5175026330899136e-15,2.7587758644827525e-13
CDKN1C,7.9065633,4.019361,2.6459143469403068e-15,2.882235446796493e-13
CTIF,7.905833,0.7575575,2.6614861736314834e-15,2.8905951169461694e-13
ATP2A1,7.9042406,1.2058393,2.6957236367716113e-15,2.9191177760200514e-13
LSAMP,7.8225074,0.39679736,5.178132055134629e-15,5.557912356304473e-13
IPO9-AS1,7.785894,1.1508772,6.922197474821541e-15,7.365097377207652e-13
UBE2H,7.7849956,0.8233153,6.971577975660984e-15,7.37476085223028e-13
SPRY4-AS1,7.779965,1.0397357,7.254455331251047e-15,7.65188240862016e-13
LMF1,7.7473974,1.9846293,9.37951449288829e-15,9.808560284405837e-13
GPM6B,7.726579,0.63674617,1.1047516964554054e-14,1.1519947818223445e-12
CCDC18-AS1,7.704318,0.8017157,1.3154408448429068e-14,1.3639221065749357e-12
HLCS,7.6631064,0.5986916,1.8148869249237314e-14,1.871173981384042e-12
CUX2,7.6339507,0.6530777,2.2766717059463718e-14,2.3276106455123784e-12
CCND3,7.6201763,0.94356287,2.5332964424440565e-14,2.5827627601642037e-12
FOXO1,7.5853004,0.49220932,3.317180375303138e-14,3.344686471528103e-12
AL590006.1,7.5777416,0.8829586,3.5162116226537416e-14,3.5277654458867146e-12
KTN1-AS1,7.5571847,0.5117835,4.118870045547271e-14,4.107759197195522e-12
CECR2,7.540073,0.43325615,4.697086187767737e-14,4.6590257874928714e-12
KCND3,7.534077,1.5455375,4.9180119029421485e-14,4.864977125934745e-12
SLC9C1,7.532992,1.8450139,4.9590705547263404e-14,4.892370387426922e-12
SEPTIN1,7.504962,2.4940877,6.144639830756479e-14,6.045697915202093e-12
DNAH14,7.491057,0.46558344,6.832105627139801e-14,6.686147006923632e-12
MAMDC2,7.4776073,0.47745702,7.568803781572361e-14,7.348164116958355e-12
SCN3A,7.473949,0.6840561,7.782321394974857e-14,7.535469454430548e-12
PRKN,7.4687734,0.6751573,8.094571995581788e-14,7.817135345917916e-12
USP9X,7.4571285,0.56434494,8.84285866152948e-14,8.494946715764843e-12
PLAC1,7.415302,2.2069147,1.213482137740472e-13,1.1596516899070239e-11
CEP85L,7.391698,0.48416147,1.449653981677429e-13,1.378150269698067e-11
ZEB2,7.3501997,0.46181846,1.9791100920230347e-13,1.8669435174777084e-11
SGMS1,7.3370333,0.5057494,2.1838066836855148e-13,2.04947457511727e-11
FOXN3,7.3169904,0.50878125,2.5359384918401377e-13,2.3617782376549844e-11
PURB,7.293107,0.9226938,3.0288699385256117e-13,2.8136971730958355e-11
PDCD4,7.286399,0.874512,3.183493730004882e-13,2.942400353836078e-11
AL078612.2,7.268881,3.3585618,3.624781107112572e-13,3.3418290504137846e-11
TPM1,7.2387514,0.77798396,4.528334001588517e-13,4.1435388198035325e-11
SETD3,7.235765,0.59089595,4.629128874508978e-13,4.225205634311798e-11
CNOT6L,7.2339077,0.6696637,4.692902506923864e-13,4.2727593197990136e-11
CCND2,7.2304473,0.8682843,4.814051511386033e-13,4.37218608854194e-11
FAM228B,7.193998,1.386264,6.292115476590872e-13,5.603350816513443e-11
APBA2,7.155792,0.5412215,8.319116007567559e-13,7.354781763115465e-11
LINC01482,7.1321063,1.4878944,9.88444269038913e-13,8.675791053019966e-11
SYNDIG1,7.1259017,0.7551341,1.0340159455709977e-12,9.054071201876576e-11
PPP3CA,7.1231685,0.39589992,1.0547388132260486e-12,9.213483365844059e-11
LMBRD1,7.110826,0.72279876,1.1535065207801434e-12,1.005226003977953e-10
DEPTOR,7.072974,2.9832835,1.516476895867137e-12,1.3059899027207784e-10
GRIK1,7.0630293,1.2715001,1.6291130135591784e-12,1.3996987185276874e-10
HCG17,7.043606,0.77460456,1.873277202008979e-12,1.6057100438110217e-10
AL035446.2,7.034064,0.58748275,2.0060361351826672e-12,1.7154889856032898e-10
UBE2E3,7.016803,0.56880754,2.270027525369627e-12,1.9322157547919466e-10
NELL1,6.960527,3.6446853,3.390025412037019e-12,2.8589474678794223e-10
CXCL13,6.958308,3.2466075,3.44383226067012e-12,2.8976483809836103e-10
TSNARE1,6.941547,1.5386778,3.878292137472207e-12,3.218806587837194e-10
MYO9A,6.9411554,0.53721786,3.88905776067352e-12,3.220438984126957e-10
ELF1,6.933933,0.7875894,4.092995565583086e-12,3.38166434979473e-10
MACROD2,6.897882,0.48210394,5.278352865126491e-12,4.3414155778987575e-10
ADORA1,6.8825974,2.5476713,5.877090883172282e-12,4.812246161409143e-10
PAN3,6.881065,0.48103082,5.940675585765658e-12,4.853452390951091e-10
OARD1,6.8597584,1.0985111,6.897716561127948e-12,5.622791177145747e-10
CRAMP1,6.854624,0.84651995,7.150050875448317e-12,5.815533602050752e-10
RGR,6.8448915,4.433287,7.653394772048422e-12,6.211128648597434e-10
SEPTIN4-AS1,6.839962,1.533668,7.921431103742718e-12,6.414431412125824e-10
AL513128.3,6.8335147,4.631435,8.285906443067143e-12,6.694756329419437e-10
BIN1,6.8103657,1.3660663,9.735084892545577e-12,7.813900047194312e-10
LINC01563,6.808285,0.6229548,9.876894576746474e-12,7.910376770317236e-10
COL6A1,6.806495,1.2038645,1.0000499078513273e-11,7.991883553988303e-10
AC090772.2,6.7947493,0.66055197,1.0850095368732487e-11,8.61441085880646e-10
ZSWIM6,6.786568,0.67566556,1.1483214920215838e-11,9.058128217560774e-10
VPS39,6.753691,0.9218348,1.4413055443983875e-11,1.134477940441406e-09
DNMT3A,6.7524867,0.80396694,1.4533251796040117e-11,1.1414840107014255e-09
GATAD2A,6.7493396,0.5086894,1.4851978324843333e-11,1.1640198258406655e-09
FCHSD2,6.731441,0.54310334,1.679910510776483e-11,1.3138120642079072e-09
KLHL13,6.728879,0.78385615,1.709749319322329e-11,1.3342971180493936e-09
CCDC91,6.7176704,0.48655668,1.8465296310848652e-11,1.4318820132910413e-09
AP005230.1,6.715597,3.4946704,1.87297769974099e-11,1.449320439497251e-09
USP9Y,6.6758323,0.5560775,2.4583262046140642e-11,1.8902772566193145e-09
ENAH,6.672111,0.3627082,2.5214955543003805e-11,1.934785299432877e-09
AKAP13,6.6616592,0.36504632,2.7075343754140896e-11,2.0731896584629935e-09
DENND4A,6.6561627,0.541673,2.810689372028017e-11,2.1432092021999466e-09
SCN2A,6.6515727,1.207562,2.8997781323398534e-11,2.206544270722889e-09
OVCH2,6.613512,1.3202767,3.753071902721921e-11,2.832292468278867e-09
LMNA,6.612606,0.9401527,3.776124495536183e-11,2.843825774920161e-09
ATP1A1,6.604988,0.7043287,3.9754959011761014e-11,2.9878259851939732e-09
AC021231.1,6.5975976,1.18087,4.178741815042035e-11,3.134141991236753e-09
CHD6,6.5710106,0.54032105,4.997488235847095e-11,3.732919733066113e-09
ARHGEF2,6.528192,0.63797647,6.656823535070334e-11,4.932113324030552e-09
TRMT11,6.522144,0.42998683,6.930941834297042e-11,5.124836405598102e-09
TSPAN3,6.506837,0.5516,7.674957926518392e-11,5.663530948961687e-09
BBOX1,6.478751,0.91806245,9.248478108652358e-11,6.770070945095699e-09
KIF1B,6.473341,0.4080411,9.58594338788075e-11,7.00309608662322e-09
KDM3A,6.4310517,1.0402367,1.2672395130812252e-10,9.221119963873941e-09
WWTR1,6.398872,0.9043333,1.565292001765242e-10,1.1344802486457351e-08
TULP4,6.383326,0.47465998,1.732822429721645e-10,1.2534196393328446e-08
UNC45B,6.3784823,4.747382,1.7885137593854537e-10,1.2911517180920512e-08
CNN3,6.3632092,0.76593274,1.9758151135835398e-10,1.4179766465151205e-08
LHFPL6,6.3566723,0.7936972,2.0617110809106937e-10,1.476725778325094e-08
SPRY4,6.3464737,1.2740449,2.2030586785416512e-10,1.574885755728574e-08
BABAM2,6.3415294,0.52196354,2.2749523990229015e-10,1.6199519991563663e-08
FER,6.329791,0.62078595,2.4549345104210794e-10,1.7447195731246978e-08
RHOBTB3,6.2096996,0.5785313,5.30860087678583e-10,3.700954298880727e-08
SSUH2,6.207194,0.78605264,5.393908934881021e-10,3.753278724820917e-08
DCLK1,6.1866927,2.5318508,6.143965136813875e-10,4.26708288372912e-08
ENGASE,6.1861033,0.6371628,6.166959326292137e-10,4.274940876924593e-08
AL590652.1,6.177736,0.7931032,6.502742177020363e-10,4.499184620437094e-08
LINC01630,6.163253,1.956157,7.126554862918643e-10,4.875495972667014e-08
TRIM55,6.1528645,1.0753587,7.609590664034755e-10,5.186566627455048e-08
APP,6.145802,0.33225408,7.956054893390232e-10,5.3967671792218264e-08
MTTP,6.1442394,1.8498135,8.03475469774954e-10,5.435860567325895e-08
ATRX,6.115572,0.38226599,9.621120897151764e-10,6.497096788868113e-08
COQ8B,6.110251,1.2684839,9.947459189070755e-10,6.70510043792226e-08
TRIM2,6.104113,1.0360824,1.0337296381446227e-09,6.955062221641789e-08
LIX1-AS1,6.101846,0.54569834,1.0485029530299667e-09,7.028618421950515e-08
TMPRSS11D,6.081311,1.5448936,1.192035867989781e-09,7.961624964287222e-08
MED13L,6.0720863,0.35145465,1.2625917949846915e-09,8.386955043236785e-08
AC083843.3,6.0417295,0.34413436,1.5247091498462314e-09,1.0037028703870848e-07
OCIAD1,6.0400105,0.537631,1.54104182223411e-09,1.0126332448041411e-07
AC053527.2,6.0311804,0.68556046,1.6276617296595467e-09,1.0676352503094816e-07
TBC1D8,6.0295773,0.4050711,1.6438919453152463e-09,1.0763522198655336e-07
AC104781.2,6.027217,3.703405,1.6680716555213521e-09,1.0902337618524466e-07
EIF4G3,6.014423,0.35796252,1.805284225341147e-09,1.173627139106773e-07
DLG1,5.997177,0.33607608,2.0077698685275387e-09,1.302950087907384e-07
CASD1,5.993829,0.5869148,2.049573335492448e-09,1.3277244894222847e-07
AC002463.1,5.983608,0.4988034,2.182483987442294e-09,1.4113267919500956e-07
TMEM241,5.9628158,0.43188286,2.479279175923541e-09,1.5976073436263647e-07
WRNIP1,5.856402,0.71676046,4.730033483944187e-09,3.010851400797238e-07
LAMA5,5.849011,1.1159748,4.9450407240422795e-09,3.142247144803324e-07
MGLL,5.8160853,1.37786,6.024172790557818e-09,3.814718828844406e-07
GBF1,5.812655,0.4745635,6.148978808476669e-09,3.8803236787768026e-07
ZFAND3,5.7971835,0.2815911,6.743778854983546e-09,4.248348534789204e-07
AC010333.2,5.776552,2.3918185,7.624694703056638e-09,4.779361765791046e-07
SHOC1,5.737317,0.6923378,9.618812994981791e-09,5.997583891470673e-07
MROH9,5.7264214,0.6231299,1.0257132999372426e-08,6.37387648404126e-07
MLYCD,5.702247,0.99344385,1.1823825645406853e-08,7.285586573190847e-07
MRLN,5.701725,1.2445697,1.1860101071931308e-08,7.295656459390888e-07
ZMYM2,5.694301,0.46661383,1.2387843841549262e-08,7.594765032571936e-07
PHF21A,5.689763,0.4563222,1.2721589050963748e-08,7.786335800239535e-07
ARHGAP18,5.6736803,1.5648128,1.397618171838598e-08,8.497379187286466e-07
MAP2K5,5.6570907,0.5775588,1.5396043982630413e-08,9.314224889392658e-07
KDM3B,5.6537495,0.586102,1.5698485145511087e-08,9.481522356614708e-07
COL5A1,5.6468067,0.5200465,1.6345563875369818e-08,9.856078803993586e-07
POR,5.643529,0.7574178,1.665996203616014e-08,1.002913273824831e-06
RNF217,5.6410937,0.84238344,1.6897319305641875e-08,1.0155316648699479e-06
KIF9-AS1,5.6169534,0.91180897,1.9435395383165123e-08,1.1604484607165197e-06
LMF1-AS1,5.6153536,2.0702982,1.9616068768282997e-08,1.1655320340713084e-06
LINC00472,5.6124973,2.1714175,1.994273322687532e-08,1.1830210353919993e-06
AC027288.3,5.6116138,0.342242,2.0044868538893723e-08,1.1871557174628627e-06
LINC02397,5.6109424,2.5927367,2.012277880218563e-08,1.189844631565099e-06
KIAA1549,5.593972,0.5936486,2.2193232638849673e-08,1.3059397231744965e-06
RAD18,5.5716515,0.5153413,2.5233592159637803e-08,1.480087670889268e-06
CASC11,5.5658793,0.5059517,2.6083397885744272e-08,1.5274855136258018e-06
CACNA1B,5.5503297,1.6400031,2.851311503908708e-08,1.6617970120153282e-06
AC019197.1,5.5458927,0.32150698,2.9245850516835868e-08,1.7017923287229086e-06
FAM155A,5.537048,0.40728742,3.076129004549723e-08,1.7814778116380444e-06
PREPL,5.534385,0.67975914,3.123218445993773e-08,1.8031195882072722e-06
PLD3,5.533028,0.558865,3.147493207322695e-08,1.8141952579719362e-06
LRP5,5.529206,0.91763306,3.216836829388469e-08,1.8512491319567197e-06
WARS2-AS1,5.5269275,0.68605304,3.258874998879123e-08,1.8724973914281756e-06
LIMK2,5.52321,0.52371514,3.3286175813684285e-08,1.9095726033803425e-06
TOGARAM2,5.5018845,1.1970369,3.7575301354028416e-08,2.1488962575918657e-06
DISP1,5.482998,0.65944487,4.181780162311112e-08,2.3766667037383388e-06
PNISR,5.444296,0.4502146,5.2010641900914423e-08,2.933191840085314e-06
AL080250.1,5.431137,2.0018542,5.5996132918785416e-08,3.1434270873626766e-06
ZRANB2-AS2,5.419615,0.72536355,5.972758338674574e-08,3.342644158315414e-06
COL28A1,5.413257,1.8440559,6.188852487710753e-08,3.4582929756137597e-06
GIGYF2,5.404677,0.3887758,6.492527698452753e-08,3.6169407350238847e-06
PPM1H,5.3977714,0.4424732,6.747384508236098e-08,3.7532069967469516e-06
EFHC1,5.396205,0.8523478,6.806515344166689e-08,3.7803530821220787e-06
DDX60L,5.391361,2.1623876,6.992593055050126e-08,3.877816642543783e-06
SUMF1,5.386469,0.3764076,7.185530889640014e-08,3.978783904564511e-06
AL390957.1,5.3586593,0.8370392,8.384183059703204e-08,4.614578709296195e-06
ADAM12,5.3546357,3.859755,8.572892363906079e-08,4.7113578590289245e-06
LGR4,5.3401084,0.6164887,9.289114334522111e-08,5.066928073887388e-06
N4BP2L2,5.3354025,0.52102804,9.53329250243361e-08,5.192381530975781e-06
PALM2-AKAP2,5.3310432,0.5152798,9.765012127700595e-08,5.30280725350103e-06
MEF2D,5.3259535,0.70408726,1.0042486104410336e-07,5.437352572596489e-06
CCSER1,5.320651,0.32242927,1.0339658889386424e-07,5.589983087303286e-06
WRN,5.3171163,0.38582832,1.0542483798370559e-07,5.6912308186454395e-06
FGF1,5.260978,1.8471738,1.4329107812945718e-07,7.611896590154227e-06
IGSF21,5.258424,0.4003526,1.4529531612281458e-07,7.707179515088603e-06
AC092666.1,5.2420506,1.1056895,1.588019233850669e-07,8.375085299447888e-06
BICDL1,5.240857,0.9680639,1.5983234545901108e-07,8.417300253446423e-06
PRH1,5.2394066,0.5661878,1.6109366104276186e-07,8.471536045727194e-06
AC106793.1,5.220095,1.4048215,1.7883140749615533e-07,9.363960437434595e-06
A2M,5.214211,0.7446574,1.8460142022691342e-07,9.652280831036082e-06
TRIM8,5.1957307,1.2267487,2.0391735692800163e-07,1.0601674972900267e-05
PALLD,5.1813188,0.5677524,2.2032279036964546e-07,1.1438346738041692e-05
B3GALT5,5.177478,1.7394538,2.2490559890419217e-07,1.1659730631008976e-05
SARDH,5.165102,2.2385871,2.403080844961125e-07,1.2440616974034248e-05
CCNI,5.1604667,0.5874169,2.463347880734775e-07,1.273460392412055e-05
GPR135,5.155534,0.7273266,2.529097264472891e-07,1.3037674503798913e-05
ATP1A1-AS1,5.1486053,0.8875996,2.6243036836011046e-07,1.3509442914695362e-05
SORL1,5.1339135,0.668602,2.8377830681930835e-07,1.4567419085404635e-05
SPAG6,5.119278,3.452037,3.067077132690742e-07,1.5722421587340873e-05
RAB11A,5.1127634,0.3576713,3.1747950424441174e-07,1.620650953256585e-05
FAM53B,5.110526,0.43485206,3.21262601346097e-07,1.6376786172518796e-05
PPARG,5.1034193,1.0906856,3.335711616943288e-07,1.693347862576162e-05
CBWD1,5.0897303,0.4714444,3.585728229492419e-07,1.8152315204377873e-05
AC007666.2,5.078149,0.60926515,3.8113047445658395e-07,1.9241043442186796e-05
C1QTNF7,5.0633564,0.9237556,4.1193897424349964e-07,2.068227489202514e-05
ARHGEF7,5.0614767,0.5579529,4.160210846407394e-07,2.083007895887237e-05
EPHB1,5.04771,1.3791977,4.471371746128086e-07,2.2357469573775147e-05
UNC5D,5.0444884,0.62723154,4.547367339496958e-07,2.270345508331982e-05
CNOT4,5.0318065,0.3521085,4.8587971709625e-07,2.4162613485651968e-05
GTDC1,5.0042987,0.54883766,5.606577385835046e-07,2.77681108117657e-05
DLGAP2,5.001323,1.8591657,5.69382144537547e-07,2.8162102530025352e-05
NKAIN2,5.000816,2.2201388,5.708820053560406e-07,2.8198181211925026e-05
CRBN,4.9993505,0.7212016,5.75237598989227e-07,2.8375028787876954e-05
FBXW4,4.998325,0.53358245,5.783044393000052e-07,2.8449624708090716e-05
CABLES1,4.994984,0.442138,5.884064908855839e-07,2.8907739560943972e-05
BCAR3,4.9757395,0.95187664,6.499905660552699e-07,3.17627566197449e-05
HECTD4,4.966872,0.42903468,6.804141298891525e-07,3.32051167574305e-05
AC106791.1,4.960783,0.926794,7.02096160447392e-07,3.421760528433421e-05
TCF12,4.95089,0.2260491,7.387474767685423e-07,3.590822894715195e-05
RAPH1,4.950596,0.40640664,7.398666441657323e-07,3.5914932417917726e-05
PFKFB3,4.9478626,0.45404288,7.503290030719286e-07,3.637455873037835e-05
CPNE5,4.938026,1.7254289,7.891743313801132e-07,3.815663104734944e-05
MYO5B,4.933663,0.9002551,8.070164697796518e-07,3.880252776473111e-05
CAMKMT,4.9253364,0.24444005,8.421533062012762e-07,4.0345095759519516e-05
STAC3,4.916417,2.4640436,8.814253669833189e-07,4.206134270789629e-05
AC073957.3,4.9153805,0.69441825,8.861023688003124e-07,4.2229469792265926e-05
CLTA,4.9078445,0.4580029,9.208287434403893e-07,4.382737690333119e-05
KREMEN1,4.905719,1.2995157,9.308574612386193e-07,4.424716095947364e-05
HCG18,4.8968368,0.60537964,9.739165887715474e-07,4.6173991017652076e-05
RFX3-AS1,4.8842444,0.61378205,1.038262009787029e-06,4.916096742589268e-05
SMC5-AS1,4.8768425,0.36432108,1.0779734251991986e-06,5.0843950174891575e-05
UGT3A1,4.8645597,0.47351235,1.147118066107792e-06,5.3896878482171115e-05
G3BP2,4.8485856,0.46013156,1.243449906971082e-06,5.812453390172232e-05
KIAA2026,4.843887,0.54591644,1.2732332717871757e-06,5.933747140279989e-05
SETD7,4.841493,0.8391762,1.2886713202686735e-06,5.993222235470613e-05
AC006019.1,4.834002,1.2966028,1.3381533457133868e-06,6.191877447086684e-05
BACH1,4.821939,0.37483066,1.4216941624610482e-06,6.570129803060206e-05
NLK,4.8136125,0.3456244,1.482261089143351e-06,6.841391944985598e-05
AC092832.2,4.8079896,0.9828231,1.5245587209413013e-06,7.001301599143358e-05
TBC1D5,4.79995,0.27577114,1.587052828560815e-06,7.270052638066882e-05
HSPG2,4.7982683,1.1137956,1.6004334969056465e-06,7.322183302530445e-05
AL645568.1,4.787481,0.53923756,1.6888800293623424e-06,7.717190755891522e-05
TMCC2,4.784781,1.0969656,1.7117388959576474e-06,7.811889692137887e-05
CDH15,4.776678,0.55561024,1.7821465011082505e-06,8.092846660925939e-05
JMJD1C,4.7679524,0.20510308,1.8610750683646395e-06,8.430347596189873e-05
STAP2,4.767058,0.8430095,1.869357626948961e-06,8.457399073418902e-05
LINC00685,4.75966,1.1515068,1.9391965736611547e-06,8.751730430650051e-05
ERBB4,4.749868,1.8497584,2.035497664016166e-06,9.141257668792109e-05
RNF217-AS1,4.7350345,1.8106127,2.190180347752445e-06,9.799852189252718e-05
GLRX,4.7333193,0.54308605,2.208778827159298e-06,9.858965104007007e-05
ABI2,4.7311897,0.3598093,2.232076238790051e-06,9.950818808277059e-05
CORO1C,4.721111,0.45432773,2.3456014078026435e-06,0.00010444204030046782
CELF2-AS2,4.693476,0.34018967,2.686012126246129e-06,0.00011902025403478763
NEXN,4.6853886,0.7623558,2.7942960040063553e-06,0.00012366871589194271
ZNF160,4.6850343,0.7904722,2.7991332233509583e-06,0.00012373318249742565
ACOX3,4.6843963,0.9530395,2.8078604740991675e-06,0.00012396924151086085
DYRK1A,4.673221,0.30698252,2.965122775721394e-06,0.00013028386400261555
KRCC1,4.659674,1.0139114,3.1671033073040856e-06,0.00013882532712651118
FBXL17,4.6540546,0.29521313,3.2547028014883956e-06,0.00014232422608993642
AC068774.1,4.650117,0.48947564,3.3174660788002267e-06,0.00014472297491080705
OXTR,4.61168,0.6803622,3.994274347250682e-06,0.00017280666121007355
AC087286.2,4.6040025,0.49462208,4.14447772530838e-06,0.00017909330486896345
RDH5,4.582584,2.0894616,4.59265538505919e-06,0.0001979926734376342
AC009120.2,4.5809283,0.61877847,4.6291676394219746e-06,0.00019933195855351021
SLC25A13,4.5796604,0.33580148,4.657315298314618e-06,0.0002003083398749863
AL356124.1,4.573135,3.7399266,4.804805819273128e-06,0.00020616728932147215
WSB1,4.5683656,0.45407304,4.915418937105516e-06,0.00021042017370409238
ADAMTS20,4.559868,0.99873424,5.118587585328555e-06,0.0002186060959283669
AC122697.1,4.555371,1.6452326,5.2293292479655514e-06,0.00022281569243863463
PHLPP2,4.53315,0.52318263,5.8110412889431794e-06,0.0002461688914544089
CCDC148,4.517575,1.0466155,6.255188896503848e-06,0.00026376286728218586
POMGNT2,4.5103784,0.697719,6.4712129644360475e-06,0.0002722446732314066
TBX15,4.5076785,0.64985025,6.554076389320968e-06,0.0002750983370705697
AC007780.1,4.5023127,0.8398881,6.721796912813274e-06,0.00028181499290478657
AC097376.3,4.4982557,0.50009066,6.851324721269863e-06,0.0002869168605528584
AC009242.1,4.496071,1.5359398,6.922074564994374e-06,0.0002895484013181247
AC104667.2,4.4940233,1.8274581,6.988990881410147e-06,0.000291680792759969
RBM24,4.4921813,3.1484234,7.0497318516555045e-06,0.00029388067824879626
NCKAP5L,4.4881544,1.1117278,7.184289223462617e-06,0.00029813171186842996
ENO4,4.4816923,0.3579372,7.405350399966563e-06,0.0003060034183486295
LINC01340,4.4813232,1.0723777,7.418173264910298e-06,0.00030610209658284306
AEBP2,4.4695845,0.390333,7.837166013305717e-06,0.00032266379443532346
PLXNA4,4.461206,0.43008313,8.149975574712703e-06,0.00033516545619107825
PACSIN1,4.446999,0.6684079,8.707827754207229e-06,0.00035690392343979706
MYO1D,4.437013,0.75115037,9.121576932243876e-06,0.0003721949133746467
PHEX,4.420375,1.3498839,9.852981740739276e-06,0.00040069887188088694
EFCAB13,4.410098,0.45181346,1.033237696379317e-05,0.0004192631144698379
ZEB1,4.409479,0.2647627,1.0361952133997004e-05,0.000419997574813316
ABAT,4.398595,2.1953685,1.0895410888975787e-05,0.0004396724740324176
COG5,4.382594,0.30441943,1.1727446832049246e-05,0.0004696239403718101
GNG12-AS1,4.372623,0.38324738,1.2276251391926116e-05,0.0004905273768514058
AC021134.1,4.36568,1.8472861,1.2672786683099954e-05,0.0005058197005323243
AL136441.1,4.3618765,1.007013,1.2895159042631491e-05,0.0005141347670145482
AC091045.1,4.3544526,1.1270591,1.3339992385220372e-05,0.0005301379601427263
CC2D2A,4.3538113,0.39409298,1.3379100428010353e-05,0.0005311154607002245
FRMD3,4.343143,1.7387705,1.4045874037429674e-05,0.0005569805369923766
GRIK3,4.3388844,0.58991516,1.4320776176781945e-05,0.0005672670225610346
AMPH,4.3368,0.99047816,1.4457201860793979e-05,0.0005720519408723465
PBXIP1,4.3327913,0.69561505,1.4723050112900464e-05,0.0005819420703912202
RPL34-AS1,4.316914,0.96357006,1.582257123749403e-05,0.000623697932704189
AC025434.1,4.3156238,0.828276,1.5915275657736776e-05,0.0006257719448300259
ANTXR2,4.315594,0.49478334,1.5917425224358736e-05,0.0006257719448300259
ZNF37A,4.3090315,0.4513281,1.6397117840886103e-05,0.0006432485638738181
GRIP2,4.3042064,0.6803185,1.6758556838782306e-05,0.0006560213249799692
SNHG22,4.3026886,0.6703504,1.6873800720534348e-05,0.0006598269018934591
MYL4,4.2995973,2.2934797,1.7110875874887935e-05,0.0006683833168588829
IGDCC4,4.2992506,0.57908565,1.713766890685036e-05,0.0006687162256499254
CYB5R2,4.290689,0.93968517,1.7811958398231043e-05,0.0006942869960954786
DMPK,4.2897234,1.3903564,1.7889588825403127e-05,0.0006965711070197658
EXOC7,4.2860317,0.72695506,1.818930420596471e-05,0.000706737498134304
GARS-DT,4.2825003,0.6938508,1.8480473624108665e-05,0.0007165294651652555
VPS50,4.2781677,0.43665722,1.8843816519477674e-05,0.000729843945427939
MTMR1,4.2697816,0.5326428,1.9566468603038136e-05,0.0007562326476661022
MAN1A2,4.250749,0.40252066,2.1305656418134394e-05,0.0008148467403972172
ANKRD10,4.2495337,0.55371124,2.142160099661974e-05,0.0008184259061349468
PTPRD,4.247438,0.2511192,2.1622892486520886e-05,0.0008252549404579258
FAM78B,4.244153,0.59357804,2.1942067870194624e-05,0.0008365641938718681
UBAC2,4.2438884,0.32887608,2.1967984629164957e-05,0.0008366807548512659
LINC00469,4.2369266,1.5450002,2.26600362548698e-05,0.0008621413585909454
WDFY3,4.2320266,0.29988664,2.315949122234696e-05,0.0008784047028281049
BTBD9,4.225703,0.29870597,2.3819645182463726e-05,0.000902508109030388
DPYSL5,4.2112494,0.36545107,2.53962047463384e-05,0.0009602546383478634
HPGDS,4.2075768,0.793915,2.5812392734096664e-05,0.0009729756812159341
LINC01238,4.2068233,1.6482615,2.589854079073932e-05,0.000975218612635648
AL356599.1,4.206432,0.42550665,2.5943428666003222e-05,0.0009759048639305076
PRKAR1A,4.1821647,0.6341296,2.88746992500941e-05,0.0010806164286837365
AC125421.1,4.1782827,1.2105038,2.937184238230951e-05,0.001098098879504505
SHPRH,4.16616,0.35251975,3.0977305584420925e-05,0.0011522361399343398
PKNOX2,4.1583967,0.39684638,3.204890692450098e-05,0.0011884721806926651
STK32C,4.1532583,1.0109274,3.2777430662164453e-05,0.0012125161707400899
AL359232.1,4.1525908,0.5159272,3.287321122396226e-05,0.001214119479322142
FAM120B,4.1517816,0.374337,3.2989681644111183e-05,0.00121719288090334
NME6,4.1506405,0.72903365,3.315458734908412e-05,0.0012220298496653905
ZNF717,4.150413,0.56512594,3.3187554180689e-05,0.0012220298496653905
AL356489.2,4.1500516,1.4554998,3.324004098218326e-05,0.0012227324019988839
NUTM2B-AS1,4.1486683,0.3545124,3.344151792354956e-05,0.0012289086320480295
TXNIP,4.1448274,1.1808239,3.400697285591323e-05,0.0012484345170504314
AC012404.1,4.1395583,0.3435314,3.479747854453247e-05,0.001274595798792576
ERP44,4.133555,0.39989313,3.5719462323373454e-05,0.0013047585234508899
SLC44A3,4.13228,1.0272608,3.5918277098218046e-05,0.0013107127219061602
AKAP7,4.126381,0.6373606,3.6851691444085686e-05,0.0013420982672089354
FAM117B,4.122279,0.43169445,3.751423959896121e-05,0.0013635140849668115
AFAP1L1,4.1212983,0.6674053,3.767431561642411e-05,0.0013679738351951773
TRRAP,4.1208286,0.31824836,3.7751235569257634e-05,0.0013694082983849343
AC106897.1,4.117219,1.5159975,3.8347168181558575e-05,0.001388273692001212
CSGALNACT2,4.113781,0.5814901,3.8923076332234526e-05,0.0014063410827602329
CDHR3,4.0929666,0.43913087,4.258892595098052e-05,0.001532740687051955
BCAT1,4.0911355,0.23927191,4.2926596422201776e-05,0.0015433755949400857
FN1,4.0907965,0.83367735,4.298945726385881e-05,0.0015441188668444516
SPPL3,4.089991,0.330451,4.3139015236085385e-05,0.0015479716633881972
FBXO10,4.088984,0.34240848,4.332665684824373e-05,0.0015531821423139752
LGALS3BP,4.0841923,0.9301586,4.423035210290825e-05,0.0015840265335797896
KDM5B,4.0799866,1.1655947,4.503834320075928e-05,0.0016103552674950822
RBM41,4.079028,0.6428467,4.5224381453856714e-05,0.0016148854493586435
AC124312.5,4.077074,1.2086074,4.5605957049534106e-05,0.001626923619853799
DDX17,4.068729,0.32560548,4.727029850250013e-05,0.0016830157543677113
EXOC6B,4.0671926,0.35873976,4.758290258246713e-05,0.0016924993366578033
RARA,4.064668,0.92608553,4.810083530696906e-05,0.0017076029806696164
SEL1L3,4.063154,0.62547785,4.841400098993144e-05,0.0017153928850266026
GNE,4.056103,0.45037678,4.989825233931847e-05,0.0017628628705322349
TMEM161B-AS1,4.051617,0.44278008,5.0864829167234845e-05,0.0017952783147058462
CD44,4.0507483,0.48470914,5.105407804392687e-05,0.0018002218790807007
TOB1-AS1,4.0466356,1.7339396,5.195905707633358e-05,0.0018286090846643128
SGCA,4.034073,0.9888121,5.481828244348031e-05,0.0019200037853720792
TBCK,4.028286,0.2942088,5.6185020959074176e-05,0.0019641145674527925
CTBP2,4.0206156,0.22733052,5.804627308903661e-05,0.002023382515554123
FGF5,4.0186877,2.1974702,5.852317497461789e-05,0.0020361280677243243
ADK,4.0178337,0.22604685,5.8735597606809645e-05,0.0020415779753151374
TASP1,4.011957,0.3306842,6.021743689569982e-05,0.0020910990586522856
LINC01505,4.0050216,0.39347592,6.201185109032903e-05,0.0021452700961787645
SPON1,4.004145,0.2507407,6.224213371434215e-05,0.0021512033390733115
LINC02391,4.0014043,1.3356601,6.296761638974111e-05,0.00217422427120841
PHF14,4.000707,0.2789654,6.315346830714934e-05,0.002178586327530606
LINC00960,3.9898078,0.3984826,6.612687588550003e-05,0.0022747272408695364
AIG1,3.9895728,0.989184,6.619239786595152e-05,0.0022748431495696634
FBXL20,3.9875405,0.49374995,6.676178536704003e-05,0.0022922590114625068
HERC4,3.9810262,0.3182291,6.861836193282922e-05,0.0023537963121869564
LARGE1,3.980702,0.28222904,6.871208402540735e-05,0.0023548042953313994
ABHD8,3.9786437,0.44382006,6.93095625805894e-05,0.002370840467301077
PCBP1-AS1,3.9710777,0.43952957,7.15482395214464e-05,0.002442851786123563
LINC01473,3.961763,0.34058362,7.439836666016797e-05,0.002530719905324171
AC015813.1,3.9600253,0.45352456,7.494180227262839e-05,0.0025458779994938343
SERPINI1,3.9594884,1.9520575,7.511048866192183e-05,0.0025458779994938343
ARMCX4,3.9594512,0.6633855,7.512221631795144e-05,0.0025458779994938343
CCDC196,3.9570944,0.4556699,7.586692724861323e-05,0.002566363589858126
TAPT1-AS1,3.9528995,0.6786857,7.720986323933754e-05,0.0026091576757171046
TBC1D22A,3.952258,0.32267988,7.741715351571748e-05,0.0026091576757171046
TTC3-AS1,3.9513335,0.84405196,7.77169636683805e-05,0.002616852426151237
BPTF,3.944737,0.24858026,7.988758813708923e-05,0.0026850005632741993
SDK2,3.9416087,0.30969027,8.09369902760678e-05,0.0027177750285269334
ABTB2,3.932402,0.3626663,8.410126625663096e-05,0.0028093524551466684
TRAPPC11,3.9305563,0.6321444,8.474957104039356e-05,0.0028250628867481278
INVS,3.9258876,0.2746017,8.64104660605974e-05,0.0028778066135431535
HSPB1,3.9233968,0.31865844,8.730916545174535e-05,0.002905093422453938
SUPT3H,3.9205666,0.24241886,8.83410080346325e-05,0.0029340918648598766
PRR3,3.9088206,0.6849377,9.27477544775739e-05,0.0030776614339380615
MEF2C-AS1,3.905629,0.96484625,9.398067227611033e-05,0.003112929037084085
MAPK8IP3,3.9040031,0.44106027,9.461458747675944e-05,0.0031310926909917476
NNAT,3.8980181,0.94558084,9.698311413337617e-05,0.0032036813721982864
CCDC102B,3.8929954,0.48556024,9.901400209655639e-05,0.0032678191981389184
ZNF33A,3.891105,0.3349662,9.978876019883415e-05,0.0032899876429078783
BDNF-AS,3.8874395,0.73033345,0.00010130723701599571,0.003334483976638902
SLC38A10,3.886276,0.66559184,0.00010179373728146868,0.0033444816680781287
LINC02408,3.8815105,0.6549065,0.00010380962793389475,0.0034015543348330187
ARMH3,3.8674304,0.34810668,0.00010998818791296696,0.0035943550587522353
USP53,3.8609421,0.4977365,0.00011295060842170365,0.003678029554130583
MEF2C,3.855994,0.48325416,0.00011526029511569877,0.0037499040546930583
FAM222A-AS1,3.849282,0.46129584,0.00011846451205199935,0.003847311096375535
PLS3,3.8412576,0.8053484,0.00012240557175053555,0.003954250954670213
RAB17,3.8233032,1.5656307,0.00013167571213613927,0.004223893724710634
STIM2,3.811177,0.33349338,0.00013830672576295314,0.004424968942001615
JPX,3.8077688,0.2957863,0.0001402263036106218,0.004478554047515156
OGDH,3.8050392,0.500956,0.0001417817131245191,0.004520341883336693
FAM227B,3.800505,0.45999882,0.00014440153324260543,0.004595999647285764
C2orf88,3.7968395,0.5324172,0.00014655261571818983,0.004656225944358911
ATP6V0E2,3.7931628,1.2809993,0.00014874054784607345,0.00471974756894227
CLHC1,3.7901723,0.46150944,0.00015054282688899934,0.00475907660414901
DUSP27,3.7901275,3.5254433,0.0001505699491162688,0.00475907660414901
ANXA11,3.7896278,1.2726922,0.00015087312664589932,0.004764544700920242
AC063944.1,3.7842658,1.3605548,0.00015416300709003255,0.004860051871233661
TRAM2,3.782148,0.72649384,0.00015548099591314784,0.004893172769920141
DLG2,3.7721322,0.29062822,0.00016185852422815762,0.005078167089962357
KDM4C,3.7720463,0.23855247,0.00016191418250829405,0.005078167089962357
TMEM168,3.7709277,0.47491705,0.000162641811440094,0.005096620668252466
PSD3,3.770115,0.2147005,0.00016317248411903168,0.0051088760404111875
SPON2,3.7535362,0.3087507,0.00017435727471966258,0.005426573649672083
FIRRE,3.7523432,1.0932935,0.0001751895046903521,0.0054478428727031255
AC025159.1,3.7496881,0.84733254,0.00017705463822021897,0.0055004270591393345
AC079210.1,3.7443297,1.7586544,0.00018087597529961862,0.005600881194535822
AC083902.1,3.7413876,1.77902,0.0001830069621688134,0.005662077618208571
CASZ1,3.73965,0.28423744,0.0001842766314551857,0.005691737542524264
SLC3A1,3.7361896,0.5658842,0.00018682977579538877,0.005760873314142397
AC023480.1,3.7319574,0.471853,0.00018999763134214134,0.0058486991629551855
RCN1,3.7301452,0.40581805,0.00019136946511553709,0.005881035930053546
ZFYVE28,3.7238584,1.1281656,0.00019620104817713653,0.006019408687620599
SELENOW,3.7214384,0.54476994,0.000198091262938127,0.006072310146397309
ZNF91,3.7190816,0.43874002,0.00019994839803639316,0.006118989395091996
SH3YL1,3.718664,0.6191618,0.00020027921208997344,0.006123992850213132
C4orf54,3.7177653,0.52519464,0.0002009927975314886,0.006140682289190329
SMARCA2,3.7173626,0.43339884,0.0002013133529916087,0.006145346149162528
TMCC3,3.7031744,1.8098422,0.00021291842160101027,0.006456526221225002
WIPI1,3.7023315,0.5255357,0.00021362710619569336,0.0064726537366461695
HEATR5A,3.695944,0.49840584,0.00021907115121648263,0.006621158716494204
MYOT,3.6934085,1.1164128,0.0002212681440016208,0.006676533667438848
PPP3CB,3.6930356,0.33201176,0.00022159297037338234,0.006680827272352691
TMCC1-AS1,3.685675,0.8532606,0.00022809740704823593,0.006865619404089213
PPFIBP1,3.6827254,0.4462677,0.0002307537416603079,0.006928480474576644
ZNF397,3.680104,0.52151906,0.00023313889510739825,0.006982910556322327
MYO5C,3.6760209,0.77251434,0.00023690016519169852,0.0070839729952462075
KCNH2,3.672538,0.5974459,0.00024015332825318868,0.0071695366781361815
LRTM1,3.668425,1.6220661,0.00024404909275040797,0.0072680560160762265
AC008883.1,3.667519,0.5233709,0.0002449152939994812,0.007287922500548789
TARSL2,3.6656284,0.53037375,0.00024673184745966026,0.007336013280967527
GRAMD1B,3.66294,0.37980074,0.0002493369266855181,0.0074074519915719545
AL139021.2,3.6615603,0.45707333,0.0002506837862239362,0.007435394861898126
TNRC6B,3.6610906,0.30086073,0.0002511440018744109,0.007443013451502278
AZIN2,3.6553333,2.1311417,0.0002568481961994272,0.007599758148015549
HIST1H2AC,3.6367037,1.0735056,0.000276149161107705,0.008157655726959733
MYO6,3.6364763,0.42501873,0.00027639300917027765,0.008158274619872043
SGPL1,3.6351116,0.6274523,0.0002778603403987342,0.008194976888746229
IGF2R,3.628765,0.33808625,0.0002847802424305649,0.008385552416090993
KIAA1109,3.6248498,0.3201271,0.00028912946459065084,0.008499941793961775
CCNY,3.6242344,0.21785325,0.00028981854496649647,0.008513361608602518
ZEB1-AS1,3.6204908,0.59224474,0.00029404476813538514,0.008630579437468509
ESCO1,3.6108294,0.46492624,0.000305219524397886,0.00893707184998962
MBNL2,3.6019397,0.34168133,0.0003158516473659207,0.0092188884730782
UTY,3.6006384,0.27710235,0.00031743689617677183,0.009250404328794606
SOX8,3.5921552,4.983655,0.0003279544556255179,0.009534123137688307
ERCC6L2,3.5894592,0.35030377,0.00033136466786198876,0.009617984304850634
AC022558.2,3.5885122,0.31637555,0.0003325705791973898,0.009637700529852465
CHRNG,3.5882957,0.8444606,0.00033284652010124905,0.009638066046064727
AL031768.2,3.5857341,0.80058753,0.00033613133161895114,0.009725488433664213
SLC39A10,3.5851598,0.35231653,0.0003368718148085418,0.00973921429210698
ANGEL2,3.5848243,0.47315422,0.0003373052710643635,0.009744049113044015
MTHFD2L,3.5833812,0.27986264,0.0003391750859796206,0.009790337004684615
TRIM72,3.5713892,0.71507394,0.00035509278781431183,0.010217571640559456
WDR70,3.5626936,0.27516195,0.0003670691680040003,0.01055388736693984
THSD4-AS1,3.5565932,0.5145082,0.0003756953957606503,0.010776510329338216
PHC3,3.5525286,0.31194285,0.0003815474888525312,0.01093580238018128
ADAMTS18,3.5510893,0.8857977,0.0003836402300217031,0.010987180014886038
LINC00907,3.5463798,0.7430947,0.0003905629401923257,0.011159246037454577
PPA2,3.545854,0.30604514,0.0003913429860759702,0.011172811726494997
AC018682.1,3.542774,1.114729,0.00039594193810620835,0.011286503797994807
CTNNA1,3.5394814,0.3492604,0.00040091406513492706,0.011401597278945972
MAML3,3.5388548,0.26701415,0.0004018666447822507,0.01141981449198382
MORC3,3.5327098,0.40016603,0.0004113237588401995,0.011652369115565126
C3orf52,3.5293462,1.049304,0.0004165875431570694,0.011774147233275597
SOS1,3.5251215,0.2614417,0.00042328851773593807,0.011945091008213624
BMERB1,3.5150836,0.4839923,0.0004396157847340212,0.01238726339250781
DNM3,3.5150723,1.0340239,0.00043963430362196784,0.01238726339250781
SBF2,3.5133047,0.2560815,0.0004425694522390348,0.012460372708769934
AP001442.1,3.5073385,0.30156323,0.00045261275738083206,0.012723563389320918
ZCCHC24,3.5005186,2.040115,0.0004643538929969352,0.013023614434927836
PPP4R3B,3.4972856,0.31595522,0.0004700182634570322,0.013172387795398801
MYLK4,3.4902008,2.3928201,0.00048265769692536675,0.013505928413734975
ZBTB7C,3.4898689,0.38496125,0.00048325745705949064,0.013512380585053031
PSEN2,3.4757962,1.2416261,0.0005093390795865274,0.014198263253576916
ZNF518A,3.4737751,0.3233208,0.000513190761027988,0.014294745087051286
TRPM3,3.4678016,0.5722452,0.0005247345592400767,0.014571934448213995
CRADD,3.4663475,0.30577934,0.0005275812435064457,0.014639879525079167
SESN1,3.4599597,0.38749605,0.0005402560174337762,0.01496889515071434
FBXO38,3.4591954,0.46370062,0.000541791710085782,0.014988959130860537
ASMTL,3.4589381,0.51471746,0.0005423095158977281,0.014991633604402834
ARID4A,3.4543142,0.27166656,0.000551693964230594,0.01522816801267268
GNPTAB,3.4523716,0.44934523,0.0005556818963741386,0.015303621587050297
INKA2,3.447017,0.40862253,0.000566813011505011,0.015575017292864046
MBTPS1,3.4438102,0.35078317,0.0005735783321566061,0.01573945721702253
LINC00332,3.4437728,2.7258465,0.0005736574390729231,0.01573945721702253
ARHGAP23,3.4426205,1.4020294,0.0005761068555894979,0.015794821738899782
KIAA0556,3.4402304,0.6111014,0.0005812190924130733,0.015911144354084437
PIGF,3.4402304,0.4232963,0.0005812190924130733,0.015911144354084437
TPCN1,3.438627,0.39529315,0.0005846721538995416,0.015993711139669
USP12,3.4335334,0.42401272,0.0005957687670485261,0.01623658424627186
ATXN1,3.432564,1.3685229,0.0005979029424774793,0.016282623212513555
MRPL1,3.4249496,0.3198926,0.0006149135040265071,0.01672098748950534
DARS,3.4222834,0.2936497,0.0006209753873386177,0.016845262454882187
NPTN,3.4221306,0.34053048,0.0006213246718420522,0.016845262454882187
CBR4,3.4184837,0.30959734,0.0006297107662742193,0.017047369642309688
AC096719.1,3.4177902,1.079154,0.0006313175372703696,0.017078235906602214
RFX7,3.4153478,0.21674404,0.0006370062041360435,0.017206689356150058
TSPAN11,3.4126332,0.41426247,0.0006433848043283617,0.017340594420635028
CEP112,3.4119322,0.24631658,0.000645041649899872,0.01737245726856896
AC006019.2,3.4076402,1.394474,0.0006552722522636525,0.017635014489045545
TMEM132A,3.4061115,0.5935714,0.0006589528184560996,0.01772103755202917
SLC9B2,3.4037025,0.4074401,0.0006647909809681817,0.017851808286439046
ACOT8,3.3973002,0.976705,0.0006805428187631559,0.0182213223917705
SDCCAG8,3.3960397,0.29504475,0.0006836842329296085,0.018292051615099857
PZP,3.395805,0.67868364,0.0006842712510553761,0.018294384265798262
PIGN,3.3943915,0.27593607,0.0006878125759150539,0.018375640942384593
STX3,3.3897343,0.30625808,0.0006996039980555772,0.018649822238042377
LPGAT1,3.386177,0.43433753,0.0007087366619020907,0.018865796772566126
ARSG,3.3806658,0.26028427,0.0007231045860654781,0.01923426668210942
BCL7A,3.3729022,0.44997132,0.0007438035831207957,0.019756135664589437
MYO18A,3.3697624,0.9235907,0.0007523298627460555,0.0199536415263539
APTX,3.368286,0.32267112,0.0007563711485483426,0.020046300078217155
NPEPL1,3.3603995,0.7440403,0.0007782987455349492,0.02057567892183061
IL3RA,3.3599744,0.6460857,0.0007794972573133981,0.02057567892183061
MAP4K1,3.3575394,1.8607997,0.0007863954941214219,0.020722002505643027
STK25,3.3563945,0.45425177,0.0007896581597981846,0.02079300597609594
RHOQ,3.3556638,0.6502088,0.0007917477310041707,0.020818073780519867
SENP6,3.3551826,0.20884219,0.0007931258091231708,0.020834159499967773
BBS9,3.3548546,0.72729367,0.0007940671703629694,0.020834159499967773
ARHGAP12,3.3455436,0.28007957,0.0008212144022832776,0.021530994511440003
DAG1,3.3425345,0.6555947,0.0008301705380513105,0.021750230396002875
TRAF5,3.3416507,0.3800034,0.000832817940553797,0.021788398457619387
RNF32,3.3395848,0.56239134,0.000839036962785505,0.0219197657922286
PIK3C3,3.336766,0.34572372,0.0008475930850485514,0.022111728086858184
SENP2,3.336393,0.7766662,0.000848730887670823,0.022125640469828914
NGEF,3.333272,0.66923726,0.0008583099928754669,0.02234353061823255
SEMA6A-AS1,3.3243525,0.7189299,0.0008862408731506469,0.023007332353039145
EPC1,3.3215523,0.2656797,0.000895182455957965,0.023204371862972716
ZNRF2,3.3209183,0.37745994,0.0008972180888741502,0.023240678889513637
BRWD3,3.320236,0.41712806,0.000899414182503523,0.02326463497795862
KCNV2,3.3137403,0.7550627,0.0009205699325993724,0.023711316047198894
C10orf25,3.3106453,2.6387289,0.0009308112386852735,0.023941406990245745
RPS4Y1,3.309825,0.34729117,0.0009335434451142655,0.02397798149798402
CSDE1,3.3040452,0.2839757,0.0009530046728385997,0.024389478336235254
MBTD1,3.3038812,0.31447065,0.00095356256657339,0.024389478336235254
RBM26,3.3032696,0.22931673,0.0009556446548471477,0.02440861829173793
CEMIP,3.302725,0.42399484,0.0009575017634031474,0.024438997240110595
MSRA,3.301088,0.44299272,0.0009631059642331384,0.024530717743143422
CASS4,3.2986422,3.5387487,0.0009715369872408302,0.024711066900626563
SH3GLB1,3.2920718,0.7033837,0.0009945220290123484,0.02526058347250587
AC007038.1,3.290666,0.44027978,0.0009995048742929323,0.02536954084881804
AC097460.1,3.2897003,0.6217036,0.0010029414846995555,0.02543195514756865
IQSEC1,3.2895846,0.3091302,0.0010033535486213255,0.02543195514756865
KMT2C,3.2891335,0.20816696,0.001004963427344006,0.02545513245966641
MXD4,3.2814708,0.9908212,0.0010326725026496692,0.0260826492538137
QKI,3.2788606,0.24187504,0.0010422714146787924,0.026290955236842505
GRK3,3.2696018,0.5407469,0.001076989911903593,0.02709203282857966
OCIAD2,3.2691655,0.41333225,0.0010786519576751559,0.027115206251970038
FAM104A,3.2660668,0.48941123,0.0010905251829739285,0.027357307897209568
PHF21B,3.2637436,0.51011276,0.001099505681065357,0.027555714200328676
NAALADL2,3.2559354,0.472408,0.0011301941978369187,0.028236339819132466
LEPR,3.2547796,0.7140816,0.0011348040987063733,0.028332172453446092
HBP1,3.2529523,0.52082783,0.0011421261801406015,0.028476131007715365
NEURL1,3.2509053,1.4337413,0.0011503817602076674,0.02856521221530586
PPM1F,3.2491975,0.9966879,0.0011573110909896462,0.028717792028008164
GNRHR,3.2421908,0.87602335,0.0011861451969232195,0.029353685160640134
SLC15A4,3.238011,0.46074572,0.0012036620981406604,0.02975784061506239
DCAKD,3.2362807,0.43509278,0.0012109823088139189,0.0299076676686223
STX17,3.2339911,0.39996675,0.001220732184512899,0.030107829302800957
AC104335.1,3.2328203,0.45592824,0.0012257462495231504,0.030211137022758808
LRIG2-DT,3.2311163,0.60892993,0.0012330777842894038,0.030350961656204753
DYNC1I2,3.2241173,0.3215673,0.0012636167759062851,0.031040025244930165
MGMT,3.223379,0.30270284,0.001266878648421958,0.031099279282959146
SLC6A15,3.222991,0.35512653,0.0012685950674008496,0.03109969729533724
TLL2,3.2197545,0.59860337,0.0012830045207076625,0.03141086853673656
ATRN,3.2158914,0.28934446,0.0013004006209328739,0.03175180995781462
CBLB,3.213531,0.40593013,0.0013111365777566787,0.0319926065883148
CRPPA,3.2126324,0.36651108,0.0013152454980513227,0.032071485992122895
NF1,3.2115734,0.22514683,0.0013201027958854024,0.03216849695885594
DCAF5,3.2078483,0.4515395,0.0013373206770923706,0.032544730121182086
HDAC5,3.2045856,0.49639767,0.0013525713666376184,0.032872154442432584
RPL31,3.20265,0.2586196,0.0013616928429070873,0.033049946779338396
AC022784.1,3.199764,0.9146383,0.0013754014170661143,0.03333845514307076
AC024145.1,3.1954758,0.57379997,0.0013960046396067417,0.03375587257581226
AC011239.1,3.1954124,1.2525662,0.0013963113324712373,0.03375587257581226
PDZD2,3.1929402,0.4425333,0.0014083209276592155,0.03400611905385322
NLRC4,3.1928992,0.7858896,0.001408520982640952,0.03400611905385322
NNT-AS1,3.1880033,0.7895011,0.001432589373790345,0.0345188964253459
TENM3,3.1860306,0.23282881,0.0014423930876060935,0.034709421038442226
SLC25A29,3.1848485,0.6943861,0.0014482974963734535,0.034828604904576066
NSF,3.1841774,0.2928774,0.0014516600654936158,0.03486365489313112
MORC4,3.1825292,0.3785439,0.0014599475917070755,0.0350396995436529
PAAF1,3.181791,0.76822037,0.0014636742264506426,0.03510612081410221
APOOL,3.1810973,0.5301674,0.0014671829882495356,0.035144217639346366
ZNF556,3.1789868,0.8862436,0.0014779079262464702,0.03537796468838918
FOXN2,3.1770813,0.26017976,0.0014876526925617485,0.03558795830094938
SHTN1,3.174967,0.25807533,0.0014985346457175265,0.03582486385885512
GTF2I,3.1703472,0.21869458,0.0015225694075484517,0.03635196535269464
AC006206.2,3.1692696,0.47533032,0.0015282264132524066,0.03646324312350152
UFL1-AS1,3.1633778,0.8769371,0.0015594976983834882,0.037136743824680574
GOPC,3.1603014,0.3910468,0.0015760592129030783,0.037506725130991916
AL078612.1,3.1517513,0.784521,0.0016229444111241014,0.038472401808000795
AACS,3.1513672,0.49327862,0.0016250802852975218,0.03847828445200639
GPATCH2L,3.1511397,0.35934785,0.0016263464399129503,0.03847828445200639
ZNF207,3.1506774,0.23840876,0.0016289230614912604,0.03850373689877093
NEO1,3.1448343,0.24683498,0.0016618094020994347,0.039165412702022805
CPPED1,3.1339722,0.52740675,0.0017245724155863986,0.04032205633178763
TMEM220,3.133864,1.3326598,0.0017252080603147298,0.04032205633178763
CHRND,3.130385,1.86631,0.001745773616707718,0.040776681649725074
PCCA,3.1259177,0.20605299,0.0017725109390945785,0.04132301757082342
PIK3R3,3.125862,0.39516053,0.0017728480870073753,0.04132301757082342
TECPR1,3.1257873,0.4786122,0.0017732977092617304,0.04132301757082342
PTTG1IP,3.12421,0.89764583,0.0017828318082119424,0.04150981362109752
NR2E3,3.122532,1.0821122,0.0017930261753058556,0.041702575416685955
SNHG29,3.1224723,0.3952798,0.0017933896261267093,0.041702575416685955
PXN,3.1195676,0.9085114,0.0018111672618451068,0.04206411814335468
DNAJC5,3.1195564,0.39312705,0.0018112360371008163,0.04206411814335468
LAMA2,3.1172519,3.4236646,0.0018254550219541053,0.042367456727040086
AC009139.2,3.1166964,0.6287965,0.0018288985357706425,0.042407555762969604
ZNF248,3.1165993,0.53582907,0.0018295000286803367,0.042407555762969604
LYPLAL1,3.1148431,0.2961879,0.0018404278249618195,0.042579961328336004
TFDP2,3.1087353,0.3612645,0.001878900133986103,0.043360418539738564
OTUD4,3.1083362,0.23147748,0.0018814388071038222,0.043391645733337744
ZFYVE16,3.1081498,0.33594096,0.0018826261827691278,0.04339168823396275
STK33,3.1064458,0.18849091,0.0018935107358381933,0.043587664429191014
PDCD6,3.1059499,0.5170419,0.0018966892914189207,0.04363339079523816
DBNL,3.0995846,0.6968822,0.0019379221309625922,0.04452598111447699
TYW1,3.094476,0.23061915,0.001971608279277474,0.04524315650773344
ZFHX2,3.0899978,0.6967332,0.002001580239627935,0.04581603399038277
ITPR2,3.0873055,0.305916,0.002019799024219479,0.046146481950972006
AFG1L,3.0870893,0.40236598,0.0020212691663981535,0.04615126185860188
CD4,3.0866232,0.65551263,0.0020244409153862847,0.04619486405489614
RXRG,3.07968,0.817825,0.002072231165892288,0.04719709577026984
SLC13A4,3.0771892,0.3379965,0.002089626822977417,0.04753414005456584
SLC35F3,3.0769765,0.5536738,0.00209111736784807,0.04753850110596721
TRBVB,3.07528,0.956809,0.00210305058388732,0.04775046800301476
ZDHHC21,3.0694554,0.2973138,0.0021444937279522696,0.048661261585109125
R3HDM2,3.067893,0.21425797,0.0021557373466262455,0.04888608588839356
TSPAN33,3.0668564,1.5548632,0.002163227111231016,0.04902555758400397
IREB2,3.0658982,0.3160715,0.002170172315569966,0.04914847351098187
AFMID,3.0657377,0.5500047,0.002171336347839067,0.04914847351098187
CCDC32,3.0605845,0.6833579,0.0022090539916662503,0.049940447899306004
GLT1D1,3.0600848,0.5505416,0.002212742881456409,0.049992613007245106
AC113385.1,3.0548496,0.94703954,0.0022517345166349267,0.0507486053222629
INPPL1,3.0540776,1.544679,0.002257536239375566,0.05084805162916005
CXXC4,3.0511954,0.51411545,0.0022793228826057266,0.05124006210050002
TMPRSS11A,3.046646,1.8500522,0.002314100171104802,0.05192491722074729
RABGAP1,3.0440135,0.2515707,0.0023344467088760074,0.05227561068335804
AC104958.1,3.0432415,1.6174049,0.0023404433201047598,0.052360981637624884
FAM13A,3.0413325,0.17288165,0.0023553361599515494,0.05266197849137853
STK3,3.0382488,0.2625364,0.002379574955924245,0.05317144258961128
DUOX1,3.0374954,0.64648134,0.002385530034550389,0.05327198584171981
CDK13,3.0368018,0.20509303,0.002391025485672177,0.0533621486591996
L3HYPDH,3.035482,0.7504858,0.0024015165997353966,0.053531004303846066
COMT,3.0323758,0.27658612,0.0024263697573650178,0.054019196769657545
AC046134.2,3.029031,0.44168383,0.002453395454579043,0.05452138860537192
HIVEP2,3.0269763,3.3998144,0.0024701328095974233,0.05486003092480297
CD82,3.0232363,3.3129036,0.0025008687061704575,0.0554417295666535
SIX4,3.0221772,1.0628688,0.0025096349309114145,0.055568752635383356
BBIP1,3.0219796,1.0357376,0.002511273990332633,0.05557142643298954
INPP5B,3.0214279,0.4727892,0.0025158561730355884,0.05563918537116349
PKD2L2,3.021137,0.78780216,0.0025182741834854343,0.05565902982472849
AC037487.1,3.0137353,0.43026432,0.002580529399089548,0.056897564178359374
FBXL13,3.012378,0.4036107,0.0025920970154638093,0.05710628549856254
ZFHX2-AS1,3.0090256,0.9700138,0.002620869919533308,0.057648112935600127
LINC01121,3.0068815,1.4424447,0.0026394258421698655,0.05800221956487427
SRRM2,3.0013554,0.2079094,0.002687806687764551,0.05883756733186025
PTPN1,3.0005202,0.4041171,0.002695189409962961,0.05892869031902887
LINC00174,2.995117,0.39322495,0.002743395744154264,0.059732913522778236
STON2,2.9943788,0.36094332,0.0027500437683985,0.059842064189746434
TRIM66,2.9926598,0.34147233,0.0027655793080682365,0.06003734771922036
SPG11,2.9914143,0.27341795,0.0027768850272511304,0.0602470473517597
STX18-AS1,2.9879837,0.35292423,0.002808245159151423,0.06089019295317534
MIR133A1HG,2.9866526,1.8679386,0.002820501108347389,0.06108471069030934
UNC13B,2.9782178,0.24525967,0.002899298360172355,0.06264298658835205
LRP11,2.9755778,0.69308573,0.0029243714685796094,0.06310523683615148
RAB1A,2.9717855,0.2947643,0.002960733878738023,0.06374460040922963
C16orf92,2.9708796,0.7745011,0.0029694830861864596,0.06389538532481517
TPT1-AS1,2.9691606,0.46208328,0.0029861462345369123,0.06421617998254144
SCFD1,2.9630451,0.28335834,0.0030461190053050822,0.0653689144909722
AC011351.1,2.962967,1.4614859,0.0030468940226113647,0.0653689144909722
SEC14L1,2.9583282,0.5952801,0.0030931267229496384,0.06620557379337995
PIPOX,2.9547484,0.85031295,0.0031292409891903413,0.06690032093770776
DOK7,2.9525409,2.174665,0.003151702643155315,0.06732385745636867
TBC1D15,2.9517207,0.3741203,0.003160087267287052,0.0674416058717046
CHMP3,2.947507,0.388524,0.0032034750410743734,0.06824818974293546
KCNIP2-AS1,2.9468582,1.0233784,0.0032102040152253504,0.06828879501474741
GPC4,2.9467835,0.9936332,0.003210978285303142,0.06828879501474741
ZSCAN30,2.939945,0.53592056,0.0032827064104624746,0.06973321957593559
DDX39B,2.9363503,0.30727357,0.003320991085929522,0.07034912352088178
STPG2,2.9356344,0.70935565,0.0033286646411537237,0.07046411482409916
MRRF,2.9331434,0.3303776,0.003355488210242789,0.07088160849176356
TBCEL,2.9330838,0.69277143,0.0033561330978996817,0.07088160849176356
TMEM260,2.9305482,0.18016192,0.0033836453722469687,0.07142145574948748
MED21,2.9275763,0.85910475,0.0034161526698047043,0.07206605410231814
FAM174B,2.9197829,0.342283,0.0035027524322758744,0.07380785364060408
WDR27,2.9174151,0.2102079,0.0035294567808494847,0.07428501876703392
CNNM2,2.9154985,0.31161135,0.003551208093051602,0.07465696003089127
ECPAS,2.9146,0.22271952,0.0035614486007360022,0.07470785843365364
DZIP1,2.9145775,0.3189631,0.003561703893523632,0.07470785843365364
IL12RB2,2.9144692,0.6193947,0.003562938043367835,0.07470785843365364
AL356108.1,2.914212,2.111041,0.0035658760329934404,0.07470785843365364
VSIG10L2,2.9130187,0.7093093,0.003579530324385088,0.074951023685823
WLS,2.9096181,0.32281953,0.003618706385525048,0.07564150337898475
PPP1R12B,2.9070153,0.26441678,0.003648952809818857,0.07623020650238584
LINC02099,2.9066052,2.2145388,0.0036537403526599854,0.0762866803466675
DIP2C,2.9042673,0.2314293,0.003681138581631406,0.07681491061932218
PLPP1,2.9002774,0.31409138,0.0037283264386289007,0.0777109772097132
ACAA2,2.8984764,0.81566787,0.0037498067036039434,0.07806978109135833
LINC02284,2.8978312,0.38620046,0.003757527782057293,0.07818605705007334
SEPTIN11,2.8925958,0.2555929,0.0038207254991323492,0.07934140600048781
PRPF40B,2.8911529,0.29008687,0.003838314373903454,0.07951866646080964
WASHC1,2.8911006,0.24038617,0.003838952040552188,0.07951866646080964
TTC13,2.8861449,0.39443305,0.003899924888523,0.08064471799142955
REST,2.8818977,0.35677814,0.003952879315869912,0.08164748072243491
SSBP1,2.8809545,0.33670855,0.003964730069494991,0.08176352324131639
Z99496.2,2.880917,0.5095981,0.003965199140825021,0.08176352324131639
DEPP1,2.8803205,1.729449,0.003972711138764708,0.08187229751685084
RABEPK,2.8710952,0.45877197,0.004090521856960163,0.08406355445625993
LINC00882,2.8682837,1.0408708,0.004127052288089379,0.08471914795084652
AC008467.1,2.8634176,1.678153,0.004190978231895499,0.08588689488555833
NT5C2,2.860744,0.19939196,0.0042264818502476195,0.08651759630923553
AC005856.1,2.8582456,1.0904529,0.004259904509763794,0.08710433796752214
ALG13,2.8574328,0.45115617,0.004270830917882119,0.0872789963290918
LINC01088,2.8541067,0.40144667,0.004315804218380122,0.08809969336136689
BCR,2.8536553,0.4322593,0.004321937819130234,0.08817572247379359
FSIP2,2.8521602,1.2624391,0.00434232141542309,0.08854223182501421
POLG2,2.8508887,0.30092207,0.00435972362368918,0.08874874546754599
AVL9,2.8389823,0.2513871,0.004525765314870852,0.09182235936229936
SPARC,2.8324344,0.9757004,0.0046195025004008225,0.0935672202271304
ADAT2,2.832084,0.40314436,0.004624569548324485,0.0935672202271304
PNN,2.8320467,0.2382229,0.004625108892060181,0.0935672202271304
NUTM2A-AS1,2.8314352,0.26488823,0.004633962260132798,0.09361555470237719
UBE2G2,2.8309057,0.2266188,0.004641640374175079,0.09370583526485496
NEIL2,2.82686,0.8707899,0.004700688982198687,0.0947411439633558
AL161457.1,2.8228402,0.6549278,0.004760029268682064,0.09583159035370309
GPC5,2.811512,1.8348511,0.004930926292009001,0.09894563224441964
PGM5P3-AS1,2.81052,0.7785405,0.004946150716547937,0.09919674650760057
COQ4,2.8099942,0.43114355,0.004954238034637108,0.09930452700205519
LINC01705,2.8057098,1.4132997,0.00502058817189846,0.10057939117660401
ATP11C,2.8052588,0.19589442,0.00502762198936421,0.1006652037378115
AC026412.3,2.8033755,2.4922884,0.0050570742924782985,0.10119954957845718
SESN3,2.7992516,0.5288156,0.005122123317587489,0.10233342551693214
RAD50,2.7962685,0.35167277,0.0051696453703932955,0.10322650856615657
COL4A1,2.7937627,0.2660256,0.005209871398324504,0.10391635043600828
ST3GAL5,2.790418,0.46850622,0.005264006624097597,0.104824758677147
TIMM9,2.7889225,0.25915635,0.005288371489002237,0.10525268345240396
RREB1,2.788643,0.26785263,0.005292939800018401,0.10528635305460517
MAST3,2.7855217,0.6940653,0.005344164545252655,0.10618988410466473
MIR4527HG,2.7797234,0.7541991,0.005440521137278942,0.10781186472417248
PTBP3,2.7787054,0.23289993,0.005457598699953475,0.10803701924834096
ECHDC1,2.7786942,0.2469093,0.005457786633976733,0.10803701924834096
SPDYE3,2.7735112,0.33125886,0.005545493768507158,0.10959536577814823
ZFPM1,2.7716618,1.1747618,0.005577097305686108,0.11010104556926496
AC048380.1,2.770875,0.8758996,0.0055905907544779405,0.11030793110762648
ZNF609,2.770569,0.14041254,0.005595842597107568,0.11035206621591279
DUBR,2.7658596,0.5692601,0.005677298016516017,0.11183788197120707
STAG3,2.7634394,0.6631483,0.005719568990799765,0.1123451287476525
MAPKAP1,2.7622538,0.20958781,0.005740384552429208,0.11259582797613153
MAP3K13,2.7592034,0.3857561,0.005794243224505012,0.1135913745367477
SSPN,2.7588792,0.8702551,0.005799998192316794,0.11364332646519647
ZFR,2.7583945,0.2663855,0.0058086071735676285,0.11375111351511438
DLEU7,2.7560153,0.54543287,0.00585102464449162,0.11452050963264052
RAPGEF6,2.7540092,0.18197487,0.005887010397288496,0.11497890477649747
CFAP36,2.745362,0.48447624,0.006044417595994154,0.11750632646582375
RAPSN,2.7439153,1.1977621,0.006071121109357471,0.11782030950349565
SRP68,2.7372034,0.39363748,0.006196398633265545,0.11995260768456924
FAM117A,2.7371511,0.33739826,0.006197382069657125,0.11995260768456924
ARMC3,2.734567,0.6235304,0.006246238172276301,0.12077050361515314
DIS3L,2.7337055,0.4444346,0.006262600425820622,0.12102293462801508
P4HA2,2.7282765,1.0363601,0.00636662321708371,0.12290336306354475
PACRGL,2.7257109,0.30914488,0.0064163156742465,0.12366696682100903
DDI2,2.7235334,0.2980842,0.00645877001647327,0.1242888755903986
COG6,2.722836,0.62248373,0.006472417446560765,0.1244860488500108
TLK2,2.7218814,0.21975689,0.00649114262432587,0.12471512398580113
PRDX6,2.71926,0.45634487,0.006542814621827463,0.12557606605847244
LRFN2,2.7178469,0.31830716,0.006570825143508062,0.12591558695159089
AC092681.2,2.7169967,1.4005277,0.00658772770647277,0.12617342845871787
PPARGC1B,2.71376,0.33766907,0.0066524344009940796,0.1273461043466445
AC073475.1,2.7119179,0.7880532,0.006689515176636311,0.12792212381403636
VPS9D1,2.7095761,0.35581136,0.006736922495610592,0.1286270736890158
FUT8,2.7071824,0.22007616,0.006785698603027409,0.12942131446793503
LRRC69,2.7070146,0.50583255,0.006789129361996537,0.12942131446793503
PRSS51,2.7062352,0.6821846,0.006805083772301365,0.12964868465223145
AC010680.5,2.706086,4.303172,0.006808141086352528,0.12964868465223145
GNL3L,2.702085,0.37744612,0.006890615547560887,0.1309467391777134
LSM7,2.6973083,0.25822222,0.0069902523141958835,0.13270239883396448
SLC24A1,2.695522,0.5549512,0.007027840273595425,0.13334680241257965
BVES-AS1,2.6937249,0.7398502,0.007065846762211491,0.13385976052986687
PJA2,2.6879637,0.46234304,0.007188919571582879,0.1359934364653147
KIFC3,2.6833587,1.2143466,0.007288678199877476,0.1376537207397913
AL353801.1,2.679831,1.0147989,0.007365930761228316,0.13875133554623348
CACNA1S,2.67762,1.2749401,0.007414730271547241,0.13945865501999002
ZNF48,2.6760015,1.6649344,0.0074506288296463385,0.1399899721734526
SERTAD2,2.6749911,0.3691319,0.007473123729262956,0.14029201987248452
AGBL3,2.674935,0.35945705,0.007474370611495446,0.14029201987248452
RRAS2,2.6731193,0.4136463,0.00751495421627123,0.1409531053383651
LINC01344,2.6730149,3.978419,0.007517293560845024,0.1409531053383651
AL391839.1,2.6725674,0.43886992,0.0075273267210731664,0.14099676833060337
ARL15,2.6719894,0.20335342,0.0075403039901412155,0.14116760426760033
NUP50-DT,2.671277,0.43997267,0.007556322922677346,0.1413465071207611
ATF7IP,2.6710496,0.2323701,0.007561445341451059,0.1413465071207611
AL354836.1,2.667127,1.5121809,0.007650277256193666,0.1427882701957901
PACS2,2.666616,0.47170568,0.007661914248866461,0.14293258074554605
HEATR5B,2.6627493,0.3566248,0.00775051444027733,0.14436467126136926
GGNBP2,2.6621935,0.29740137,0.007763319996085436,0.14452964149375536
IVD,2.6608028,0.31723914,0.007795460028748659,0.14495502032619842
LRMDA,2.660042,1.1591914,0.00781308833995096,0.14516083570078434
RAF1,2.65955,0.2366448,0.007824513917231705,0.1452993576279034
ZBTB18,2.6547732,0.29069296,0.00793617387206211,0.14722346674675382
C15orf40,2.6519916,0.46494585,0.008001855444706359,0.14821655421644608
AL008633.1,2.6508691,0.66703755,0.0080284945187529,0.14855961975777296
GPLD1,2.6449962,0.78352904,0.008169184027592055,0.1509044274470988
ACAD11,2.6425202,0.50282204,0.008229155251389316,0.15181215290126027
LINC01276,2.6375012,0.9622163,0.008351933564955985,0.1537202715812998
LRRC1,2.6371694,0.19459511,0.008360109357572814,0.1537629962796596
GPR173,2.63573,0.7594088,0.008395651332644144,0.1543391433581659
PRKX,2.6352975,0.2939482,0.008406358719634908,0.15438090090183507
NRG3,2.634216,0.27266747,0.008433180641596996,0.15479580976082832
KLHL18,2.6316319,0.28370202,0.008497586016973615,0.15589982245977507
ABR,2.629637,1.0662742,0.00854760780546509,0.15666048737497631
ABHD18,2.6293275,0.29018804,0.00855539174034523,0.1567246712154033
NEK1,2.625703,0.3172377,0.008647020992236206,0.1583239696532453
TNFSF13B,2.6218028,1.1061916,0.0087466051035806,0.1597477511956854
CHRNB1,2.6141362,1.102563,0.008945337632594615,0.16321450782183225
AC096555.1,2.613618,2.877684,0.008958917757688816,0.16338084147940626
LINC02245,2.6129951,0.5311212,0.008975257794377304,0.1635783355920105
AC024619.3,2.6128647,0.918536,0.008978685724552583,0.1635783355920105
SCAF8,2.6088152,0.2117734,0.009085632142352043,0.16533647908989532
LUC7L,2.608528,0.21299416,0.009093257900274836,0.16533647908989532
AC015971.1,2.6079574,0.4476174,0.009108427339547635,0.165447915163664
PTPRC,2.6075249,2.474669,0.00911994340498247,0.16557492488381118
OLA1,2.6067455,0.15320368,0.009140724988059689,0.1658699431274034
DPH5,2.6020062,0.33855042,0.009268017495813729,0.16809648580985048
ADAM23,2.5991051,0.20358443,0.009346713586569418,0.16943985338386688
ACOT11,2.5984638,1.3440477,0.00936419195564216,0.16967266820220728
C9orf85,2.5947723,0.29186326,0.009465362284417612,0.17116686016401633
ZNF512,2.5941942,0.28708842,0.00948129004308434,0.1712856351761747
SMARCD3,2.5936573,0.43206483,0.009496108859637994,0.17146871256616195
AC063979.2,2.5906556,1.8585569,0.00957933128057824,0.17271581487706608
PROX1-AS1,2.5875158,0.5539333,0.009667074077943118,0.17388650929994187
ALPK3,2.5874822,5.355169,0.009668015803540387,0.17388650929994187
CS,2.58526,0.2910541,0.009730561280466841,0.17475381424257452
COQ8A,2.5734506,0.34942812,0.010069000980161042,0.18056614643550922
JARID2,2.5693936,0.17078221,0.010187665960882629,0.18233680285294138
AC004540.1,2.567891,0.22790605,0.010231934992870895,0.18303961518771633
RBM33,2.5672832,0.18792585,0.010249888915512458,0.18318567066907052
AC104971.2,2.565348,2.0511196,0.010307242025519504,0.1839372819970938
AC092839.1,2.5606942,0.5579811,0.010446325465998841,0.18560483416554543
MAP3K2,2.5600603,0.23432043,0.010465399778093467,0.185853516389131
ZBTB37,2.5595496,0.5162228,0.010480793970355697,0.18603663438845242
USP54,2.5574875,0.5206004,0.010543137541435205,0.18705253376348518
ANKRD13D,2.5570884,0.58815444,0.010555238419293327,0.1871764929188736
URI1,2.5563576,0.17924918,0.010577436557458356,0.18738855539183605
FLYWCH1,2.5536468,0.6232821,0.010660136599067145,0.1885798258397567
SCAPER,2.552942,0.18672161,0.01068173028768459,0.18887053635726747
ZC3H6,2.5502386,0.49143723,0.010764924423722365,0.18997444495306764
AC009560.4,2.5491831,0.71825904,0.01079755481924674,0.19045845972975903
ANAPC7,2.5488029,0.2606963,0.01080933713641072,0.1904969470774461
LINC00513,2.5476396,0.5904837,0.010845448143135905,0.19093518397639117
BVES,2.5424974,1.0474604,0.011006341707514335,0.19348852681879547
RB1CC1,2.5421507,0.23305188,0.011017268345705553,0.19349474026927493
ZNF280D,2.5416734,0.5915925,0.011032322920593293,0.19357337066952787
AL049828.1,2.541155,0.6503105,0.011048691945898036,0.1937676923391538
CHD3,2.5361285,0.7762256,0.011208558888425878,0.19638318040941866
GALNT11,2.5336974,0.22215798,0.011286617814960626,0.1974611299585666
MPDZ,2.5335407,0.24291533,0.011291662659579791,0.1974611299585666
CSTF3,2.5320454,0.18347919,0.01133992982101681,0.19821049254013193
PLN,2.5309043,0.49141154,0.011376885252741255,0.19876151653249768
UBXN7,2.527429,0.32443818,0.011490101893964356,0.2005480302436764
MOB1B,2.524144,0.3028251,0.011598041414056938,0.20223912043634967
LYSMD4,2.521545,1.2007056,0.011684073872705081,0.20335177737274307
KY,2.5199714,1.1840214,0.011736437112624286,0.20416603363078015
HIBCH,2.5158212,0.20830475,0.011875541854362206,0.20601587485856815
ZER1,2.5144415,0.771431,0.011922107844826979,0.2066103547483486
GALNT7,2.51075,0.22979118,0.012047500392060052,0.20838873433354912
AC104667.1,2.5098774,2.1688318,0.012077308898578979,0.20880566036697645
B4GALT1,2.5091615,0.28971943,0.012101815964956141,0.20909214645182903
PPIP5K2,2.508893,0.23603341,0.01211101747159579,0.20909214645182903
VEZT,2.5056562,0.20740482,0.012222435685335794,0.210885779845328
CUL5,2.5055406,0.2875674,0.012226431650276932,0.210885779845328
PCNX4,2.50214,0.24438633,0.012344509493386242,0.21272193595453384
JAM2,2.4990935,0.26868817,0.01245114418151089,0.21425685387281623
SLC38A5,2.4980607,0.28784508,0.012487482902381363,0.21473450489630166
SEMA6A,2.4943206,0.37507087,0.01261985010329077,0.21675229170837423
WDR12,2.4935114,0.22589709,0.01264865077750017,0.2171321824965619
DIP2A,2.493366,0.2613333,0.012653833099236811,0.2171321824965619
TMED3,2.492471,0.39493763,0.012685765701553017,0.2175310212766889
KIAA0319L,2.4895253,0.27443844,0.012791381576632985,0.21918415593929957
LARS,2.4843533,0.20478238,0.01297869446831781,0.22190001005022045
STS,2.4839804,0.34647888,0.012992292668028704,0.22200322312909365
MTMR7,2.4796774,0.3079208,0.013150130140932387,0.2243434385672548
URB1,2.4794164,0.21169862,0.013159758653511034,0.2243434385672548
TMLHE,2.478227,0.28477123,0.013203716140635084,0.2247810774446919
TMEM161B,2.46666,0.29497173,0.013637980078568809,0.23163049134835126
ZFP14,2.466067,0.95438397,0.013660575327330862,0.23190664079574994
ELFN1,2.4648068,0.75179833,0.013708717885009188,0.23261603305944428
CD47,2.4645083,0.2552804,0.01372013448082149,0.23270187309200527
ZSWIM7,2.461749,0.4626296,0.013826136705893163,0.23439112069124393
CKB,2.4610593,2.0638545,0.013852749993635937,0.23473356598012451
SHLD1,2.4587436,0.46161434,0.013942415361724646,0.23603438698172238
LINC02603,2.456868,0.7249664,0.01401541803942286,0.23683209402627706
N4BP2,2.4562564,0.2902929,0.014039292932468663,0.23712605473986412
TDRP,2.4508572,0.31803638,0.014251653187176949,0.2404908982498218
TNNI3K,2.4450886,1.198877,0.01448165891737636,0.24369802208500788
PITPNB,2.4427803,0.19803926,0.014574603965959844,0.24503678445479846
RTKN,2.442374,1.1662449,0.014591025051650908,0.2451560709848791
MRPL42,2.4422731,0.24380809,0.014595095179805239,0.2451560709848791
ZNF26,2.4369895,0.35993943,0.014810111148678935,0.2481982042824165
ANGPT2,2.4350617,0.3699912,0.014889253113789563,0.24929622745554061
AC034139.1,2.4318624,0.8473034,0.01502141763322381,0.25139410461528333
STAP1,2.4263248,2.0776336,0.015252607267302293,0.25476734179378396
ZFAND6,2.4262018,0.22043316,0.015257780203053864,0.25476734179378396
ZNF254,2.4233828,0.3385808,0.015376711243208205,0.2560523240275994
APOBEC2,2.4228609,0.90708953,0.015398824838756377,0.2563039508518973
KIF19,2.420232,0.74393195,0.015510608518528039,0.25804717381211123
KANSL1L,2.4189715,0.17619507,0.015564454061341361,0.2587078034056109
METTL25,2.4183564,0.43007556,0.015590799302124293,0.259028073198843
EPM2A,2.4172823,0.3568835,0.0156368777447249,0.25967575423533396
LRRC8D,2.4163764,0.23699038,0.015675849583078813,0.26020488462143654
MACO1,2.4111671,0.4627985,0.01590155951088835,0.2635928349900473
FARP2,2.409657,0.23105687,0.015967526488580828,0.26444680407626553
CNTN4,2.4075017,0.4381652,0.016062088659639047,0.2657723811172915
UBE2G1,2.4040897,0.22796935,0.016212791465804993,0.26762764007956574
LSAMP-AS1,2.4039705,0.26147726,0.01621808436098677,0.26762764007956574
PRMT2,2.4020836,0.5677666,0.016301980345299737,0.268727693754881
AP003049.2,2.4019122,0.41648316,0.016309626129061578,0.268727693754881
TCF4,2.4018114,0.17489415,0.016314115339016572,0.268727693754881
TRMT61B,2.400786,0.32629508,0.01635990065348898,0.26936064949093574
ZBTB43,2.3999581,0.4352021,0.01639694420430586,0.26984917033354267
PCARE,2.398735,1.1309643,0.016451810078546784,0.27063042727410824
GDAP1,2.3969603,0.5638361,0.016531719329363648,0.2717007001230529
MED28,2.3958192,0.43525797,0.016583269393991126,0.2723366261932193
COMMD10,2.3943648,0.1811283,0.01664917503743206,0.27305405903755364
UBR2,2.394212,0.22734493,0.016656116921978666,0.27305405903755364
AC010168.1,2.3935857,0.44613057,0.016684588267663388,0.27334268395449723
AL442067.3,2.393388,1.7711133,0.016693579162001378,0.27334268395449723
FSIP2-AS1,2.3875263,1.9444534,0.016962193878071487,0.2770340286172666
TOP2B,2.384819,0.263372,0.017087524023943347,0.278707872905682
LZTS2,2.384267,0.8669678,0.017113172887664153,0.27884703996535865
MRPL34,2.384103,0.36147836,0.01712080473635411,0.27884703996535865
AC092574.2,2.3837638,0.2914527,0.01713659826158127,0.278886897719936
AC024560.4,2.3803668,1.3798319,0.017295412862737215,0.28109653916032185
SECISBP2,2.378152,0.23551051,0.017399658777199966,0.28253988948726527
DOC2B,2.3771338,1.8380173,0.017447754298567805,0.28319523506956995
TTYH2,2.3763099,0.24982722,0.017486774103985536,0.2837027566400597
FASTKD1,2.3749638,0.20140332,0.017550676905902077,0.2843613658401602
AC090825.1,2.3742924,0.49619135,0.017582616215525496,0.2847528035860392
ATF7,2.3734088,0.21134946,0.017624747340275842,0.28530887987679615
LRRC9,2.3706791,1.293804,0.017755433074984218,0.28704355387698643
AL136456.1,2.3702915,1.508463,0.017774069172860386,0.2870912205630463
QDPR,2.3698924,0.34864718,0.01779326073749876,0.28727443151883203
CLPX,2.369225,0.30623388,0.017825406849820907,0.28766654149483906
CAMK2G,2.3675506,0.29461977,0.01790626551789019,0.28884408295297437
IGF1R,2.3667452,0.14363173,0.017945278464741213,0.28934587536915995
RMC1,2.3603318,0.6521162,0.018258603229962804,0.2938800073966001
RPGR,2.3584635,0.8475519,0.018350764332800855,0.2952335496021293
Z83843.1,2.3534706,0.62781423,0.018599080452278347,0.29883447920712897
PSMG4,2.3529747,0.22848491,0.018623904944360607,0.29910203811695596
IQCH-AS1,2.3515055,0.4299277,0.018697615394048274,0.2998318265838566
AL021393.1,2.3514159,1.2624377,0.018702113605938216,0.2998318265838566
SPDYA,2.3501482,0.4504235,0.01876594005338347,0.3007233677293732
RBFA,2.3488057,0.55614424,0.01883372859944743,0.30159696345243564
FIP1L1,2.3487425,0.25803477,0.018836935014132618,0.30159696345243564
WDR26,2.347374,0.19875838,0.018906272353815576,0.3024425150445821
MYLK,2.3456771,0.7312811,0.018992545354644234,0.30342477194471135
AKT2,2.3453267,0.42836028,0.019010411629572177,0.3035776946134255
PCLO,2.3447897,0.24498458,0.01903780974091011,0.30386257268154376
ARHGAP5,2.344652,0.1921222,0.019044855105911352,0.30386257268154376
PCCB,2.34388,0.29571614,0.019084313132948113,0.30435945314990587
TIA1,2.3405912,0.25242093,0.019253240749603776,0.30651929737983813
STX6,2.3400764,0.27072707,0.01927978949347414,0.3068085109785421
TRAK1,2.3375447,0.19326797,0.019410883509480472,0.30849229150260304
SLC4A4,2.3371754,1.9450831,0.01943006227586213,0.3086630682981032
POPDC3,2.3326523,0.9233468,0.01966639816918533,0.31214650450579023
SPINK8,2.3318806,0.6341038,0.01970697898424007,0.31265502288780705
DMXL1,2.3308775,0.2866938,0.01975982368819112,0.31335758527360624
AC079781.5,2.3299377,0.33872908,0.019809440976885986,0.31387244553896276
AC022509.2,2.3275216,1.2953619,0.019937528119992033,0.31527919021832396
SOCS7,2.3274505,0.33759594,0.01994129464646922,0.31527919021832396
LRP5L,2.3260784,0.6684519,0.020014368938375927,0.316161380023089
PKP4-AS1,2.3256683,0.6349353,0.020036257122207485,0.3163705983304211
ALG1L2,2.3238783,0.7320038,0.02013201387198419,0.31774551087903985
NFX1,2.3235912,0.2005423,0.020147411963435856,0.31785147641108435
ENPP1,2.3218796,1.4516883,0.020239413986390915,0.31902790323681907
WDR73,2.3214061,0.519668,0.020264934537787913,0.3191552792674593
AC100830.1,2.317118,0.60027784,0.020497307161174406,0.322260283250062
SRP14-AS1,2.31566,0.8270259,0.020576841502378946,0.3232330368362969
TRIM69,2.3154361,1.7753783,0.02058907004668086,0.32328638042838537
ZNF493,2.313389,0.68056774,0.020701255805644237,0.3249085178998219
POLI,2.3104396,0.48591512,0.020863830158388982,0.32713964693796554
NAAA,2.3097758,0.75247735,0.020900567535329175,0.327475030976277
TRIM44,2.3087654,0.17195404,0.020956607414351965,0.3280971896760409
AL139021.1,2.3087318,0.1639019,0.020958470761718414,0.3280971896760409
LINC01954,2.3085752,2.8845234,0.020967168291911687,0.3280971896760409
ZNF431,2.3062484,0.33378848,0.021096759730938313,0.32998397560345005
AC090517.5,2.3050737,0.9279071,0.021162443136543467,0.3307286854144438
DCAF6,2.3048463,0.1913725,0.021175183349703135,0.3307865496297415
LETM2,2.3045628,2.0586293,0.021191065749707597,0.33089342896973023
KANTR,2.30331,0.38401252,0.021261407092401777,0.3315805093034411
UFL1,2.3028924,0.42846334,0.02128489935748484,0.3317924196692089
CASC8,2.3019676,0.13366142,0.021336998413018234,0.33246295398675196
NME9,2.300297,0.27991977,0.021431394397967752,0.3336497092131083
SLC13A3,2.2994058,1.205564,0.021481901558246964,0.3342938260771246
AUH,2.2990031,0.22662842,0.02150475885434364,0.33440141527170675
GNA12,2.2985594,0.25010648,0.021529968725589786,0.33447299886473336
RHBDF2,2.2963407,0.30758253,0.021656404395831642,0.33600935027207884
COG1,2.2958634,0.37218323,0.021683688320134592,0.3361708258127086
CSF2RA,2.2937827,1.8385906,0.021802978975037895,0.3377108901673136
CSRP3-AS1,2.2918699,0.7631527,0.021913152879717308,0.3392738191838127
AC092378.1,2.291251,1.4273561,0.021948907275647703,0.33968370198561587
TCF7L1,2.2883983,0.18134402,0.022114335727087597,0.3420992400452803
ARL3,2.2872572,0.51213795,0.022180810144646942,0.34298260756409915
RPGRIP1L,2.2867167,0.46460557,0.022212370098053845,0.3433186318531533
BCAM,2.283331,2.6507366,0.022410890048805438,0.3458098594756863
AP3S2,2.2825887,0.3069783,0.02245460377302409,0.34633837028927716
CD276,2.2820182,0.4195844,0.02248826320143234,0.3467114243620999
AMPD3,2.2811382,0.53179353,0.022540268321429448,0.34722069058612764
USP4,2.2809033,0.3478825,0.022554168708860546,0.3472886533079532
OCA2,2.279956,0.57009405,0.02261028714355424,0.3478668812551366
STYXL1,2.2799487,0.4433314,0.022610729502089286,0.3478668812551366
SLC9B1,2.2734418,0.62385076,0.022999564983496222,0.35340347521450266
P2RX6,2.273069,3.5876298,0.02302202271492832,0.3536001063319729
MTX2,2.271197,0.21240339,0.023135048535746494,0.3547067544117023
TG,2.2699852,0.23180562,0.02320847931443741,0.3552127433970515
ZNF720,2.2695153,0.5035197,0.023237002251504563,0.3554105806131711
MTAP,2.2687473,0.1761468,0.023283700546750084,0.3559557546639736
AC104248.1,2.2674422,1.01559,0.02336322913287219,0.35682831238638957
CBFA2T2,2.2673526,0.2600933,0.0233686911502466,0.35682831238638957
YKT6,2.2656522,0.5876072,0.023472680286106724,0.358117370217504
HIPK2,2.265063,0.24352314,0.023508805178164293,0.35846393240772584
AC104596.1,2.2649624,0.71210295,0.02351498324392639,0.35846393240772584
BACH2,2.2639482,0.44628146,0.02357730017288622,0.3591147580640069
HMGN3,2.2636201,0.2053579,0.02359749219082771,0.35927280019820507
AC124290.1,2.2629228,2.6275427,0.023640450057596164,0.3596276444547287
RAB2A,2.2611701,0.30750632,0.02374871873702369,0.3609746073479253
PFN4,2.259112,2.387702,0.023876425899499176,0.36261454952181305
SCAF11,2.2585077,0.19229853,0.02391401805101682,0.36273393066111337
NADK2,2.2566397,0.39933336,0.024030600294583614,0.3643512847481586
LINCMD1,2.2555099,6.5840564,0.02410134702218129,0.3649703774757374
TSG101,2.2541487,0.30836657,0.02418680971614967,0.36596172898751306
TP53BP1,2.253541,0.29542792,0.024225060029677017,0.366027615511509
SYNE1,2.253444,0.30908215,0.02423116615350363,0.366027615511509
AC118549.1,2.2521613,0.17458129,0.024312080559345802,0.36709837481543556
AC024558.2,2.24951,0.58480483,0.024480061886435717,0.3689667652747333
TDRG1,2.2456284,0.51404905,0.024727823186915066,0.3718418473559073
VPS13B,2.2444463,0.16644019,0.024803700336523175,0.3727018246910593
SOX2-OT,2.2444203,0.7967622,0.024805378130308472,0.3727018246910593
PPWD1,2.2412508,0.38788378,0.025009842249916096,0.3754656424073745
LINC02119,2.2406652,2.2482226,0.025047767208947185,0.3758808231302484
CNKSR3,2.2394607,2.3111389,0.025125947785699047,0.37689951430507
TLCD3B,2.238704,0.5765057,0.02517519097502968,0.377483475984048
ROCK1,2.2370744,0.15861055,0.02528148081164871,0.3787668764581065
TMEM161A,2.2359705,0.53403777,0.02535369619662498,0.37969338563529903
ZNF655,2.2311828,0.3621203,0.02566902526250372,0.3841013874214631
NAIP,2.2298367,0.35248172,0.025758289537381837,0.38527958943919605
PHYKPL,2.2295308,0.29038984,0.025778603008826933,0.38542591859725267
AC025164.1,2.2285874,0.82681143,0.025841364838761448,0.38589138900999914
WDR44,2.2251756,0.44991124,0.02606945367309666,0.3889800545817411
FMO3,2.2248251,0.5107074,0.026092984031883877,0.3890251754887982
ZNF587,2.224814,0.38504547,0.026093735302997172,0.3890251754887982
RAB18,2.224609,0.29065368,0.026107511920801844,0.3890720862431874
LRIG1,2.2198358,0.33656308,0.026429911894441032,0.3930877728967167
MTA3,2.2198246,0.20649308,0.026430671541728908,0.3930877728967167
RMND5A,2.2188292,0.25582057,0.02649835574437393,0.3936221168368987
SPIRE1,2.2188215,0.18332592,0.0264988633066342,0.3936221168368987
MIB1,2.2166066,0.16102766,0.026649981456919457,0.3955458115590872
ZNF586,2.2162,0.356993,0.026677792568954715,0.39579808910268005
SNHG26,2.2150629,0.33322474,0.026755745891332353,0.3966330722432789
GYS1,2.2131276,0.6900608,0.026888846512195776,0.39844480615096256
KCNMB2,2.211692,0.5838462,0.02698795101492283,0.3996432503930331
AC026704.1,2.21164,0.28098884,0.026991560748929753,0.3996432503930331
AC090772.1,2.2105622,0.75900877,0.02706616913328484,0.4004239516763777
SUPT5H,2.2076948,0.30848402,0.027265562164416085,0.402885280896162
DNAH17,2.2067363,1.102177,0.027332481360293995,0.40338554446295183
PCNX1,2.2064419,0.18070136,0.027353080308201393,0.4035065967052372
DCTN4,2.2063038,0.30961344,0.027362732521581345,0.4035065967052372
PDCD10,2.205092,0.40405926,0.02744764182442579,0.40459570616826757
HOMER2,2.2042081,0.2850396,0.02750970352798784,0.40534728616259375
NSMAF,2.2034812,0.2917679,0.027560857690034888,0.40561115895173583
AL031428.1,2.199424,0.1774347,0.027847780191346493,0.4093400011178606
AC010894.3,2.1984694,0.25223324,0.027915664432156092,0.41000852081915934
C1S,2.194323,0.4050705,0.028212194843217145,0.4140314929657541
INO80,2.193488,0.18859598,0.028272254934052003,0.4147466143652254
SNX14,2.1913102,0.28535676,0.02842935846763696,0.4165820292775341
BAHCC1,2.190322,3.003424,0.02850089457901101,0.4174069490485811
LRRC28,2.1901877,0.29221112,0.028510624644721535,0.4174069490485811
MPRIP,2.1893637,0.24500243,0.02857041915648509,0.41811511857117584
ERI3,2.1877081,0.23899941,0.028690875847642176,0.419374898921546
LINC01004,2.1836324,0.19222605,0.02898927045708161,0.42306072089299995
ANAPC16,2.179926,0.3347959,0.0292629530634771,0.4261804525184695
MICU1,2.1791875,0.22447793,0.02931773404779254,0.42666337331342136
NECAB1,2.177312,0.4943328,0.02945729682038247,0.42818368583114325
LINC02234,2.1768868,1.5022956,0.029489006669558046,0.42847444744442004
BRI3,2.1763499,0.37120125,0.02952910318034696,0.4288867878983647
SLC16A9,2.1731992,0.23351625,0.02976533791548522,0.4320402158913073
MAVS,2.1731393,0.42466646,0.0297698266298155,0.4320402158913073
ASPH,2.1725838,0.16363105,0.029811655736818318,0.43247578740518716
CLNS1A,2.1714427,0.24023564,0.029897718281615884,0.43338074725759324
ZNF891,2.1708984,0.50210917,0.029938856011711472,0.43373568249246247
SDCBP2-AS1,2.1699214,0.20708494,0.03001280052429489,0.43453263923643876
GPAT3,2.1666214,0.37491125,0.03026373674010657,0.43781937882396854
LINC00342,2.1660955,0.35985968,0.03030388243693741,0.43822694629567216
COPG2,2.1659017,0.38528067,0.030318699486490824,0.4382680568345381
CATSPER2,2.1655996,0.5381547,0.03034179228990282,0.4384287167796025
ASXL2,2.165126,0.17556708,0.03037802994540822,0.43860602525912673
STAT3,2.1648352,0.37107778,0.03040030456843181,0.4387545534342163
VPS37A,2.164317,0.27814153,0.030440033870860216,0.43898174929367795
MYOD1,2.1605806,0.6810758,0.03072774959477732,0.44278203264505694
GLIPR2,2.1593316,2.2011583,0.030824461410828348,0.44398019488809204
UBTD2,2.1578026,0.25998172,0.030943180670659754,0.4451852813391579
RABGEF1,2.1552372,0.15879674,0.03114327935455419,0.4477121632584596
FXR1,2.153078,0.15303198,0.03131253587136073,0.44979204294649694
HCN1,2.1514523,0.27683666,0.03144051018871561,0.45085122906288605
TEAD4,2.151378,0.27078035,0.03144639131729257,0.45085122906288605
TIMP4,2.1502032,1.0418494,0.03153914364464509,0.451629184873887
AL033523.1,2.1496215,0.6818111,0.03158516494433699,0.45211131096115686
MYL6,2.1490064,0.16409783,0.03163390398191091,0.4522783279851255
FLVCR1,2.1483872,0.21685416,0.03168300348051293,0.4528034402148589
ZNF491,2.1455162,0.9647511,0.031911609688710194,0.455714719553836
ARMCX5-GPRASP2,2.1452775,0.39527094,0.03193067421606568,0.45580912908822935
LINC02702,2.144513,2.4604495,0.031991806018805614,0.45616083483475345
APIP,2.1442332,0.27574039,0.0320141963646421,0.4562895643077359
PIK3IP1,2.1430101,1.1568406,0.03211227470069459,0.45715339024508855
KDM7A,2.1420631,0.41599622,0.03218840242586635,0.45734771630012977
MCTS1,2.1395721,0.35428527,0.0323893509487816,0.45957069956267715
TAMM41,2.1391172,0.27392817,0.032426166961063416,0.4598334509654715
XPA,2.1388376,0.3078894,0.032448817544576104,0.4599764411111658
CFAP44,2.1372752,0.47335744,0.032575608334412046,0.46159498282919675
HERC1,2.1370068,0.18459624,0.032597438441605946,0.4617255589788
KIZ-AS1,2.1344638,0.36073864,0.03280484023176712,0.46430392781241625
AGAP5,2.131242,1.0916277,0.0330692112564626,0.46732285760532344
DHX29,2.13094,0.27891037,0.03309408927601418,0.46736996740006753
USP45,2.1308916,0.19063498,0.0330980835359956,0.46736996740006753
EPB41L3,2.1297095,0.1488867,0.03319560981092473,0.46856633809859466
HEXIM1,2.125052,0.68789977,0.03358226646750348,0.4735333482676969
ZBED5,2.1250036,0.32302207,0.03358631108720912,0.4735333482676969
GPA33,2.123799,2.9491959,0.033686938199820084,0.474403857272649
BMT2,2.1231318,0.33010718,0.03374281464659262,0.475007984184591
LINC00612,2.121383,0.60835737,0.03388959320160987,0.47670753296392115
AL162431.1,2.1194365,0.5438477,0.034053600253165305,0.47846288785646957
FRA10AC1,2.1188884,0.2896369,0.034099908401159756,0.47884116046247877
PACC1,2.1188064,0.34512684,0.03410684350082898,0.47884116046247877
COPA,2.1178703,0.25093466,0.03418605206112035,0.47941700268428616
ANKDD1A,2.1178591,0.5769179,0.03418699972694699,0.47941700268428616
AGL,2.1175907,0.26218516,0.034209750443324166,0.4795523079188463
NEMF,2.1151407,0.20386095,0.03441794912257693,0.48228612397987686
HAND2-AS1,2.114134,0.46918762,0.03450382356884302,0.48330441884547387
AOPEP,2.113131,0.15115832,0.03458956192356084,0.48383176896570107
AHCYL2,2.1130862,0.13727933,0.034593390919455916,0.48383176896570107
AC090709.1,2.113075,0.1454253,0.034594348225000404,0.48383176896570107
TTLL11,2.1095512,0.33769408,0.03489702788616179,0.4875061517791632
ZDBF2,2.1088316,0.19477698,0.034959122293789245,0.4880010812642945
GGT7,2.108578,0.310025,0.03498102257831222,0.488120628055206
DMTF1,2.107713,0.21260992,0.035055829371213945,0.48879177554887676
NECAB2,2.1058261,0.2637371,0.03521945943089434,0.49069944218887085
AC098588.3,2.1053526,0.53161997,0.03526063082764831,0.49086617103738545
CFLAR,2.103022,0.26262748,0.035463844952662596,0.49260424634246824
USP16,2.1014745,0.26510084,0.03559933047807589,0.49429859439607576
B3GLCT,2.0994647,0.29528418,0.03577595739712177,0.49622280170289285
AC011346.1,2.0979805,0.69853306,0.03590685872368307,0.49754592170759565
TMEM72,2.097891,1.2912092,0.03591476531109718,0.49754592170759565
CD99L2,2.0959187,0.4043759,0.036089417047427734,0.499209657351815
AL133334.1,2.095419,0.24284038,0.036133772516531805,0.49963438151778644
CHIC1,2.0938678,0.2886035,0.036271769279655135,0.5013531070259281
AF165147.1,2.0932002,1.1536654,0.036331285777120914,0.5019861799654219
FKTN,2.0920444,0.19581367,0.03643455593322464,0.5032230874384735
AC092296.2,2.0918727,0.31076512,0.0364499011846557,0.503245127596976
AC006141.1,2.0912275,0.55153495,0.03650766198835557,0.503662622101697
PPHLN1,2.0889642,0.17186484,0.036710942905902114,0.506276270270883
ZNF33B,2.0887928,0.2051032,0.036726387277415506,0.5062984936876403
SIRT2,2.088293,1.2184138,0.03677140895207332,0.5067282903067906
ELMOD2,2.0873682,0.41138005,0.03685485666923949,0.5074960906511793
AC005670.3,2.0846126,0.20533659,0.037104474412638574,0.5097826080994686
TMEM108-AS1,2.084415,2.2248566,0.03712243182182416,0.5098379463829592
LYPLAL1-DT,2.083919,0.97197664,0.03716752733954262,0.5102658170122278
AFF4,2.08245,0.18165554,0.03730139239260722,0.5119116096594739
OSBPL2,2.0819876,0.8547277,0.03734360732596258,0.5121676452282963
ARGLU1,2.0793588,0.1978262,0.03758439326042631,0.5145623714807726
TOGARAM1,2.0792656,0.2744218,0.03759295596676555,0.5145623714807726
C6orf89,2.0770767,0.3931171,0.03779448588809454,0.5171274684075321
LRIG2,2.0768492,0.3822181,0.03781548113895836,0.5172213845915601
CAAP1,2.0763645,0.24398522,0.03786025822020496,0.5173575127199499
AC022087.1,2.0762525,0.6711353,0.03787059779508856,0.5173575127199499
TRIP12,2.0762002,0.17037609,0.03787542375194466,0.5173575127199499
AC034195.1,2.0761294,1.0105323,0.037881974101512686,0.5173575127199499
EBLN3P,2.0756745,0.49090657,0.037924057202878045,0.5177390591878177
AC068282.1,2.075324,0.18022114,0.03795650900288831,0.5179888836743903
TMEM267,2.0751414,0.31162086,0.03797343472926446,0.5180267180491274
GCC2,2.0746603,0.23947702,0.03801802499228243,0.5184417782200182
YLPM1,2.0726914,0.2360925,0.038200998386125194,0.5201617343491697
OTUB1,2.072132,0.21424468,0.03825311583327949,0.520484123648276
MED12,2.067266,0.985738,0.038709093682747144,0.5259062872614061
CASP9,2.0667179,2.6207578,0.038760744944273146,0.5259656160475262
RBM6,2.065562,0.15918937,0.038869861352234136,0.5269169612418969
AL023882.1,2.0652337,1.6178943,0.03890088384493991,0.5271422619802464
Z93930.2,2.0647602,0.38250098,0.03894569202165432,0.5271639325756545
OPTC,2.0630002,4.0042663,0.03911260765191607,0.5292275610601775
USP34,2.0626645,0.12854744,0.03914450365662895,0.5294634066283356
MYCBP2,2.060364,0.16648404,0.039363763837943426,0.5320358641922331
ZMYM6,2.0600917,0.54830766,0.03938977432995402,0.5321908934110916
UBN2,2.058037,0.24028763,0.0395865712080758,0.5342581463078105
LTBP4,2.0560758,0.7026528,0.039775216980114644,0.5364689097728305
NFAT5,2.0558445,0.18986635,0.03979750296971175,0.5364689097728305
STX16,2.052205,0.18690488,0.04014972620285219,0.5406622990252365
LINC01588,2.0507956,0.8711496,0.04028684906439214,0.5421099127227267
SNRNP70,2.050337,0.15975371,0.0403315539624237,0.5425120200583131
MARF1,2.0492296,0.4701237,0.04043967338698739,0.543766526685204
AC087457.1,2.0473354,4.653041,0.0406251745853195,0.5459347082829559
EGR1,2.0471973,0.6288805,0.04063871363531244,0.5459347082829559
PKP2,2.046817,0.64702433,0.040676057310041515,0.54614247014117
AC008269.1,2.0446653,0.67583096,0.04088785344703093,0.5485836964863559
TSTD2,2.041936,0.2359855,0.041157888705916544,0.5520043549011548
AL139106.1,2.0409477,0.39524257,0.041256019127244276,0.553117786108523
CFAP97,2.0402617,0.3244069,0.041324271478644384,0.5538299745111179
ZXDC,2.0401013,0.2543009,0.04134023553521931,0.5538411276810257
AL049646.1,2.0388894,0.21284112,0.041461063111490636,0.5552566304221254
PRKCB,2.0386472,0.6022328,0.04148526447921325,0.5553539112682514
AC008133.1,2.0385127,5.6181135,0.041498673460251566,0.5553539112682514
SERINC5,2.0383077,0.4922812,0.04151916649000159,0.5554250777414285
OLFML2B,2.0356827,5.4314537,0.04178223498615383,0.5585360053791879
EIF4ENIF1,2.0345566,0.21494557,0.04189551709213381,0.5598458638514748
PARP16,2.0330687,0.7346085,0.04204558302001805,0.5612364639371556
NUDT5,2.0320919,0.22252877,0.042144369753857075,0.5621450719245346
TUG1,2.0302982,0.3162783,0.04232624138154006,0.56374918515493
ELP2,2.029847,0.20260406,0.04237209724767474,0.5641546494587644
AP002370.2,2.0290601,1.3675823,0.04245216131671294,0.5650151114010947
AP2A2,2.02887,0.18716802,0.0424715324857549,0.5650674520214886
IKBKB,2.0275798,0.23252532,0.0426031500797905,0.5666126075837253
RNF212B,2.026588,0.9647545,0.042704570227035464,0.5675255662708442
AP001825.1,2.0214832,0.37205055,0.043229775460059176,0.573695798264549
AL356489.3,2.0211923,1.2047108,0.04325986313489265,0.5738870063791974
HIF1AN,2.0187685,0.47757626,0.04351128255481882,0.5768042204958072
LINC01934,2.0168333,1.3265082,0.04371291651794404,0.5788727887150665
NDUFV3,2.0167773,0.26163334,0.04371875580239911,0.5788727887150665
USP40,2.0160465,0.37649632,0.04379511634560718,0.5793079339955072
AC078881.1,2.01454,0.7590967,0.04395286793853561,0.580974691014208
TMEM106B,2.0108447,0.6474039,0.044341860743893506,0.5850600018339027
KAT6B,2.0104196,0.19093134,0.044386794416511235,0.5854418243022442
LRRC23,2.0098193,0.4047672,0.044450318821014655,0.5860684867319731
SUGP1,2.0096068,0.6091346,0.04447282720673954,0.5861541046430947
CRPPA-AS1,2.0086782,0.52969676,0.04457126610947717,0.5872400687087739
FAM214A,2.006758,0.2917027,0.04477544801562306,0.5892126837598965
SHLD2,2.005531,0.17471322,0.04490629910154101,0.589774992965283
AC079822.1,2.0040321,2.377466,0.04506662163131884,0.5910742003582639
AL049874.3,2.003827,2.0863416,0.04508859379169203,0.5910772282842837
DYNC2LI1,2.0016532,0.5782099,0.0453220544974904,0.5937124254340179
RNF114,1.9991212,0.3168412,0.04559524173819606,0.5968563797862568
EXOC1,1.9989758,0.32033163,0.045610974953202384,0.5968563797862568
TRNT1,1.9967235,0.3575189,0.04585522269831603,0.5998381007795086
LUC7L3,1.99427,0.15402265,0.04612256019575101,0.602904223473101
AL512306.3,1.9936025,1.8054426,0.04619551242870369,0.6036422529107404
LINC02698,1.993073,2.8381858,0.04625345424092637,0.6041836826096167
EYA2,1.9918425,0.15810342,0.04638834412720697,0.6054076000869324
ENTPD1-AS1,1.991753,0.14427969,0.046398167206008964,0.6054076000869324
TNK2,1.9916934,0.67889106,0.046404716898023786,0.6054076000869324
TCAF1,1.991615,0.30015197,0.046413314549983126,0.6054076000869324
CARNMT1-AS1,1.9914509,0.25666943,0.04643133302630161,0.6054194985715956
CERNA1,1.9910706,0.6834944,0.04647312577960263,0.6055403619292402
AC012360.3,1.9901086,0.4719625,0.04657897822749255,0.6067036235247171
TRIP11,1.9897282,0.3305036,0.04662088280635292,0.6068335915537719
GSK3B,1.9888668,0.15270871,0.046715901659798,0.6076221452204217
AC093157.1,1.9873791,0.6254317,0.04688040899075779,0.6090035945976047
SMARCAL1,1.9873044,0.44290116,0.04688866778437884,0.6090035945976047
AC079447.1,1.9834489,0.23832835,0.04731731812795506,0.6137916756684393
AL136305.1,1.9833854,3.8396394,0.04732439301484483,0.6137916756684393
SLC16A1-AS1,1.9780942,0.226744,0.04791808215723055,0.6206229697899636
PDPR,1.9780867,0.30433783,0.047918923325221636,0.6206229697899636
MKRN3,1.9775833,0.36027473,0.04797573085966158,0.6211389194179249
LCMT1,1.9772999,0.48042762,0.04800773628716239,0.6213335063106191
KIF26B,1.9753945,0.22947052,0.04822339685539817,0.6236835859732963
GALK2,1.9745369,0.18247046,0.04832073048391149,0.6245010792519932
AL359317.2,1.9741901,0.731642,0.048360133951371946,0.6247897150561824
AC009951.5,1.9734854,0.63038737,0.04844029512725041,0.625604531387612
ICE2,1.970808,0.18233384,0.04874584073724518,0.6293285773629316
SLC30A9,1.969227,0.17011097,0.04892703308613141,0.631222537182057
AC091887.1,1.9681232,0.32069513,0.049053860680492146,0.632428007453768
SLC8A3,1.9680375,1.8321722,0.04906372706971842,0.632428007453768
AC096675.1,1.9670604,1.0605271,0.04917623570492162,0.6334764093278862
SCO1,1.9669561,0.38344902,0.04918827232342976,0.6334764093278862
KLC4,1.9656994,0.46096948,0.04933333566743683,0.6348978265695694
PIBF1,1.9649239,0.15707393,0.04942304932625585,0.6358288324746189
EXD3,1.9639767,0.5098966,0.04953278908496117,0.6370167299011468
SUPT20H,1.9600279,0.2459055,0.049992531111731554,0.6424777497262945
GOLGB1,1.9595506,0.2662847,0.05004834112067258,0.6429692289777947
AC021851.2,1.957112,0.22162376,0.05033431122163697,0.6456301510942982
FOXP4-AS1,1.9570075,0.34371266,0.05034658509649244,0.6456301510942982
OFD1,1.9568919,0.39713675,0.05036017695501605,0.6456301510942982
VPS8,1.9565824,0.21297799,0.05039658319926805,0.6456301510942982
AL035427.1,1.9557136,0.26091442,0.05049890173890199,0.646714591513489
FSD2,1.9523838,0.33457997,0.05089266294581544,0.6506190557037341
FHL2,1.9519997,0.40295008,0.0509382449347725,0.650769814395545
PPP1R16B,1.9519848,0.19063278,0.05094001579856387,0.650769814395545
USP20,1.951679,0.30330533,0.05097632987015827,0.6510065071799243
AC008014.1,1.9506499,0.37373373,0.051098717047163386,0.6520456907219069
MIR1-1HG,1.9505454,7.092516,0.05111114687252126,0.6520456907219069
LINC00571,1.949121,0.7974332,0.05128097823577408,0.6535289291112698
AC073114.1,1.9488152,0.66541964,0.051317495706351884,0.6535959331625624
AP000787.1,1.9476295,0.34600118,0.0514593182078468,0.6550771437313881
ALG13-AS1,1.9464362,0.41336998,0.05160236368665072,0.6560598809115157
ZNF334,1.9435277,0.56842726,0.05195243166560085,0.6602468581224502
SOX12,1.9427409,0.45699292,0.0520474702157284,0.6612250806545905
BAIAP2L1,1.9401009,0.38830602,0.052367430606270075,0.6643675312374666
SPG7,1.9389896,0.1618456,0.05250259415762485,0.6656208689862235
ZNF438,1.9379829,0.2652944,0.052625309500933484,0.6667147639472712
BTG2,1.9373304,0.5225954,0.052704975214434506,0.6674869267084335
VASP,1.9369202,1.351768,0.052755102381437484,0.6674869267084335
SPAST,1.9368867,0.21807471,0.052759205457979234,0.6674869267084335
GPBP1L1,1.9366629,0.21777874,0.052786566118231175,0.6676023173785001
KLHL7,1.9360626,0.37111863,0.05286004249893632,0.6681393442482614
OCIAD1-AS1,1.9359916,0.47989923,0.052868719260420895,0.6681393442482614
TCEAL3,1.9340862,0.51880085,0.053102525321795345,0.6703013742445469
ZNF592,1.9321771,0.37737718,0.05333765470006368,0.6729443294302071
ST7L,1.9304096,0.19038363,0.05355610763275671,0.6752349622688695
AC006525.1,1.9248424,0.24045084,0.054249076567576826,0.6830307710525901
JAK2,1.9238095,0.2170961,0.05437846413310752,0.6844244036230633
DCUN1D1,1.9233359,0.35233456,0.054437872254654934,0.6849365975911397
LINC00476,1.9209644,0.3653404,0.05473619573695418,0.6882169358187084
ASIC1,1.9153413,0.69890946,0.0554489935276324,0.6957451532755823
HERPUD2,1.9151548,0.36179748,0.05547275927355143,0.6958048191128362
SCRN1,1.910725,0.315632,0.05603993489823797,0.7012368058839001
ZNF251,1.908387,0.32003656,0.056341219400637674,0.7040440325308089
SYNRG,1.9064442,0.25870496,0.05659259372849536,0.7067026690742608
DDX58,1.9054934,0.471312,0.056715967057803886,0.7080017429340656
RCOR3,1.9046022,0.15824519,0.056831802429740445,0.7092058645519707
PON2,1.9033195,0.3324242,0.05699887333361014,0.7108060520897664
TMEM252-DT,1.9029391,2.1162856,0.05704849026587711,0.7109348209073606
IFT172,1.9028907,0.30986437,0.05705481657320763,0.7109348209073606
RUFY3,1.9015371,0.14633572,0.057231702337892376,0.7127381889313368
SUMF2,1.9003849,0.308403,0.05738263367377811,0.7141318514430305
TRIM14,1.8976777,0.21266602,0.05773855182159794,0.7175853090737881
RBPJ,1.8970363,0.12980887,0.05782314237140693,0.7183926795437424
LPIN1,1.8955374,0.2946414,0.05802124996989347,0.7201183100146401
SS18,1.8952167,0.22150199,0.05806370435425495,0.7201183100146401
FAR2,1.8950377,0.35802266,0.05808741104680699,0.7201183100146401
RORA-AS1,1.8949444,0.16121764,0.05809976146753456,0.7201183100146401
UBE3A,1.8917712,0.15142582,0.0585214728513168,0.7241191439591096
AC087521.2,1.890962,0.24144594,0.058629412628618365,0.7249891933840439
TULP3,1.8909471,0.5427175,0.05863140385281194,0.7249891933840439
KIAA1614,1.889437,0.26210386,0.05883330621619662,0.7272400678213483
DHX40,1.8892244,0.33181638,0.05886176838990121,0.7273462474134957
WDR89,1.8887173,0.37231636,0.05892972431872204,0.727805740171298
BICD2,1.8883705,0.22273888,0.05897623167011448,0.728023290171285
CASTOR3,1.8872294,0.43563157,0.05912947097030637,0.7294229076454949
SLC24A3,1.8866142,3.7257848,0.05921223705758193,0.730197806113395
LINC02386,1.8860549,2.1191587,0.059287562369301716,0.7306343670972432
SNAPC3,1.885518,0.21138738,0.05935994946552417,0.7311208741437415
UBE2W,1.8837765,0.1612578,0.05959520960484404,0.7336845835004697
OR51M1,1.8835155,3.6103034,0.05963054001073691,0.7338726950010026
AC116534.1,1.8825908,2.119437,0.05975585044751861,0.7351676915057576
CCNH,1.8800402,0.15319186,0.06010259713033877,0.7384470482275817
MARK4,1.8800365,0.4285183,0.060103105288652384,0.7384470482275817
ZNF529,1.8776127,0.27401978,0.06043416272652986,0.7422653657562817
PEX7,1.8755059,0.3164189,0.0607231546094473,0.7455646366522578
SUFU,1.8746371,0.33015555,0.06084266481848443,0.7465311347708175
ATXN7,1.8740815,0.20587969,0.06091919190865931,0.7472196189841955
ZC3H7A,1.8725489,0.20734416,0.06113069684857023,0.7493116662272334
TSPAN14,1.8722358,0.45480788,0.06117399890579448,0.7493658060573961
ATP8B1,1.8715384,0.16597864,0.06127048876533673,0.7500204546154146
ERGIC2,1.8705205,0.24450335,0.06141157992263295,0.7514962342856196
VPS41,1.8697001,0.18987723,0.06152547541092014,0.7526383440892674
AP003548.1,1.8689767,1.5986284,0.061626055573309926,0.7533651503135326
AC012076.1,1.8684957,0.41849232,0.06169301151479553,0.7539318579142007
CCDC30,1.8668475,0.5263067,0.06192288323527271,0.7557317270070745
PLEKHA8,1.8650204,0.25486973,0.06217854640428414,0.7580935965833457
DDIT4,1.8631896,0.66777146,0.062435606706439946,0.7600321894609127
PLXNC1,1.8631485,0.24101701,0.062441375746809226,0.7600321894609127
YPEL1,1.862481,0.5195169,0.06253531574676473,0.7605255336325237
SLC6A16,1.8624177,0.92916924,0.06254424349700545,0.7605255336325237
PARP12,1.8614445,0.38765,0.06268144309483212,0.7619407169425276
LINC01412,1.8612505,1.0244586,0.06270880759039527,0.762020274440922
AL137067.3,1.8597441,2.4588344,0.06292174534605614,0.7641004649671536
FAM174A,1.8594979,0.81552804,0.06295658894576947,0.7641768357514825
TCP11L1,1.8577752,0.20579603,0.06320094101051557,0.7664737050781578
ENO3,1.8568579,0.7367497,0.06333137001570467,0.7672927752217169
AL590705.1,1.8556087,1.3287214,0.06350934436680336,0.7689399646607245
TMEM101,1.8553141,0.96286964,0.06355137459565255,0.7691943986691399
MRPL3,1.8547772,0.22449301,0.0636280457777421,0.7698678028135996
LINC01184,1.8543894,0.16052568,0.06368346691867947,0.7700134053842334
AC109597.1,1.8542515,0.61262727,0.06370319366966637,0.7700134053842334
STK26,1.8524654,0.21818288,0.06395903107707829,0.7728506095913313
OAZ2,1.8512982,0.44113994,0.06412666459418881,0.7746204788158101
PCDH17,1.8510745,1.4936268,0.06415884021360242,0.7747534512233792
ANK2,1.8508321,0.11708791,0.0641937121751207,0.7748447238798439
ZMIZ1,1.8490311,0.3154095,0.06445332812554509,0.7772837768445061
MEX3A,1.8484159,0.3659822,0.0645422151539323,0.7778431402203082
ANXA7,1.845485,0.32586253,0.06496703054817252,0.7818781243203234
TCHP,1.8423975,0.2000751,0.0654170381384199,0.7860568000342438
ING5,1.841648,0.21304466,0.06552666594581899,0.7871156876543882
AKAP10,1.8407717,0.16105957,0.06565502978408602,0.7878818836483057
NMRAL1,1.8399886,0.33908913,0.06576991321522722,0.7890018333630061
GAN,1.8386537,0.2605435,0.06596614409734365,0.7905785331063768
KIF13A,1.8380011,0.15588419,0.06606224244306502,0.7914710755020042
ZNF337,1.8368974,0.1816524,0.06622504848956906,0.7929025187329791
FAM53B-AS1,1.8366438,0.24263355,0.06626249653389851,0.7930914439624654
CCDC90B,1.8359987,0.75652814,0.06635784741965876,0.7934542872939988
REV1,1.8354282,0.1724652,0.06644226923780204,0.7938771321558727
SUCLA2,1.8353201,0.21295844,0.0664582807280018,0.7938771321558727
NDUFS4,1.8351374,0.20706914,0.06648534184692471,0.793941271432069
BCL2L13,1.8338733,0.15186739,0.06667280930509721,0.7956739554637966
MKLN1,1.8338658,0.14097479,0.06667391659811109,0.7956739554637966
RRBP1,1.8337054,0.22313072,0.06669772706108813,0.7956986662851652
NIFK-AS1,1.832281,0.6305018,0.06690956012689783,0.7973253991118029
MEX3C,1.8322028,0.35942885,0.06692122144398947,0.7973253991118029
KLHL31,1.8315539,2.0236914,0.06701790816821798,0.7979710987428003
CERS5,1.8311847,0.23850253,0.06707297088846419,0.7982187686079503
KIZ,1.8309685,0.37564912,0.06710524715189921,0.7982187686079503
HHIP,1.8303719,0.5489272,0.06719435140493041,0.7987594854731594
YAF2,1.829462,0.15808828,0.06733042285996486,0.7993098158138312
P4HA2-AS1,1.8292159,0.95415515,0.06736726801267097,0.7993098158138312
FBXO33,1.8290704,0.42638764,0.06738904794630059,0.7993098158138312
YIPF4,1.8290406,0.17732301,0.0673935163411241,0.7993098158138312
ZNF213,1.828183,0.28615332,0.06752208699623843,0.8005752854387181
MMP24,1.8273963,0.83762723,0.06764021402745203,0.8014566117250799
KIAA1671,1.8268294,0.20306072,0.06772541558672515,0.8019469219960296
HECTD2,1.8252783,0.23055007,0.06795905034163614,0.8041930816534835
HOMER1,1.8249389,0.17669058,0.06801024620322428,0.8045387916238564
ATP2B1,1.8239955,0.11837332,0.06815274864137066,0.8048371825447674
ACTR3B,1.8239769,0.18326049,0.06815556736717514,0.8048371825447674
LDAH,1.8236898,0.17052898,0.06819898785080239,0.8049503883673712
AC004112.1,1.8230298,0.30974215,0.06829888480916811,0.8058097440492622
SPTB,1.8229179,1.7713286,0.06831582841411056,0.8058097440492622
WWP1,1.8225077,0.16071406,0.06837798453324284,0.8060900200514065
SOHLH2,1.8221722,0.9423361,0.06842887411201744,0.8063635612923215
C21orf62-AS1,1.8214114,0.9779052,0.06854433909220699,0.8069447909661847
CFAP161,1.8191518,1.3168445,0.06888828273514377,0.8104725285724839
MTERF1,1.8165267,0.24978349,0.06928962686080292,0.8146706176460802
NEK9,1.8155385,0.25059947,0.06944119763327918,0.8158482236768498
ODR4,1.8154378,0.17359936,0.06945665596505735,0.8158482236768498
ETV6,1.8149941,0.3114266,0.06952482080762735,0.8163739902623434
MRPS31,1.814856,0.26658335,0.06954602610961412,0.8163739902623434
SH3PXD2A,1.8141812,0.42700446,0.06964983669969436,0.8170684849504851
CNOT2,1.8122907,0.14776023,0.06994129850430333,0.8199620328494576
LINC02340,1.8094306,0.7437847,0.07038412999865691,0.8240977421883691
KLHL28,1.8090652,0.16953741,0.07044087618002014,0.8242348174759966
LINC01151,1.8071113,0.6632178,0.0707449317207467,0.8275280427967561
ACP6,1.8068801,0.34974402,0.07078097886222721,0.8276851780627407
HAGHL,1.8066078,0.5818458,0.07082344077102433,0.8278160522039534
CCNL2,1.805314,0.195129,0.07102556598601578,0.8297499970169689
CEP95,1.8017864,0.16979744,0.07157900796099267,0.8354155836671853
LUZP1,1.8014323,0.20819713,0.0716347808923902,0.8358000049226565
TM6SF2,1.8004552,4.5512543,0.07178878130346109,0.8371866179826692
AL353759.1,1.8003881,0.9534538,0.071799371433775,0.8371866179826692
MFSD14C,1.8001084,0.1459149,0.07184351075357645,0.8374345022584878
FBXL4,1.7990681,0.14844458,0.07200790421540024,0.838816455183916
CCK,1.798837,1.3902084,0.07204447790581946,0.8389215844300532
SCARB2,1.7987213,0.15175284,0.07206277045567298,0.8389215844300532
TXNL1,1.7978339,0.21239434,0.07220333677823582,0.8399285774927356
MECOM,1.7977407,0.16786237,0.07221811517088711,0.8399285774927356
LINC00871,1.7969352,0.6728404,0.07234590366324739,0.8411475285827567
AC211433.1,1.7961782,0.15749215,0.072466169887934,0.8422782737593751
PICALM,1.7949888,0.181561,0.07265549032574962,0.8436750004482113
BTBD1,1.7928149,0.17852156,0.0730025357406181,0.8471673464306795
DCAF16,1.7921735,0.23479883,0.07310518179690983,0.8477808244278532
CC2D1A,1.7921548,0.7810519,0.07310816745920498,0.8477808244278532
ANKS3,1.7920505,0.28316486,0.07312488901174101,0.8477808244278532
CHUK,1.7915395,0.24072231,0.07320675029565711,0.848227182650353
LSP1,1.791521,4.264493,0.07320973935117799,0.848227182650353
PGBD5,1.7911294,2.8814628,0.07327253258390681,0.8486860649061941
KCNMB2-AS1,1.7905514,0.42058545,0.07336530787284944,0.8494918169737937
ZNF24,1.7896528,0.2709027,0.07350974930479579,0.8504493361827696
UTP20,1.7894589,0.15741974,0.07354094557576203,0.8504493361827696
LARGE-AS1,1.7893022,0.17595781,0.07356615046722183,0.8504721014689786
ATF6,1.7878256,0.15434797,0.07380414406682853,0.8524157390312372
DSE,1.7870687,0.25319812,0.07392638967854578,0.8531800479878329
SFSWAP,1.7869829,0.17159668,0.07394025060018594,0.8531800479878329
AC244517.2,1.7866883,0.6887622,0.07398787603461279,0.8534605265499094
DDX19B,1.7851111,0.29757562,0.07424330987603558,0.8561371722661558
NEK11,1.7844175,0.83081865,0.07435585619721777,0.8571649425746038
PC,1.7825568,0.20593019,0.07465848383727228,0.860111793178471
MBP,1.7806438,0.5126761,0.07497065018451196,0.8628933230828058
ETFDH,1.780368,0.4361835,0.07501576787192117,0.863141188267899
PUDP,1.7801255,0.18515337,0.07505541656241668,0.8633259904465785
ATF2,1.7790143,0.16188888,0.07523740967854209,0.8648757637073866
RAB4A,1.7783133,0.21579148,0.0753524093591191,0.8653823454512451
MYCBP2-AS1,1.7774296,0.17113365,0.07549758678509279,0.866505855729439
TUBD1,1.7770008,0.24016088,0.07556811375007294,0.8670434267606332
RBM18,1.7763445,0.8011313,0.07567615478258029,0.8677390166657961
NR2C1,1.7752557,0.2296022,0.07585568271697736,0.8695251622687404
PCF11,1.7731824,0.27474642,0.07619848434670205,0.8729078953282133
AC023282.1,1.7725149,0.33465505,0.07630911525134038,0.873901729447531
AC097522.2,1.7723248,1.1049987,0.07634065975633178,0.873989517591961
FASTKD2,1.7709861,0.2002255,0.07656300935020745,0.8759870913494663
IPO8,1.7704417,0.25911012,0.07665358655913264,0.8765251329833076
GCFC2,1.7694237,0.14523491,0.07682318793426546,0.8781403815059494
AF117829.1,1.7683909,0.5290657,0.07699558683300758,0.8795616334815576
TMEM232,1.7675481,0.30267382,0.07713647788146342,0.8802788312122255
AC096677.1,1.7674698,3.83478,0.07714958018857031,0.8802788312122255
PANK3,1.76744,0.2948977,0.07715457202067756,0.8802788312122255
MIGA1,1.7665375,0.19164982,0.07730569938729262,0.8817282341147702
RASA1,1.765982,0.13083807,0.07739886878875753,0.882515886771749
TBC1D14,1.7632823,0.23189867,0.07785288757571238,0.887139955840177
IL7,1.7616938,0.33368948,0.07812104315880325,0.8899185498460498
SRPK2,1.7592552,0.13603267,0.07853418151359759,0.8943464771559382
NCAM1,1.7575101,0.16944937,0.07883091184548878,0.8968884689016895
LINC02246,1.7567233,0.45265687,0.07896499210811386,0.8981347657393025
NENF,1.7559775,0.47802943,0.07909225360144469,0.899045182915141
GGA1,1.7559663,0.38108155,0.07909416379297708,0.899045182915141
KCNQ1,1.754732,1.0070816,0.07930515216379759,0.9003250230605321
CCDC65,1.7539937,0.19394152,0.07943158135156544,0.9010379624891441
TMX3,1.753934,0.17554036,0.07944180500402907,0.9010379624891441
LARP1B,1.7526886,0.14148898,0.07965546814023414,0.9025314981934539
MTMR3,1.752614,0.1624421,0.07966827714950278,0.9025314981934539
CSAD,1.7525917,0.23448625,0.07967212017876696,0.9025314981934539
IP6K3,1.7494706,2.6673713,0.08020970132523286,0.9074977676058263
CASC4,1.7489,0.21186985,0.08030828671556045,0.9083323863029135
DAPK1,1.7485832,0.15240306,0.0803630988976096,0.908671542400806
DCTD,1.7480052,0.36156216,0.08046312875809061,0.9092554001396977
VAC14,1.7476696,0.24641773,0.08052125700774773,0.90961682954956
TBC1D7,1.7460624,0.41463238,0.08080009967905748,0.9119224324246632
SLC25A53,1.7452943,0.64212936,0.08093365149970463,0.9125855140297872
ZNF197,1.7448133,0.2501695,0.0810173746816191,0.9132482077985651
LYPD6B,1.7402157,1.3873278,0.08182116533572055,0.9206075845228121
PRXL2A,1.7399732,0.30007917,0.0818637175901422,0.9208032967169006
OSBPL9,1.7389255,0.18322389,0.08204788084822626,0.9225912402230197
RCL1,1.7387315,0.15440077,0.08208199769655417,0.922691399782426
HDAC8,1.737158,0.14595686,0.08235929477816933,0.9247021114677215
AC083798.2,1.7369305,0.24105862,0.08239944076255952,0.9248395986968541
RECQL5,1.7363077,0.28799385,0.08250942980047639,0.9255064787395759
LINC01643,1.7360207,2.6099198,0.08256018338310757,0.9255085059740031
MPPED2,1.7343949,0.9763431,0.08284804484932307,0.9284510990600348
AKAP6,1.7322321,0.18743658,0.08323223995503566,0.9319006468627288
DGLUCY,1.7310016,0.21475504,0.08345147713305368,0.9337840154530411
MRAS,1.7305653,1.2638139,0.08352931889702848,0.9343693768185023
CCDC88C,1.7303752,0.34701282,0.0835632683200133,0.934463545304249
NBDY,1.7270378,0.23904093,0.0841608681933735,0.9397107799712212
FAM106A,1.7257365,0.3127341,0.08439483415104966,0.9414615436643001
AQP3,1.725524,0.31233636,0.08443309630842649,0.9416013887826684
MAGED1,1.7241368,0.1840515,0.08468315208465525,0.9438148749849168
SHQ1,1.7216758,0.21744171,0.08512827354673579,0.947621636278612
LINGO1,1.721247,1.3827082,0.08520602579306616,0.9481987686384964
RABEP2,1.7207547,0.46436566,0.08529534261910687,0.9489042052285502
CCDC171,1.7198821,0.4647782,0.08545386301587786,0.9496790455020996
CDK17,1.7198523,0.1616229,0.08545928672394476,0.9496790455020996
AIDA,1.7198001,0.38062984,0.08546877888265118,0.9496790455020996
WBP1L,1.7191364,0.6632596,0.0855895392198435,0.9501834742119779
NCS1,1.7186143,0.2838291,0.08568461611928171,0.9501834742119779
ZKSCAN1,1.7183944,0.17608659,0.08572470979884957,0.9501834742119779
KIF9,1.7183496,0.65500766,0.08573286630071725,0.9501834742119779
TBC1D10B,1.7183198,0.8194787,0.0857383043170578,0.9501834742119779
APPBP2,1.7172794,0.16691266,0.08592812958390722,0.9514305384279408
DIXDC1,1.7172235,0.23302694,0.08593834485513434,0.9514305384279408
TP53I3,1.7155678,0.8107626,0.0862411615251728,0.9536292305084139
RNF213,1.7133566,0.18676257,0.08664694277149616,0.9566626369173217
AL162253.2,1.7110001,0.52986664,0.08708110677548854,0.9601974234743924
RBFOX2,1.7107912,0.1382444,0.0871196615381884,0.9601974234743924
ELOA-AS1,1.7107353,0.15171705,0.0871299910457932,0.9601974234743924
UTP14A,1.7102543,0.21391831,0.08721886562047673,0.960667379047568
ZNF780B,1.7099932,0.25955763,0.08726712274560403,0.9609097351419534
SLC22A23,1.7094376,0.14956084,0.08736991322621868,0.9614630769671768
RAB22A,1.7090424,0.3013195,0.08744309879538208,0.9615759440484702
SPG21,1.7089566,0.48559967,0.08745898521180726,0.9615759440484702
GCH1,1.7086285,0.6191934,0.08751978952312545,0.961826204044679
CWC27,1.7085502,0.1472737,0.08753430468218971,0.961826204044679
PIGP,1.7083563,0.9934825,0.08757025533973785,0.9618640664016516
PAIP2B,1.7082481,0.36235484,0.08759030991821821,0.9618640664016516
UBXN2A,1.7077,0.18290153,0.08769202288221217,0.9626921804174708
SPIN2A,1.7070326,0.59280723,0.08781600606405593,0.963764209280513
AL031705.1,1.7064247,1.8522424,0.08792902990596657,0.9647153547926507
ENTPD6,1.7056789,0.27833515,0.0880678697170661,0.9650814669204599
DARS2,1.7051308,0.16227302,0.08817002965069638,0.9659117794807358
AC022872.1,1.704001,0.35223857,0.08838090566018475,0.9676426946061687
SUSD1,1.7033223,0.2184238,0.08850776578309329,0.9684522377958138
SNRPN,1.7025989,0.6814529,0.0886431518734524,0.9696437542499197
ELK3,1.7016369,0.138081,0.08882345993639133,0.970745732198226
NEURL1B,1.7014056,1.935145,0.08886683379459655,0.9709298458853816
NEGR1,1.7011111,0.29473862,0.08892212520962188,0.971244018143053
KREMEN2,1.6986761,1.0621002,0.08938021639971229,0.9753742696618574
MYOG,1.6971772,2.0986345,0.0896631704859788,0.9777336423054057
AC105052.4,1.696491,0.4473558,0.08979292219003078,0.9787107638705529
TMEM201,1.6960473,0.6917471,0.0898769181572093,0.9793346476546643
HEXA,1.6957564,0.34781837,0.08993200864532189,0.9793518144681422
CD63,1.692792,0.35749805,0.0904950595494941,0.9846586178970738
PIGU,1.6924826,0.21953273,0.09055400662331566,0.9849531044338711
SEMA6D,1.6914533,0.068863474,0.09075024556915587,0.9867875158852935
LCA5L,1.6913154,0.7634447,0.09077657894554202,0.9867875158852935
LMX1A,1.6891117,1.7504216,0.09119803493900902,0.9907804324139712
POLR2J3,1.6887462,0.15185872,0.09126807286326849,0.9912471023348636
MAMSTR,1.6877059,0.9675361,0.09146770335763331,0.9931205608403253
RAD54L2,1.6867177,0.17544314,0.0916576414010953,0.994887702527132
DNAJC7,1.6858302,0.2023796,0.09182849731701288,0.9954273860769927
LYG1,1.6857818,0.7641033,0.09183783714883756,0.9954273860769927
MRPL19,1.6857147,0.14670144,0.09185077048374983,0.9954273860769927
COX15,1.6854239,0.36308932,0.09190683184697414,0.9954273860769927
CCDC192,1.6852635,0.7056512,0.09193774922368468,0.9954273860769927
AC011416.4,1.6845102,2.7890553,0.09208310083854161,0.9962792299127934
WAPL,1.684499,0.1369606,0.09208526091623126,0.9962792299127934
HIF3A,1.6821834,1.8316724,0.09253327401575741,1.0
NUBPL,1.6817584,0.16782576,0.09261570779353474,1.0
IMPAD1,1.681143,0.3597145,0.0927351242600945,1.0
GNB3,1.6795173,0.26261696,0.09305126816864569,1.0
METTL6,1.6790848,0.31387386,0.09313552537353723,1.0
KALRN,1.6783614,0.9186323,0.09327657510023524,1.0
NBPF15,1.678216,0.2467335,0.09330495113978585,1.0
TMEM87B,1.6780295,0.9576125,0.09334134080978244,1.0
PPIL6,1.6774925,0.69928235,0.0934462066861995,1.0
IFFO1,1.676937,0.77418756,0.09355481321760396,1.0
ZNF133,1.6763963,0.1940003,0.09366060133316673,1.0
AP001767.3,1.676262,0.51496357,0.09368688083171854,1.0
TRHR,1.6745505,0.6144401,0.09402246313697052,1.0
LINC02056,1.6716979,1.1236727,0.09458390825810098,1.0
YARS2,1.6715636,0.22184123,0.09461039525867897,1.0
AGO4,1.6707209,0.747711,0.09477681058340154,1.0
E2F8,1.6682898,0.79077595,0.09525822613759424,1.0
UPP2,1.6672605,1.663593,0.09546260467295858,1.0
DUSP4,1.6662799,1.1078203,0.09565768325952051,1.0
CSNK2A2,1.6660337,0.17859854,0.09570668840643196,1.0
SIX1,1.6658138,0.574039,0.09575051305049505,1.0
PIK3CA,1.6653402,0.32188153,0.09584490196350431,1.0
FGFR4,1.6631812,2.8309786,0.09627617045516407,1.0
ARMC8,1.6622266,0.17175844,0.09646734660261527,1.0
CNOT9,1.6619134,0.23086125,0.09653014241136315,1.0
PRCD,1.661313,0.6674674,0.09665059244650633,1.0
TMBIM4,1.6603025,0.3258719,0.09685360899965269,1.0
ACVR2A,1.6601012,0.16111197,0.09689410320300121,1.0
CRACR2B,1.658453,0.7013807,0.09722606494314526,1.0
MED13,1.6573828,0.12960796,0.09744210120066968,1.0
NAMPT,1.6563909,0.270575,0.09764267237392471,1.0
ARHGAP15,1.6559286,0.81056774,0.09773628440063943,1.0
USP8,1.6553618,0.12851699,0.09785113244788983,1.0
PPFIA1,1.6532587,0.18494771,0.09827822179422396,1.0
FKBP15,1.652252,0.24075025,0.0984832057734233,1.0
SLC27A1,1.6520543,1.0113794,0.0985234834278587,1.0
AGTPBP1,1.6509767,0.13215934,0.09874334210340203,1.0
SETX,1.6499549,0.14712167,0.09895215097956944,1.0
TEX10,1.6494814,0.14389373,0.09904905412257044,1.0
RASA4,1.6487169,1.5201861,0.09920563236547364,1.0
CDC16,1.6485939,0.2291555,0.09923085609107597,1.0
DHX32,1.6471732,0.13480301,0.0995224462512482,1.0
RAB8B,1.6470203,0.31444186,0.09955386541541238,1.0
SIN3A,1.6462485,0.1841194,0.09971261472239011,1.0
AKR1E2,1.6454281,0.59096766,0.09988155505935792,1.0
PRR26,1.6441641,0.38919112,0.10014232355341442,1.0
NDST1,1.6422399,0.29412338,0.10054028713582248,1.0
DSTYK,1.6383395,0.16489497,0.10135087872584148,1.0
IGSF21-AS1,1.6379704,0.39302334,0.10142786705527042,1.0
EXD2,1.6363335,0.77512324,0.10176982106496313,1.0
SLA,1.6362365,0.16520017,0.10179010222055353,1.0
C11orf54,1.6360687,0.26889867,0.10182521182434481,1.0
KATNBL1,1.6353676,0.21252815,0.10197199622971022,1.0
AL354740.1,1.6350358,0.16610222,0.10204154330654318,1.0
EFCAB14,1.634305,0.5516368,0.10219483627997589,1.0
TIPRL,1.6331192,0.41836533,0.10244393612613784,1.0
AL139353.2,1.6319371,0.23967883,0.10269273321611333,1.0
AC011603.2,1.6317059,0.20893438,0.10274144999501127,1.0
TXNRD3,1.6313778,0.37145913,0.10281062795140547,1.0
ZKSCAN8,1.6307998,0.32444236,0.10293256557814502,1.0
AC073389.2,1.6296811,0.6641532,0.10316890060302765,1.0
RANBP3L,1.6291256,1.278892,0.10328644058301681,1.0
IPP,1.6291144,0.4136854,0.10328880825269596,1.0
MAK,1.628775,0.12264415,0.10336064807406417,1.0
MPLKIP,1.6282866,0.38186777,0.10346413558125363,1.0
ARRDC3-AS1,1.6268137,0.39058995,0.10377667671153615,1.0
PRDM2,1.6265191,0.14368677,0.1038392748762692,1.0
DOCK1,1.6256764,0.14271559,0.10401851887384805,1.0
NSD1,1.6255049,0.25249898,0.10405503225675027,1.0
NAMA,1.6244235,2.7859032,0.10428545983152264,1.0
ITGA3,1.6243042,1.1620883,0.10431091113260214,1.0
TOP1,1.6243042,0.13615905,0.10431091113260214,1.0
AC109361.1,1.6238567,1.2633834,0.10440639745444748,1.0
GTPBP10,1.6235286,0.14788352,0.10447646486738192,1.0
RGS16,1.6231147,0.49191925,0.10456489860703026,1.0
ASRGL1,1.6219624,0.19579253,0.10481139209426334,1.0
AC078785.1,1.6212093,0.45618978,0.10497277943456144,1.0
MCM3AP,1.6197475,0.14910655,0.10528652953446362,1.0
FAM120A,1.6190987,0.13529898,0.10542603442117675,1.0
TET3,1.6187184,0.12160943,0.10550788131224266,1.0
ZNF283,1.6178831,0.6458995,0.10568780042727538,1.0
PDCD6IP,1.6176481,0.1671535,0.10573844650630419,1.0
CKMT2-AS1,1.6175773,0.18327928,0.10575372449860684,1.0
DYRK2,1.617417,0.25767127,0.10578830747328645,1.0
AC060780.1,1.6173311,0.8985774,0.10580680902542076,1.0
AC007569.1,1.6171783,0.7239502,0.10583979641857859,1.0
KLC1,1.6169583,0.1347873,0.10588728039662648,1.0
PNPLA8,1.6151721,0.1694461,0.10627341160549986,1.0
ARL5A,1.6149074,0.17659919,0.10633074096905754,1.0
ATG2A,1.6138148,0.67376584,0.10656758493949067,1.0
VPS54,1.6127522,0.1258699,0.10679836318113645,1.0
FNBP1L,1.6108094,0.23233137,0.10722126561178556,1.0
SUDS3,1.610347,0.35486084,0.10732211319621338,1.0
ASB14,1.6101867,0.4559441,0.1073571020752705,1.0
AC020779.2,1.6100749,0.62128717,0.1073815182714046,1.0
ZNF516,1.6091166,0.19523625,0.10759086395501431,1.0
APPL2,1.6087176,0.17961152,0.10767811867857485,1.0
AL157911.1,1.6081694,0.78136206,0.10779808334746212,1.0
TRIM73,1.6078674,0.43585083,0.10786423153358876,1.0
RAB30-DT,1.6078674,0.34924325,0.10786423153358876,1.0
GDAP2,1.6075094,0.3106146,0.10794267099274592,1.0
ZC3HC1,1.6068829,0.32439604,0.108080048698549,1.0
TGOLN2,1.6064019,0.34067637,0.10818562905449491,1.0
UGDH-AS1,1.6046605,0.5596536,0.10856852912778152,1.0
HDHD2,1.6033107,0.22161894,0.10886607525290837,1.0
MAU2,1.6025127,0.26171792,0.10904227582155641,1.0
ASIC4,1.6016029,1.1959937,0.10924345250371807,1.0
ZNF277,1.6009355,0.14402181,0.10939122357339215,1.0
UBL3,1.6009167,0.20167927,0.10939535352459354,1.0
PUM3,1.6005104,0.118397094,0.10948541710029229,1.0
AL691420.1,1.6003127,1.5670595,0.10952923065642427,1.0
TDRD3,1.5998913,0.13137068,0.10962269074227005,1.0
NBAS,1.5988958,0.11211193,0.10984377165191833,1.0
TAPT1,1.5986943,0.25891015,0.1098885274541841,1.0
TIGD1,1.598191,0.93618995,0.11000048000831904,1.0
CUL1,1.5970238,0.116181046,0.11026039078709396,1.0
CCDC146,1.5968747,0.4966338,0.11029364115486694,1.0
CCNL1,1.5962967,0.24954797,0.11042256115229156,1.0
CARD14,1.5936269,0.9673627,0.1110196338794991,1.0
INTS13,1.5929147,0.17972216,0.11117933873677274,1.0
AC022182.1,1.5921167,1.2255487,0.11135849042149704,1.0
INTS4,1.5920048,0.31965142,0.11138362334144765,1.0
MBTPS2,1.5910689,0.23577303,0.11159407755174984,1.0
SLC5A4,1.5904573,0.40687156,0.1117317548722685,1.0
LRRFIP2,1.5897003,0.1613166,0.11190235808918153,1.0
ZNF461,1.5891373,0.4681169,0.11202939320855061,1.0
AC092747.4,1.5874034,0.6372494,0.11242130864217241,1.0
SRPK3,1.5859454,2.0089824,0.11275169069164827,1.0
LNPEP,1.585938,0.14647137,0.11275338259056301,1.0
GSDME,1.5856471,0.14506221,0.11281938225822048,1.0
TRAFD1,1.5849721,0.5559705,0.1129726526420153,1.0
TRIM62,1.5846814,1.0137588,0.11303875343585577,1.0
MTURN,1.5843383,0.7168908,0.11311675764384146,1.0
GABRA5,1.583656,0.24568161,0.11327204427554777,1.0
ANKRD50,1.5829773,0.45360693,0.11342664887459507,1.0
AC023051.1,1.5824739,0.35156366,0.11354143545306487,1.0
PDK1,1.582306,0.15786526,0.11357971797185487,1.0
CPNE1,1.5821495,0.19939056,0.11361545749440015,1.0
LINC01176,1.5820973,0.9576968,0.11362737263668547,1.0
AC005746.2,1.5814409,1.2692171,0.11377724696548859,1.0
NOL3,1.5805386,0.68745077,0.11398357830225175,1.0
FAM118B,1.5804379,0.32869208,0.11400661699709408,1.0
AC074138.1,1.5802329,0.698166,0.11405355901254081,1.0
STARD3NL,1.5792707,0.3271189,0.11427396288346603,1.0
HDDC2,1.5785474,0.48331782,0.11443991364458833,1.0
UBR5-AS1,1.577824,0.29542127,0.1146060540160708,1.0
PKIA-AS1,1.577246,0.29894838,0.11473893138686674,1.0
MIA2,1.5765674,0.23211734,0.11489510983373001,1.0
WDR19,1.5762429,0.4136186,0.11496982561972362,1.0
HSPBAP1,1.5759447,0.19554593,0.11503856351759678,1.0
ABCA4,1.5740541,1.7693667,0.11547494184131249,1.0
NPC1,1.5729653,0.22763003,0.11572685826105339,1.0
ATG13,1.572872,0.27657822,0.11574844650968058,1.0
MCCC2,1.5725999,0.16861086,0.11581150231413503,1.0
MIPOL1,1.569848,0.14793393,0.11645048788608298,1.0
SSBP4,1.5697994,0.55551463,0.11646176850336923,1.0
CCDC7,1.5697994,0.44824457,0.11646176850336923,1.0
ESYT1,1.5692961,0.26105684,0.11657896412712553,1.0
HFE,1.5682558,1.1364723,0.1168214619624744,1.0
NPRL3,1.5681587,0.15502758,0.116844080490582,1.0
CEPT1,1.5678829,0.1940234,0.11690847512549936,1.0
CD58,1.5658096,0.34560117,0.11739319680455144,1.0
AL596451.1,1.5656828,0.60078627,0.11742288916486841,1.0
CACNA2D1,1.5650638,0.10351231,0.11756794240448454,1.0
LINC02250,1.5648849,0.68315166,0.11760991171003604,1.0
EIF2S3,1.5638967,0.13470098,0.1178418289301566,1.0
CSNK1D,1.5607495,0.18783867,0.11858285527493821,1.0
AL035530.2,1.5589261,0.6773279,0.1190138627793026,1.0
AL161725.1,1.5587807,0.35988176,0.11904829041166665,1.0
IARS2,1.5584675,0.1750089,0.11912246874639469,1.0
SMARCA5,1.5584004,0.12830722,0.1191383688156387,1.0
CAB39,1.5576434,0.14672963,0.11931780143699955,1.0
AC083843.1,1.5573674,0.30823117,0.1193832630136878,1.0
USP2-AS1,1.5568715,0.16781577,0.1195009876637802,1.0
AC245452.1,1.556219,0.33099657,0.11965602706427687,1.0
INTS2,1.5557976,0.1616439,0.11975622191148073,1.0
STYX,1.5545708,0.39920363,0.1200483138771941,1.0
AC010320.4,1.5543433,0.3359073,0.12010253200332088,1.0
LRRN1,1.5541346,0.31617665,0.12015232290008396,1.0
LANCL1-AS1,1.5518339,0.19891948,0.12070198252484846,1.0
CORO7,1.551021,0.5467392,0.12089665946317281,1.0
IBTK,1.5507413,0.18640025,0.12096369224863918,1.0
OVCH1-AS1,1.5498837,2.9895298,0.1211694408036137,1.0
MON2,1.5479596,0.112463154,0.12163202923912343,1.0
AP001020.3,1.5477321,0.5933104,0.12168680623641942,1.0
MAP2K4,1.5477209,0.18284415,0.12168950068468179,1.0
MTPAP,1.5476016,0.265128,0.12171824436898382,1.0
DPH6-DT,1.5469639,0.71897,0.12187193342254228,1.0
XKR6,1.546826,0.13117632,0.12190520773576413,1.0
NDUFAF7,1.5456402,0.20215313,0.12219147987729247,1.0
PDZK1,1.5455284,0.24550639,0.12221851378280701,1.0
GRM7,1.5452449,1.5454857,0.122287020598109,1.0
TSEN2,1.5449765,0.16633338,0.1223519494705525,1.0
FPGT,1.5438988,0.584687,0.12261283787735461,1.0
ITFG2,1.5436118,0.22770031,0.12268242121162191,1.0
ENTHD1,1.5429629,4.0782127,0.12283977509593294,1.0
NRDC,1.5405279,0.1271491,0.12343171068844845,1.0
KLRG1,1.5400656,0.2982196,0.1235443661735046,1.0
UBC,1.5385181,0.13035285,0.12392198255474693,1.0
FAM92A,1.53731,0.27720386,0.12421742193218142,1.0
HCFC2,1.5359862,0.2566969,0.12454175924675075,1.0
IQCH,1.5358222,0.21263579,0.12458200476545296,1.0
MRS2,1.5350839,0.2997221,0.1247632351332419,1.0
LINGO1-AS1,1.5343269,3.3458886,0.12494925539494528,1.0
DOCK9-AS1,1.533995,0.95751536,0.1250308792312843,1.0
ACOX1,1.5338981,0.32521254,0.12505473224114766,1.0
LDLRAD4,1.533596,1.6346536,0.12512906628365444,1.0
PTK7,1.5331523,0.24100174,0.12523833555444458,1.0
ENOX2,1.5305831,0.2506626,0.12587245806839809,1.0
VAPB,1.5292854,0.12759888,0.1261936898646453,1.0
IFT43,1.5271713,0.29680777,0.12671844328980542,1.0
GPR89B,1.5259258,0.3333035,0.12702835138752816,1.0
POLR3D,1.5253664,0.4205193,0.12716772346192712,1.0
SAMD4B,1.5243112,0.18440771,0.12743099609494332,1.0
HEXD,1.5228271,0.39319205,0.12780196955876916,1.0
AC099792.1,1.5222081,4.0712852,0.12795694516935135,1.0
PRKRIP1,1.5220664,0.124670364,0.12799244206023083,1.0
MTERF2,1.5219992,0.65516543,0.12800925904925478,1.0
ATM,1.5215518,0.14431001,0.1281214162196554,1.0
COA4,1.5196016,0.40169707,0.12861112688598367,1.0
WDR25,1.5188708,0.23286043,0.12879502561610376,1.0
ANXA6,1.5185724,0.27055824,0.12887014501377753,1.0
ITCH,1.5184792,0.1220614,0.12889362680538743,1.0
CNPY2,1.5183636,0.26658002,0.1289227488436538,1.0
AL161757.5,1.5175918,0.14253542,0.12911733995907332,1.0
SPRED1,1.5174464,0.14923579,0.12915402758202013,1.0
RNF141,1.5169877,0.85774213,0.12926978774265316,1.0
CHD7,1.5165775,0.08840234,0.129373381335253,1.0
ZNF783,1.5162829,0.52244246,0.12944782014033826,1.0
MED25,1.5148772,0.5433584,0.12980351160839737,1.0
ZNF790-AS1,1.5140941,0.17872778,0.13000197090863305,1.0
ACVR2B,1.5132626,0.18812825,0.13021297353938488,1.0
CBWD5,1.5118419,0.2218701,0.13057409061567812,1.0
STARD9,1.5111893,0.10339315,0.13074021821060944,1.0
KATNAL2,1.5092727,0.33822897,0.13122910671477042,1.0
MXI1,1.5092615,0.19209307,0.13123196430457415,1.0
MEGF8,1.5090266,0.46291503,0.1312919848360703,1.0
METTL21A,1.5084449,0.16103804,0.1314406987033522,1.0
GKAP1,1.5077401,0.28022847,0.13162104617272818,1.0
LINC01376,1.5063008,0.1396721,0.1319899706604959,1.0
MAN2B2,1.5057676,0.3693788,0.13212684797499574,1.0
VPS37B,1.5056893,0.13061637,0.13214695809659058,1.0
SMARCE1,1.5055923,0.24435571,0.13217185962767694,1.0
AC021683.2,1.5045893,0.28577054,0.1324297081128163,1.0
TOM1,1.5042723,1.3987197,0.13251126535467478,1.0
DLEU1,1.5030307,0.10829841,0.1328311526022668,1.0
EARS2,1.5029001,0.22133541,0.1328648090788876,1.0
ESYT3,1.5026652,1.8283542,0.13292540737468897,1.0
ZNF692,1.5023743,0.18529709,0.13300046347933325,1.0
URM1,1.501815,0.52365756,0.13314489435010612,1.0
C8orf37-AS1,1.5009425,0.32348135,0.13337044888924343,1.0
TPD52L2,1.5005621,0.2618009,0.13346886002766864,1.0
C1orf226,1.4998611,1.2642972,0.1336503924815838,1.0
POLL,1.4998238,0.6306329,0.13366005381135992,1.0
AC006145.1,1.4996186,0.3820673,0.13371320078410445,1.0
TNNI1,1.4987535,3.3000407,0.1339375643309411,1.0
GNL1,1.4987051,0.6394119,0.13395014503682426,1.0
AC090945.1,1.4979258,0.16838247,0.13415252957253668,1.0
AC100800.1,1.497881,0.1969652,0.13416415691199637,1.0
SLC28A2,1.4964939,1.1735792,0.13452499113323907,1.0
CHFR,1.4958451,0.15587074,0.13469402575965303,1.0
SRSF6,1.4956996,0.16549768,0.1347319353451197,1.0
TRIM16,1.4950397,0.28311753,0.13490409020045413,1.0
RAB10,1.4939098,0.11468247,0.135199190516563,1.0
LMOD3,1.4935071,1.7238386,0.13530449527521962,1.0
LYPLAL1-AS1,1.4929142,1.0929159,0.13545964258351517,1.0
AC055855.1,1.4923437,0.29012656,0.13560906498329142,1.0
SNX32,1.4923139,0.3400362,0.1356168814200896,1.0
KLF3-AS1,1.4916762,0.64239496,0.1357840409820044,1.0
CMC1,1.4911803,0.13147001,0.1359141639435615,1.0
RYK,1.4908372,0.124403685,0.13600423013534846,1.0
PAK3,1.4904531,2.8311853,0.13610511977947534,1.0
LACTB,1.4904084,0.4701718,0.13611687766972974,1.0
RPL22L1,1.4899423,0.35675365,0.13623940232628046,1.0
HDAC2,1.4897186,0.14312574,0.13629824439388513,1.0
LINC02334,1.489685,1.1934044,0.13630707239574338,1.0
AZIN1-AS1,1.4886335,0.37516817,0.13658390675233897,1.0
NEK3,1.4880369,0.4394687,0.1367411687021591,1.0
GIT2,1.4874104,0.21919332,0.13690644407830754,1.0
CEP170,1.4872501,0.12400571,0.1369487714656454,1.0
PPP2R3B,1.4870673,0.1725515,0.13699701730616515,1.0
GPC1,1.486508,1.6669719,0.1371447901603386,1.0
RNF150,1.4849195,0.13253152,0.13756513549084673,1.0
AC048382.5,1.4839612,0.37187234,0.13781920410113135,1.0
DESI2,1.4838419,0.16925953,0.13785086441039487,1.0
NMNAT3,1.4836406,0.3397767,0.13790430389499997,1.0
TANK,1.4833795,0.1626697,0.13797360106577636,1.0
RPAP2,1.4832677,0.1204997,0.13800330806816746,1.0
RPS6KB1,1.4819552,0.11484719,0.13835223860038454,1.0
NSUN3,1.4800944,0.31852236,0.13884805165733666,1.0
LINC02062,1.4799117,0.3455955,0.13889681240492877,1.0
PARP11,1.4798446,0.43505204,0.13891472782796743,1.0
PRR5L,1.4794382,0.6859509,0.1390232536870714,1.0
PIGB,1.4794046,0.525769,0.13903221745498662,1.0
FAM162A,1.478957,0.19818889,0.13915177689199457,1.0
TXNRD2,1.4788042,0.265246,0.13919264450570476,1.0
SLC25A36,1.477212,0.14706416,0.13961881521786218,1.0
EHBP1L1,1.4755303,1.2275233,0.14007002909244948,1.0
ACTR3C,1.4748218,0.63160884,0.1402604547296575,1.0
ITSN2,1.47471,0.15081607,0.14029054013081824,1.0
IL11RA,1.4739493,0.7622405,0.14049525251551606,1.0
AAMDC,1.4719692,0.1552003,0.141029184038993,1.0
OIP5,1.4706492,0.17888662,0.14138600403131882,1.0
ABCB9,1.4705746,0.5546593,0.14140618403913668,1.0
PPCDC,1.4698027,0.22952403,0.1416151771441063,1.0
INPP4B,1.4695902,0.45708483,0.1416727676213002,1.0
PRSS12,1.4693776,0.18476152,0.14173037608990052,1.0
ZNF862,1.469318,1.1687317,0.14174655012242884,1.0
LINC00894,1.4692695,0.41568092,0.14175969256790197,1.0
TMEM87A,1.4680464,0.1359202,0.1420915964310684,1.0
AL161430.1,1.4678489,0.37114236,0.14214528320080205,1.0
PHTF1,1.4672076,0.4074592,0.14231961927357936,1.0
SMIM14,1.4667488,0.4018605,0.14244439048557303,1.0
TTLL3,1.4665028,0.43050268,0.14251137550492612,1.0
OLMALINC,1.4658539,0.7025129,0.1426880882910201,1.0
SEC31B,1.4658502,0.35097277,0.14268910436762172,1.0
SMAP1,1.4654735,0.091044605,0.14279175671496055,1.0
CAPZA2,1.464959,0.1622083,0.14293210599622436,1.0
PRR5,1.4646235,0.7620163,0.14302369515560717,1.0
WDR48,1.4646047,0.3021778,0.14302878476243264,1.0
TIMMDC1,1.4644109,0.40582484,0.14308172491260157,1.0
CBWD3,1.4643736,0.19880839,0.14309190743426892,1.0
ZNF565,1.4641573,0.121651955,0.14315097702527024,1.0
AC138305.1,1.4640081,0.14658993,0.14319172557398435,1.0
AC007681.1,1.463158,0.49952582,0.14342416225801863,1.0
GRB2,1.4625576,0.14009625,0.14358846945016465,1.0
KCNIP3,1.4620318,2.0906055,0.1437324843598785,1.0
DLGAP3,1.4612302,1.7008823,0.14395229475768773,1.0
CA5B,1.4598243,0.18038124,0.14433835183293328,1.0
EZH1,1.4581912,0.32527122,0.1447878703760962,1.0
ADAMTS14,1.4574715,1.3374233,0.14498628602086022,1.0
AZI2,1.4571433,0.24263357,0.1450768244398024,1.0
AC093158.1,1.4571284,1.695698,0.14508094085124307,1.0
LRRN3,1.4542981,0.14795889,0.1458636501904132,1.0
GPR156,1.4528104,0.26768133,0.14627640814136422,1.0
EPG5,1.452389,0.16711192,0.14639346675043532,1.0
ZNF8,1.4517924,0.3574697,0.14655933602469756,1.0
IFNAR1,1.4509199,0.24706365,0.1468021786754606,1.0
AC016590.1,1.450271,0.22786433,0.14698295339481157,1.0
EVI5,1.4500548,0.110110186,0.1470432494488716,1.0
UTP23,1.4487572,0.30504763,0.14740542304084014,1.0
CARNMT1,1.4485185,0.16202785,0.1474721038517691,1.0
WDR59,1.4482276,0.12981015,0.14755340226133595,1.0
MFSD12,1.4477689,0.2840967,0.14768167319494332,1.0
GNPTG,1.44759,0.1989137,0.14773175325564702,1.0
POT1-AS1,1.4470456,0.5370387,0.1478841598817227,1.0
FLT1,1.4469897,0.12306932,0.14789982489993375,1.0
C6orf62,1.4460425,0.1832609,0.14816527842856367,1.0
VPS36,1.4459269,0.20676185,0.14819770120562278,1.0
C9orf72,1.4455242,0.2923516,0.14831070031104474,1.0
GALNT18,1.4444056,0.120342724,0.14862493202409996,1.0
RPE,1.4431229,0.23392887,0.14898587648179912,1.0
AC022031.2,1.4391927,1.2586292,0.15009595997533828,1.0
PARVA,1.4386482,0.34267542,0.1502502247653677,1.0
PLA2G4B,1.4384133,0.63116413,0.15031682840712596,1.0
GAA,1.4376712,0.1413362,0.15052735920522442,1.0
PCED1A,1.4358106,0.24560936,0.15105626161303987,1.0
ANGEL1,1.4346099,0.5056451,0.15139830833136775,1.0
SLC25A33,1.4344645,0.150622,0.1514397763760326,1.0
GRHPR,1.4343227,0.2720523,0.15148018945903607,1.0
CRY1,1.4342892,0.15816239,0.15148976218180027,1.0
BCCIP,1.4342071,0.12313568,0.15151316411066096,1.0
SCHLAP1,1.433961,3.5227003,0.15158338641899166,1.0
IMPACT,1.4322681,0.36661673,0.15206710268137416,1.0
CEP57L1,1.4322644,0.21989472,0.15206816943127305,1.0
AC009139.1,1.4321973,1.1999325,0.1520873719036907,1.0
WDR37,1.4314216,0.1265226,0.15230940107761665,1.0
NIT2,1.4304372,0.43735766,0.15259156253355052,1.0
C9orf153,1.4297585,0.5801351,0.15278631445078367,1.0
TRAPPC9,1.427924,0.11277517,0.15331373328817058,1.0
USP14,1.4265928,0.12035314,0.15369729957202993,1.0
PFN2,1.4257277,0.50181687,0.15394695476267126,1.0
PPFIBP2,1.4241915,0.16488642,0.15439106749532833,1.0
RAP1GDS1,1.4227483,0.10104241,0.1548091176383488,1.0
C16orf46,1.4220809,0.61374336,0.15500276988548417,1.0
MFSD8,1.4219056,0.22660138,0.15505364760254364,1.0
DDX52,1.421104,0.12797314,0.15528654779362266,1.0
SEPSECS,1.4205259,0.3683288,0.1554546172699169,1.0
EIF3E,1.4182439,0.12664768,0.15611956975051064,1.0
NRSN2-AS1,1.4180164,0.49898288,0.15618596577242935,1.0
ZNF366,1.4179083,2.9171395,0.15621753860600757,1.0
RAB40B,1.417211,0.5938997,0.15642124522495382,1.0
AL139815.1,1.4166107,0.17514399,0.15659679034265347,1.0
CHM,1.416193,0.19953981,0.1567189967711058,1.0
DICER1-AS1,1.4156971,0.64640707,0.15686421081194013,1.0
PTGFR,1.4154994,0.3243312,0.1569221064786369,1.0
NPHP3,1.4148656,0.43543845,0.1571079188767375,1.0
EBAG9,1.4140526,0.28462705,0.15734643995078745,1.0
AL157388.1,1.4140005,0.4858797,0.15736176719072348,1.0
GPT2,1.4133031,0.2624455,0.15756660382937815,1.0
TAF4B,1.4132397,0.09602863,0.15758523535523605,1.0
MTREX,1.4123187,0.12025841,0.15785612881758915,1.0
SPIN3,1.4114014,0.39494488,0.158126276009672,1.0
PLAC8L1,1.4110397,0.82868123,0.15823289365832116,1.0
AC010618.3,1.410872,0.7333867,0.15828237393545286,1.0
LINC02355,1.4094476,1.4829794,0.15870287848955977,1.0
TAF1,1.4088621,0.16563554,0.1588759486456215,1.0
LINC01811,1.4083662,0.34990358,0.15902267394381953,1.0
ALG5,1.4080939,0.20592095,0.15910325095278555,1.0
ZNF605,1.4069418,0.37636366,0.15944466568131477,1.0
GLCCI1,1.4068635,0.113577746,0.15946788872062145,1.0
MTF1,1.4068186,0.35030612,0.15948116017751346,1.0
GABRB3,1.4067739,0.11932054,0.15949443246986827,1.0
STEAP2,1.4053756,0.3389765,0.15990961274614257,1.0
LRRC66,1.4051257,0.9313478,0.15998387759313537,1.0
ETFA,1.4048983,0.11343487,0.16005151453367883,1.0
RC3H2,1.40482,0.10985513,0.16007480438392885,1.0
KCTD2,1.4047865,0.31974626,0.16008478653264802,1.0
UGGT2,1.4034851,0.09804574,0.1604722351413742,1.0
CIR1,1.4033173,0.23014487,0.1605222442371289,1.0
AC114546.1,1.4025753,2.8042424,0.16074353678944286,1.0
KHDRBS1,1.4006884,0.14709039,0.16130725852687233,1.0
YIPF6,1.399361,0.15211728,0.16170476295248293,1.0
ANKAR,1.3980633,0.21358272,0.16209404905835567,1.0
TPST1,1.3980223,0.1344052,0.16210636560070457,1.0
DNAJC2,1.3975637,0.12645614,0.1622441350461048,1.0
APCDD1L-DT,1.3943793,1.2761087,0.16320311801757803,1.0
FHL5,1.3937826,4.552324,0.16338326136182302,1.0
CRIPT,1.3930815,0.47841087,0.16359512129037757,1.0
SLC16A2,1.3926752,0.17254889,0.16371804976600735,1.0
SLC26A7,1.3906392,1.5147842,0.16433486787014118,1.0
AP001007.1,1.3904564,0.4680245,0.16439030882251582,1.0
SLC22A8,1.3900164,1.0168561,0.16452387749917163,1.0
ENTPD3-AS1,1.3899941,0.50886786,0.16453067130979593,1.0
BNIP3L,1.3897107,0.49064434,0.1646167445329566,1.0
GOSR2,1.3895876,0.19982775,0.1646541289893474,1.0
NSUN2,1.387794,0.16852853,0.16519976172794748,1.0
ABHD13,1.3876934,0.33983874,0.1652304300541565,1.0
ZNF84,1.387011,0.22332028,0.16543840611337302,1.0
PPP2R5A,1.3868357,0.12196894,0.1654918525108523,1.0
EXOG,1.3853331,0.2639511,0.16595066038486173,1.0
SENP7,1.3843672,0.13648851,0.16624603162620555,1.0
ARIH1,1.3841137,0.08945046,0.16632364631775298,1.0
CDKL3,1.3833605,0.22210386,0.1665543682983196,1.0
VPS33A,1.3819473,0.32107463,0.1669879066761082,1.0
PEX26,1.3816676,0.26036754,0.16707379965992453,1.0
ANO5,1.3815184,0.11096296,0.1671196228242603,1.0
MZF1-AS1,1.3810523,0.72897804,0.16726288108180487,1.0
RARRES1,1.3807764,0.13020423,0.16734773343848253,1.0
PLCG1-AS1,1.3807167,0.2486354,0.16736608414531895,1.0
PHACTR1,1.380038,0.5118986,0.16757492984894595,1.0
DNAJC18,1.3785391,0.8351375,0.16803692000580372,1.0
N4BP1,1.3783116,0.15113348,0.16810710647520843,1.0
INTS8,1.3774092,0.28104717,0.16838576803051275,1.0
ARG1,1.3765255,0.7455265,0.16865900802508083,1.0
INO80D,1.3753359,0.13416289,0.1690273119027843,1.0
LINC02338,1.3752614,4.125092,0.1690504231389912,1.0
AL442071.2,1.374978,0.2612708,0.16913826745632488,1.0
MYH3,1.373658,1.529023,0.1695478882663941,1.0
OCRL,1.3725505,0.2136278,0.16989212665790976,1.0
PDE5A,1.3723752,0.12154314,0.16994665007536225,1.0
DNHD1,1.3721105,0.10854396,0.17002904010954167,1.0
LINC02664,1.3720844,0.32959726,0.17003716469172214,1.0
ZMYND8,1.3709061,0.11693639,0.17040423467794286,1.0
SH3PXD2B,1.3705816,0.34020123,0.17050539924789243,1.0
CIAO1,1.3697875,0.18169247,0.17075326795566959,1.0
PSIP1,1.3692691,0.13500382,0.17091516813418317,1.0
CNIH1,1.3686278,0.22875917,0.1711156641644047,1.0
UGP2,1.3681579,0.12779674,0.17126265089327608,1.0
TBL1XR1,1.3672966,0.10827577,0.1715323720593095,1.0
AC010201.3,1.3659691,0.4526734,0.1719486686779771,1.0
COL16A1,1.365503,1.3838645,0.1720950194315758,1.0
KCTD13,1.3647721,0.26483262,0.17232468501919507,1.0
CREBBP,1.3637205,0.12173451,0.17265552437400145,1.0
ANP32A,1.3634819,0.14249761,0.1727306745723568,1.0
AC026471.4,1.3632582,1.1046125,0.1728011500952953,1.0
AC117834.1,1.3630158,0.19861262,0.17287752283910318,1.0
NCR3LG1,1.3620164,0.24015382,0.17319268009428535,1.0
ZNF213-AS1,1.3614012,0.3155115,0.1733869269568865,1.0
FAM13B,1.3608606,0.12481382,0.17355776311653448,1.0
SMG6,1.3607264,0.12886262,0.1736001970952008,1.0
TAF7,1.3593317,0.4645412,0.1740414976931448,1.0
TARBP1,1.358791,0.110233046,0.17421281538931344,1.0
ENKUR,1.3574002,0.65939504,0.17465409403216592,1.0
MLLT6,1.356729,0.16193846,0.17486734177500485,1.0
AL355574.1,1.3563262,0.96495765,0.17499538366890455,1.0
POMT1,1.3562964,0.23922561,0.17500487103636853,1.0
MTERF3,1.3556849,0.3075562,0.1751994466730188,1.0
EDEM3,1.3555619,0.1686583,0.17523861858909084,1.0
MPP5,1.3553083,0.15437208,0.17531935708323876,1.0
SAAL1,1.3549764,0.16115257,0.175425071454277,1.0
TRIT1,1.3547004,0.15020391,0.1755130049985445,1.0
ATF4,1.3544059,0.19874875,0.1756069162823256,1.0
HULC,1.3541001,0.7732464,0.17570443345544884,1.0
AC138150.1,1.353429,0.49410096,0.1759186371742718,1.0
CCNO,1.3532537,2.2386158,0.17597460019413758,1.0
AC012464.1,1.3531493,1.2701516,0.17600794617501136,1.0
ICA1L,1.3528025,0.42135412,0.17611873628268016,1.0
RAB11FIP3,1.3527466,0.19305974,0.1761366105233153,1.0
NAA15,1.3519784,0.113057375,0.17638222027571604,1.0
AL354696.2,1.3505503,0.23123342,0.1768395420594544,1.0
TXNL4A,1.3502557,0.16181417,0.17693398195655785,1.0
PLEKHA4,1.3485292,0.8920327,0.17748822706421696,1.0
CARF,1.3470377,0.38419566,0.1779680966484839,1.0
RMDN1,1.3468661,0.12766229,0.17802334350953186,1.0
PCCA-DT,1.3464634,0.5946629,0.1781531037000228,1.0
SCCPDH,1.3462845,0.23668322,0.17821079748608692,1.0
LAS1L,1.3447071,0.13870148,0.1787198252959663,1.0
AC073336.1,1.3428054,2.0820308,0.17933498396136183,1.0
PPIL4,1.3421342,0.20368688,0.17955247422841591,1.0
NCBP1,1.3403108,0.1351426,0.18014431256765107,1.0
AC020915.2,1.3402661,0.19309048,0.18015885440664148,1.0
ING3,1.3400087,0.34215292,0.18024248690627898,1.0
HSD17B12,1.3399603,0.13392058,0.1802582469824806,1.0
GNAQ,1.3397291,0.10494317,0.18033342450712408,1.0
WDR60,1.3395501,0.20303269,0.1803916424556289,1.0
ANKRD13C,1.3391848,0.11358187,0.18051054744830042,1.0
MEF2C-AS2,1.3390579,0.46917298,0.18055181379959906,1.0
ARHGAP39,1.338879,0.88562185,0.18061008410565105,1.0
PKIA,1.3384725,0.26655993,0.18074245812590817,1.0
CHIC2,1.3378983,0.16441318,0.18092960475458897,1.0
AL024495.1,1.3371972,1.4708762,0.18115826445076233,1.0
AC010260.1,1.3367386,0.64551085,0.18130798231683942,1.0
TASOR,1.335825,0.12114749,0.18160647444958955,1.0
REC114,1.3354372,0.6691506,0.18173329150379158,1.0
SUPT7L,1.3351426,0.3475417,0.18182966759237862,1.0
ATAD1,1.3350271,0.13414755,0.18186749641466338,1.0
ASCC1,1.3343036,0.19691323,0.18210436423194853,1.0
ASAH2B,1.3342291,0.40977955,0.18212879659933312,1.0
FAM172A,1.334162,0.10874935,0.182150787808663,1.0
MDM4,1.3328308,0.105293155,0.1825873537581696,1.0
ZNF775,1.3325436,0.6485395,0.18268161666154492,1.0
KPNA1,1.3309925,0.105266966,0.18319150521035754,1.0
CHODL,1.3290944,0.74659383,0.18381681690583962,1.0
RRAGB,1.3289117,0.19512787,0.18387709721940904,1.0
AMZ2,1.3284829,0.31436816,0.18401862892050946,1.0
ATP9B,1.3276141,0.10742229,0.1843056317134809,1.0
POFUT1,1.3266445,0.18034333,0.1846262833857556,1.0
OR51I2,1.3260144,3.2258708,0.18483492825947823,1.0
METAP1D,1.3255819,0.19714905,0.18497824106997396,1.0
INSL6,1.3255334,0.3612818,0.18499430710998233,1.0
ZFY,1.3254402,0.19481377,0.18502520624240382,1.0
PAIP2,1.3254215,0.20495029,0.1850313865270551,1.0
GSN-AS1,1.3253282,1.4425482,0.1850622902412361,1.0
LRFN4,1.3252686,0.45015612,0.18508207062217275,1.0
POLK,1.3244072,0.14215422,0.18536782419562603,1.0
AGK,1.3223863,0.1122466,0.18603957438186458,1.0
GATM,1.3200855,0.2113759,0.18680646711521298,1.0
MYLK-AS1,1.3195523,0.60890347,0.18698454010674326,1.0
DGKB,1.3192055,2.9244184,0.18710041707604574,1.0
AL078602.1,1.3186425,2.1740556,0.1872886743446356,1.0
ATG16L2,1.318635,0.4499505,0.18729116875656915,1.0
ANTXR1,1.3182248,0.12710729,0.18742839919220045,1.0
FAN1,1.3180346,0.20922591,0.18749204939425046,1.0
DLGAP4,1.3179936,0.6018245,0.18750577996104345,1.0
TRMT5,1.3174977,0.521979,0.18767185374717632,1.0
NLN,1.3172777,0.110539265,0.18774556033214163,1.0
AC016831.7,1.3157265,0.7664891,0.1882658607244253,1.0
LINC02614,1.3155475,1.3807578,0.18832596377056088,1.0
HSDL2,1.3154618,0.14956428,0.188354768162598,1.0
MED23,1.3151485,0.18423726,0.18845999442139827,1.0
PTDSS2,1.3147607,0.21458702,0.18859033462053088,1.0
LINC02649,1.3143766,1.082207,0.18871948706570496,1.0
IP6K2,1.3140261,0.18809329,0.18883741126142373,1.0
MYO15B,1.31356,0.58210754,0.18899430950803298,1.0
TPM1-AS,1.3133848,0.8757434,0.1890533281052309,1.0
WHAMM,1.3132991,0.56901073,0.18908221449746165,1.0
DENND5B-AS1,1.3130753,0.56513727,0.18915758561907114,1.0
EXTL2,1.3119007,0.36342195,0.18955364739530278,1.0
CDC14A,1.3116472,0.23201464,0.18963922658882515,1.0
MYBPH,1.3116173,5.8760266,0.1896492966006963,1.0
RBP2,1.3116024,1.262645,0.1896543317543865,1.0
CYBC1,1.3110952,0.52919465,0.18982558559512097,1.0
SCAMP5,1.3099878,0.8417322,0.19019996978236975,1.0
RIC1,1.3087684,0.11360388,0.19061279923471142,1.0
UBR3,1.3082054,0.09608151,0.1908036555189505,1.0
NMT2,1.3076648,0.22040431,0.1909870604734618,1.0
PPP2R5C,1.3073254,0.1448396,0.19110222914169173,1.0
SPDYE6,1.3069562,0.43752384,0.1912275805656296,1.0
TIGD4,1.305927,0.36710733,0.19157736458746633,1.0
KLHL36,1.3058972,0.9786607,0.1915875102689527,1.0
AC119403.1,1.3058413,0.83550674,0.1916065344870479,1.0
CCDC62,1.3056101,0.45988566,0.19168518266407963,1.0
ATP10A,1.3054236,3.6939878,0.1917486259077208,1.0
OBSL1,1.3014636,1.1471121,0.19309981036486423,1.0
MSS51,1.3010833,0.63594586,0.19322995239473773,1.0
TRAM2-AS1,1.3008484,1.0582049,0.19331036641691857,1.0
PAK4,1.300811,0.37399662,0.1933231328075744,1.0
GOLGA4,1.300028,0.096006736,0.19359137007778293,1.0
AC011625.1,1.2996775,0.45726156,0.1937115266981806,1.0
PIKFYVE,1.2993829,0.114592694,0.19381255173153866,1.0
TMEM244,1.2992748,2.3784988,0.19384964657491022,1.0
AC040934.1,1.2991406,0.55022126,0.19389570259720112,1.0
AC109925.2,1.2964334,0.49125487,0.1948262142351378,1.0
AL117336.2,1.2963923,0.26255098,0.19484033804414358,1.0
AC103740.1,1.2954564,0.8818129,0.19516282181074895,1.0
ATP6AP1L,1.2953819,0.5234074,0.19518853455513685,1.0
TCEAL4,1.2953595,0.4043366,0.19519624886285236,1.0
ZBTB5,1.2951955,0.26180717,0.19525282728434745,1.0
KANK2,1.2949717,0.9966124,0.1953299990555294,1.0
PUS10,1.2933421,0.2567691,0.19589274150338543,1.0
AL157392.3,1.2933161,0.19445772,0.1959017653428694,1.0
LINC01730,1.292794,1.3776482,0.19608230611097388,1.0
TMPRSS9,1.292615,0.2596606,0.19614423385994117,1.0
MAGI1-IT1,1.2924659,1.0031829,0.196195851263262,1.0
DDX53,1.2920967,0.69348866,0.19632364713306683,1.0
NUB1,1.2920482,0.2415503,0.19634043293749048,1.0
LSM14A,1.291914,0.13450307,0.19638692219067067,1.0
GPR63,1.2916977,0.14168227,0.19646183850313326,1.0
CIZ1,1.2898892,0.19424559,0.19708911342592583,1.0
ERCC8,1.2894418,0.13374887,0.19724454149336934,1.0
RAD51-AS1,1.2892666,0.8404132,0.19730544193284572,1.0
MYMK,1.2881143,5.2315016,0.19770617264969803,1.0
ULK1,1.2879987,0.25012326,0.19774640825352252,1.0
PPP6R3,1.2876221,0.09194967,0.19787754000482694,1.0
TTC37,1.2869993,0.10401923,0.1980945013503016,1.0
KBTBD2,1.2866787,0.16373187,0.19820629779902632,1.0
DHX36,1.2862238,0.116072714,0.19836497191425329,1.0
SIRT1,1.2860932,0.15187107,0.19841051031951573,1.0
SPAG5-AS1,1.2850716,0.5494733,0.19876727518149195,1.0
CST3,1.2850045,0.17779838,0.19879072869415637,1.0
HUS1,1.2847881,0.3089305,0.19886631488506745,1.0
AC005884.1,1.2847173,1.3520318,0.19889108044621473,1.0
MYO7A,1.2843668,0.75724417,0.19901363796744975,1.0
TYW1B,1.2840014,0.12632453,0.19914146946114442,1.0
AC068234.2,1.283278,1.6936176,0.19939470058636688,1.0
LRIF1,1.2815553,0.5586116,0.19999870326566815,1.0
AC105339.3,1.2815068,0.19836406,0.2000157183172674,1.0
PSTPIP2,1.2807871,0.18166283,0.20026845074021893,1.0
MAP4K3-DT,1.2802464,0.14635132,0.20045848075075268,1.0
CDK12,1.2792807,0.09991277,0.20079824112396383,1.0
LIAS,1.2788593,0.17266552,0.2009466079383031,1.0
ZYG11B,1.2777966,0.23395579,0.201321162662341,1.0
LRPAP1,1.2766556,0.24061139,0.20172388276915387,1.0
STAM2,1.2759806,0.43074244,0.20196236933528888,1.0
CAMSAP1,1.27588,0.10760635,0.2019979622889524,1.0
TMEM59,1.275809,0.35999322,0.2020230119231683,1.0
GTF2IRD2,1.2749478,0.4768958,0.20232774387603514,1.0
SPART,1.2745078,0.2549501,0.20248353701654176,1.0
BRMS1L,1.2743026,0.13620433,0.2025561823219033,1.0
GDNF-AS1,1.2730274,0.13692519,0.20300833023753617,1.0
TBC1D19,1.2725762,0.21764593,0.20316847661210513,1.0
CLMAT3,1.2723598,1.2937038,0.20324527359995126,1.0
MAP3K7CL,1.2711369,0.6728083,0.2036799716058154,1.0
ZP3,1.2710884,0.5046292,0.20369721442190813,1.0
AC091544.5,1.2703314,1.933666,0.20396660547455014,1.0
PDHA1,1.2690897,0.13722853,0.20440907427301358,1.0
ZNF790,1.266748,0.14796387,0.20524541916657024,1.0
AC006058.1,1.2658195,1.4649892,0.20557771496585975,1.0
LPXN,1.2652974,0.34348005,0.20576471955737452,1.0
RNF103,1.2640818,0.40610892,0.20620065201955573,1.0
JSRP1,1.2622696,0.22191149,0.20685178383425606,1.0
ADAM17,1.2618184,0.108356,0.2070141286965741,1.0
ZNF169,1.2616059,0.23043662,0.20709063723497867,1.0
C21orf62,1.2614008,0.91708285,0.2071644807142976,1.0
PPP2R3A,1.261054,0.09523392,0.20728938679166709,1.0
ANKHD1,1.2606924,0.10356041,0.20741972338391068,1.0
FAM216A,1.260394,0.23451805,0.2075272622114629,1.0
MTIF3,1.2600994,0.37839732,0.20763349648925233,1.0
PRPSAP2,1.2597713,0.19388396,0.20775187984389853,1.0
AL157413.1,1.259197,0.2756431,0.20795916849888807,1.0
AC087623.1,1.2583916,3.3245988,0.20825016367956373,1.0
KDM6A,1.2568032,0.09583838,0.20882493583042894,1.0
AL163952.1,1.2566689,1.4258592,0.20887356074837227,1.0
GATAD1,1.2563071,0.20737892,0.2090046187201292,1.0
RNF169,1.2561096,0.22224161,0.20907625287948428,1.0
STEAP2-AS1,1.2559193,0.55102444,0.20914520065392506,1.0
AOAH,1.2556323,0.6907793,0.2092493294785961,1.0
TRIM23,1.2536597,0.46219993,0.20996572335597674,1.0
MICAL2,1.2532868,0.10867309,0.21010134682759696,1.0
SUGCT,1.2526641,0.09539412,0.21032797936891712,1.0
HIST1H2BN,1.252597,0.47093353,0.21035241738600685,1.0
SYCE2,1.2525336,0.3002484,0.21037549962210433,1.0
ZNF25,1.2524142,0.52537465,0.210418953509108,1.0
CD37,1.2518363,0.55110097,0.2106295251938628,1.0
VAX2,1.2514746,0.50666493,0.21076137984391086,1.0
CALCOCO2,1.2512062,0.36377952,0.21085928993809333,1.0
SNHG10,1.2506244,0.4982496,0.21107154133085115,1.0
LINC02112,1.2504007,1.1042272,0.2111532176099461,1.0
ABCA7,1.2499868,0.31136513,0.2113043789727458,1.0
INTS10,1.2496959,0.13410483,0.2114106472691646,1.0
ZC2HC1A,1.2494946,0.4564269,0.21148424025901613,1.0
ERGIC1,1.2492895,0.19347145,0.21155921511761566,1.0
TLE3,1.249241,0.14587946,0.21157693925493903,1.0
PTPRG-AS1,1.2491478,0.24754712,0.21161102715125302,1.0
SECISBP2L,1.2478576,0.21589427,0.21208321136603792,1.0
CPQ,1.2473207,0.27982923,0.2122799515242194,1.0
TMEM202-AS1,1.2468284,1.3781291,0.21246041246152325,1.0
PRMT1,1.2464631,0.15775113,0.212594462690196,1.0
N6AMT1,1.2457732,0.3854603,0.21284768316649094,1.0
UNC79,1.2456874,0.60558337,0.2128791798453631,1.0
VEGFD,1.2441996,0.9275397,0.21342611441350579,1.0
AL161910.1,1.2431071,0.97061986,0.2138283933492714,1.0
SEH1L,1.2426932,0.094605274,0.2139809353173595,1.0
RBFOX1,1.2425253,0.8865678,0.21404279901253875,1.0
AL109615.4,1.2423016,0.4672272,0.21412530400556717,1.0
AC021086.1,1.2406982,0.71356183,0.21471726108429112,1.0
PPM1N,1.2406162,1.1162833,0.21474757895103258,1.0
AC078846.1,1.2393334,0.70594686,0.21522204155727276,1.0
N4BP2L1,1.2392663,1.461116,0.2152468888681256,1.0
TPD52L1,1.2391955,1.121832,0.21527311882742084,1.0
PRPF40A,1.2387779,0.09227449,0.2154277843363065,1.0
BBS1,1.2379016,0.33720973,0.21575256588384306,1.0
HK1,1.2378569,0.22997151,0.21576915993189105,1.0
KDM1A,1.2377822,0.08174997,0.21579681872122647,1.0
HJV,1.2373534,1.5765549,0.21595590631252204,1.0
ZRANB2,1.2371931,0.09066617,0.2160154129250793,1.0
SGCG,1.2365704,0.87219036,0.21624663196804483,1.0
TMEM182,1.2361602,0.2757223,0.2163990292331316,1.0
NINJ2,1.235668,3.4454207,0.21658200797684724,1.0
ZC3H8,1.2351012,0.16855048,0.21679284867528614,1.0
METTL8,1.2331063,0.11329258,0.2175361271014009,1.0
GDPD5,1.2328825,0.23221199,0.21761959956956278,1.0
DNAJC16,1.2327371,0.3880002,0.2176738690223654,1.0
LINS1,1.2326252,0.37549758,0.21771562137614486,1.0
AL137100.3,1.2321703,0.7405635,0.21788547360006594,1.0
BCL2L2-PABPN1,1.2318981,0.39816898,0.21798715202843122,1.0
VPS37C,1.2306937,0.12753564,0.21843745356356126,1.0
ERCC6L,1.23003,0.24712381,0.21868589280940132,1.0
DBN1,1.2299367,0.27818733,0.21872080221141688,1.0
CCPG1,1.2297056,0.45481783,0.21880739480169598,1.0
PDE3A,1.2295526,0.09017456,0.21886467116792252,1.0
C2orf42,1.227856,0.27119854,0.21950102208913236,1.0
PRDM8,1.2270021,0.93417484,0.21982179737296348,1.0
GTF2H1,1.2269611,0.09920064,0.219837214256,1.0
DLGAP1-AS2,1.2265658,1.3766665,0.21998581671235018,1.0
TGIF1,1.2260848,0.50121194,0.2201667603109293,1.0
C3orf62,1.2257268,0.6152471,0.22030148528998883,1.0
CMIP,1.2247163,0.091592975,0.22068212174837476,1.0
MBD3,1.2244889,0.17475969,0.2207678650504804,1.0
GPCPD1,1.2244068,0.116547786,0.22079879472470199,1.0
AC025043.1,1.2243471,0.422122,0.22082129098463477,1.0
AL137139.2,1.2238773,0.5551254,0.22099850646167485,1.0
SLC25A46,1.2233143,0.3165542,0.2212110180166934,1.0
CDC37,1.221957,0.19197537,0.22172389952325366,1.0
TEFM,1.2218562,0.24060316,0.22176197684299714,1.0
SEC24B,1.2216214,0.08769775,0.22185084213977513,1.0
LINC01118,1.2208942,0.7652305,0.22212606305785942,1.0
LIG4,1.2202678,0.783412,0.22236337247193716,1.0
AC016910.1,1.2200329,0.6255462,0.22245241028673302,1.0
SEC24B-AS1,1.2188807,1.3214855,0.22288948919927587,1.0
AC024901.1,1.2184443,1.8409314,0.22305514541062865,1.0
CYP20A1,1.2168186,0.102352954,0.223673238407754,1.0
CLEC16A,1.2164345,0.12266455,0.22381943448956065,1.0
ZBED5-AS1,1.2162257,0.4822777,0.22389894840671054,1.0
ZNF276,1.2156403,0.17577432,0.22412197904184084,1.0
DPCD,1.2155173,0.48025048,0.22416887828601983,1.0
AC025442.2,1.2141898,0.9310746,0.2246752677749716,1.0
LAD1,1.2133583,1.8020288,0.22499288850225585,1.0
TBKBP1,1.2129145,0.8046004,0.22516251236979812,1.0
ATXN3,1.2122246,0.24901854,0.2254263946795485,1.0
STPG2-AS1,1.2117064,0.8298439,0.22562480825382547,1.0
AC092747.1,1.2109941,0.9279121,0.22589765181548271,1.0
LINC02803,1.2108935,0.685524,0.22593624031491388,1.0
SMC6,1.2104982,0.10476513,0.22608778139841745,1.0
UTP18,1.2104423,0.1532817,0.22610923174864372,1.0
CLK1,1.2097337,0.23623373,0.22638106190101526,1.0
METTL14,1.2089881,0.17753786,0.22666745070721472,1.0
CCDC136,1.2083317,3.44769,0.22691968654700934,1.0
AL353138.1,1.2073436,0.42088148,0.22729985095078653,1.0
SRSF12,1.2072802,0.46648666,0.2273242543443964,1.0
AC104370.1,1.2072765,0.41570863,0.2273256898963003,1.0
EFCAB7,1.2055948,0.45974118,0.2279737826434921,1.0
ANKRD46,1.2047595,0.3614537,0.22829616232300654,1.0
UBE2D4,1.2036632,0.29281172,0.22871977823062617,1.0
SUN1,1.201135,0.09220559,0.2296988211105232,1.0
SERTM1,1.1997889,1.7967497,0.2302213254900326,1.0
PREP,1.1997255,0.14874156,0.2302459517782649,1.0
LRRC27,1.1996435,0.5645092,0.2302778238726878,1.0
AC069547.2,1.1986442,0.3295723,0.2306663358089227,1.0
RRP1B,1.1981072,0.091855206,0.23087528080059694,1.0
CCDC169,1.1980401,0.39789572,0.23090140837850304,1.0
PREX1,1.1974808,0.121143915,0.23111921990667528,1.0
EIF3D,1.1973354,0.19427627,0.2311758748070758,1.0
ITGB1,1.1962428,0.10616541,0.23160182842523958,1.0
EFHD2,1.195855,1.330981,0.231753154099394,1.0
LYG2,1.1951876,0.40587738,0.23201377324890782,1.0
RMND5B,1.19452,0.23926872,0.23227460038922043,1.0
HAVCR2,1.1942888,0.59370875,0.23236499125695176,1.0
AK9,1.1935245,1.7191482,0.23266404200901292,1.0
ARL17A,1.1933641,0.1940875,0.23272680435793835,1.0
DR1,1.1929353,0.13288996,0.23289471616617863,1.0
FZD6,1.1922716,0.23998341,0.23315478386010746,1.0
SYNPO2L,1.1919434,1.01687,0.2332834327038099,1.0
RNPC3,1.1918092,0.34290513,0.23333607628142838,1.0
KDM5D,1.190959,0.24609084,0.23366968122269915,1.0
ADAL,1.1904184,0.3791438,0.23388201806073305,1.0
AC092683.1,1.1903586,0.6839202,0.23390545670710827,1.0
PPM1A,1.1901573,0.117722526,0.23398457442857923,1.0
AC090644.1,1.1886061,0.15939564,0.23459470974300434,1.0
TCAIM,1.1885949,0.1443756,0.23459911384588983,1.0
RIMS4,1.1883302,3.625849,0.23470336137395953,1.0
ASMTL-AS1,1.1865627,0.3635157,0.23540016438141587,1.0
AL139405.1,1.186365,2.684227,0.2354781678681538,1.0
AC107884.1,1.1862532,1.2981193,0.23552232889194746,1.0
HYKK,1.1861675,0.4885152,0.23555618964577296,1.0
LINC02821,1.1854067,1.0399437,0.23585667059991033,1.0
AL391095.1,1.1842806,0.7169845,0.23630199795154105,1.0
GAR1,1.1833223,0.27963516,0.2366814366356671,1.0
DPY19L4,1.1821253,0.17524472,0.23715597059795968,1.0
SCAP,1.1819725,0.0727685,0.23721662924087406,1.0
NAF1,1.1817151,0.1402965,0.23731873804689885,1.0
NANS,1.1811372,0.26524106,0.23754822612376747,1.0
ZFP90,1.1807046,0.34032953,0.23772007456742217,1.0
LENG9,1.1805294,0.2650526,0.23778972780568763,1.0
LINC01409,1.1803541,0.17659703,0.23785939545635582,1.0
AC242426.2,1.1791981,0.27959502,0.2383192665807926,1.0
CCDC130,1.17909,0.451839,0.23836231886392567,1.0
SNX13,1.1782398,0.0827001,0.23870099014202273,1.0
AATK,1.17777,0.1398159,0.238888296196764,1.0
SLC35A5,1.1764426,0.5358074,0.23941807046093022,1.0
TMED5,1.1760137,0.20638776,0.23958938232400617,1.0
PGM1,1.1754731,0.5856636,0.23980550740794537,1.0
FAM161A,1.1750815,0.1208817,0.23996209755307296,1.0
NUDT3,1.1745371,0.12449455,0.2401799521844291,1.0
PTGR1,1.1728554,0.16864517,0.2408537942685508,1.0
TMOD3,1.1724527,0.113973044,0.24101535519632622,1.0
PAN2,1.172326,0.22140424,0.24106623276091443,1.0
NSMCE1,1.1718225,0.21408987,0.24126832124995878,1.0
AP002026.1,1.1717852,0.15624449,0.24128329551106598,1.0
SYAP1,1.1695181,0.21399887,0.2421949601271296,1.0
PRMT3,1.1694137,0.09603856,0.24223700296944084,1.0
TSPAN4,1.1693503,0.19328423,0.24226253148541788,1.0
AC244033.2,1.1691452,0.72191906,0.242345136708348,1.0
WDFY1,1.1689998,0.22576718,0.24240372332426874,1.0
FAM185A,1.168873,0.15598193,0.24245480696260902,1.0
HIST1H2BD,1.1676313,0.4978525,0.24295552635548523,1.0
TMEM94,1.1673628,0.22959897,0.243063885520431,1.0
DDX31,1.1670607,0.08865203,0.2431858301814145,1.0
ADCK1,1.1670234,0.3354994,0.24320088805924955,1.0
SLC25A18,1.1660689,0.86165184,0.24358659286341122,1.0
TNIP1,1.1659123,0.3855738,0.2436499135741379,1.0
COX16,1.1658489,0.22242223,0.2436755466729601,1.0
CMTR2,1.1654947,0.5539683,0.2438188253352046,1.0
FAM186B,1.1654499,0.27480945,0.24383692790130485,1.0
GAS5-AS1,1.1652299,0.3860898,0.24392594591643213,1.0
ZNF394,1.1651553,0.17410657,0.243956126694298,1.0
RBM28,1.1646855,0.07871356,0.24414632590488639,1.0
AC084198.2,1.1644841,0.5925935,0.24422787172106775,1.0
ZNF782,1.1640217,0.20459932,0.24441519745217133,1.0
CLIP2,1.163097,1.2740989,0.24479015147626793,1.0
PROCR,1.160856,0.46244866,0.24570048424191993,1.0
KATNB1,1.1608224,0.16548267,0.24571413453030844,1.0
CYB5R1,1.1604085,1.0798813,0.24588253181309871,1.0
RFX1,1.1598006,1.0811661,0.2461299645418703,1.0
EIF4E3,1.1594129,0.40302742,0.2462879269080529,1.0
ANKRD13A,1.1593345,0.2936497,0.24631983177527483,1.0
RBKS,1.159178,0.47395974,0.24638365019942,1.0
ZNF566,1.1590997,0.17953186,0.24641556375647777,1.0
OPHN1,1.1589282,0.49996796,0.24648547976565083,1.0
AC073342.1,1.1587119,0.29900995,0.24657365454568836,1.0
AL359915.1,1.1582905,0.51828474,0.24674550681224194,1.0
AGBL1,1.1578281,1.2101889,0.24693418460278083,1.0
POGK,1.157541,0.1286656,0.24705139827354106,1.0
AP000873.2,1.1569966,0.91855776,0.2472737545532303,1.0
AC233296.1,1.1568922,0.31463888,0.24731641423361006,1.0
RSF1,1.1563404,0.106179126,0.2475419867242371,1.0
C8orf31,1.1551471,1.6603274,0.24803020331375392,1.0
AMN1,1.1549494,0.296827,0.24811112918254075,1.0
CAMKK1,1.1547779,0.5024029,0.24818138170385018,1.0
LINC01357,1.1543901,0.25867796,0.2483402647920252,1.0
ARID3A,1.1535511,0.58042973,0.24868424570758252,1.0
LZTS3,1.1530328,1.2997931,0.2488969159091723,1.0
SEPTIN7-AS1,1.1518657,1.0019982,0.24937627186167632,1.0
HDAC9,1.1516793,1.8069321,0.24945290602455528,1.0
CLTCL1,1.1512244,0.6590295,0.2496399624497383,1.0
CRLS1,1.1497067,0.06549584,0.2502647037529555,1.0
ZCCHC14,1.1488006,0.17652306,0.25063822667602786,1.0
FAXDC2,1.1484799,0.36078122,0.2507705131700454,1.0
LINC01535,1.1466676,0.2944716,0.25151900160376883,1.0
BAALC-AS1,1.1465073,0.6746056,0.25158530085112574,1.0
SDCBP,1.1458287,0.41654238,0.2518660512524812,1.0
LYRM7,1.145165,0.24178615,0.25214084256934866,1.0
NBR1,1.1451612,0.3010937,0.25214238693097724,1.0
ATP2B3,1.145135,0.7446363,0.2521531976470289,1.0
REEP5,1.1450269,0.15458463,0.2521979883417028,1.0
WDR92,1.1445646,0.19654572,0.25238956973528237,1.0
DNAJB6,1.1436659,0.11055828,0.2527622075515371,1.0
DEPDC4,1.1429127,0.21382213,0.25307483816275034,1.0
TTC9,1.1428642,0.42823225,0.2530949671756051,1.0
SEMA3A,1.1422863,0.09452413,0.2533350528639652,1.0
RC3H1,1.1421483,0.08518806,0.25339238708262957,1.0
OPN3,1.1420923,0.51751304,0.2534156332587747,1.0
ATG14,1.1419842,0.08783596,0.2534605800768752,1.0
TENM3-AS1,1.1414957,0.57234645,0.25366368487689595,1.0
SLC35B4,1.1376625,0.07607656,0.2552614485454785,1.0
COLQ,1.1371255,0.5421504,0.255485817230676,1.0
ZNF235,1.1370733,0.12548757,0.25550763816176914,1.0
AGMAT,1.136995,1.1517048,0.25554037198714574,1.0
ARHGEF11,1.135261,0.10416121,0.25626593928753616,1.0
AC010680.1,1.1348435,4.6310167,0.2564409132020128,1.0
CETN3,1.1346682,0.6841618,0.256514364462735,1.0
AL133243.2,1.1345526,0.49385598,0.2565628190338568,1.0
PI4KB,1.134452,0.32338825,0.2566050265802632,1.0
CLMP,1.1322818,0.3554275,0.2575160058830669,1.0
ZNHIT6,1.1312935,0.11966005,0.2579315413805282,1.0
SLC36A1,1.1303092,0.56866956,0.25834597097198053,1.0
DHRS11,1.1298058,0.23863894,0.2585580734823295,1.0
LINC02731,1.129541,0.86815685,0.25866967210892977,1.0
AC107032.2,1.1295186,0.40425393,0.25867910450827225,1.0
COCH,1.1289258,0.1903962,0.2589291499501921,1.0
DBT,1.1287394,0.24781373,0.25900781519261873,1.0
IL20RB-AS1,1.1287206,0.28489733,0.2590156826274548,1.0
OSGEPL1,1.1283665,0.62896127,0.2591651953476296,1.0
SERAC1,1.1278257,0.77919686,0.25939351421833867,1.0
LIPE,1.1278183,0.58255047,0.25939666441783515,1.0
SLC18B1,1.1275536,0.3310922,0.259508513666587,1.0
MFF,1.1268972,0.09699283,0.2597859177705236,1.0
RAB5B,1.126599,0.41505647,0.2599120783885296,1.0
NFE2L1,1.1264013,0.15696825,0.25999568315111954,1.0
AL139381.1,1.1257375,1.6210142,0.2602766051930271,1.0
CFAP69,1.124783,0.81903297,0.26068099607668516,1.0
AL356805.1,1.1247792,0.39591572,0.26068257658031924,1.0
ECSIT,1.1245257,0.33126017,0.260790066379056,1.0
AC128709.3,1.1241528,3.3721611,0.2609481952988085,1.0
DCUN1D5,1.1238135,0.18384035,0.26109215023227483,1.0
AREL1,1.1236308,0.13935983,0.2611696871691066,1.0
PKDCC,1.1235934,0.20067771,0.26118551298978654,1.0
ABCC9,1.1232169,0.20406082,0.2613453909480812,1.0
CAT,1.1230752,0.30708906,0.26140556056412667,1.0
LINC00862,1.122721,0.10792641,0.2615560264995046,1.0
ZNF135,1.1225531,0.54352295,0.26162732072799455,1.0
ZNF75A,1.1204985,0.13516563,0.2625013681189765,1.0
ZDHHC2,1.1201593,0.1342046,0.26264591457610453,1.0
ZNF330,1.1198311,0.25177726,0.26278574803020294,1.0
BAZ2A,1.1191375,0.16252516,0.2630814742184774,1.0
PPTC7,1.1188989,0.23855537,0.2631832825642161,1.0
TYW5,1.118705,0.13056113,0.2632660218648303,1.0
PPARD,1.1185782,0.26031792,0.26332013034322654,1.0
WDR77,1.1182836,0.42454785,0.2634458826147782,1.0
GCLM,1.1170532,0.44651586,0.26397162496241766,1.0
AKAP8L,1.11693,0.10941467,0.2640242389677504,1.0
ZBTB47,1.1157517,0.96075106,0.2645284241419772,1.0
FUNDC2,1.1155355,0.41676748,0.2646210364982442,1.0
MYOZ2,1.1155205,2.435538,0.26462742438099385,1.0
FOXJ3,1.1149164,0.08585828,0.2648862229557958,1.0
TSHR,1.1131862,0.69508517,0.2656284381532872,1.0
KCNJ13,1.1129364,0.38712138,0.26573572968183745,1.0
AC022916.4,1.1128693,5.2498355,0.2657645593561484,1.0
MLH3,1.112776,0.17381515,0.26580460414305285,1.0
MAP3K14,1.112612,0.08941771,0.26587509305787904,1.0
FAM160B1,1.1125561,0.257223,0.2658991263110355,1.0
PHF8,1.1124405,0.23934567,0.2659487997736282,1.0
CDC42BPB,1.112284,0.15946466,0.26601610949387866,1.0
AC016644.1,1.1122801,0.31006035,0.266017712249185,1.0
MARK3,1.1117469,0.081943095,0.2662469747031373,1.0
ZHX2,1.1117096,0.20278372,0.26626301212830394,1.0
CTTN,1.1111764,0.18349686,0.2664924200397981,1.0
SOS2,1.1110272,0.27619678,0.26655661441983225,1.0
VTI1A,1.1101137,0.07516355,0.26695003715223087,1.0
ACKR4,1.1096438,0.24540755,0.26715252428130787,1.0
UPK3BL1,1.1091703,0.46572357,0.26735672530577315,1.0
LINC02703,1.1091106,3.3438191,0.26738245902858193,1.0
SACS-AS1,1.1090249,0.13079032,0.26741945423851343,1.0
AL161717.1,1.1088496,1.0459265,0.26749506408844415,1.0
UVSSA,1.1078316,0.3470084,0.2679345352948054,1.0
UBE2E1,1.1076154,0.09847536,0.2680279666690233,1.0
AC009690.2,1.1074513,0.107144125,0.26809886057403665,1.0
AC020584.1,1.1065228,2.2901366,0.26850029837524036,1.0
AP001001.1,1.1064855,0.6079336,0.2685164289935862,1.0
SRGAP2,1.1063588,0.15016775,0.26857127807431136,1.0
PHKA1,1.1060493,0.10957106,0.26870520667665854,1.0
RGPD1,1.1060157,0.9338849,0.26871973181079856,1.0
XPNPEP3,1.1057696,0.13526629,0.2688262659353423,1.0
AL365184.1,1.1050014,4.9336767,0.2691589680304022,1.0
CLCN3,1.1046771,0.063984245,0.2692995629891253,1.0
ABHD17B,1.1045539,0.10830726,0.26935290529392186,1.0
TBC1D2B,1.104293,0.23402417,0.2694660796400704,1.0
NCDN,1.1042594,0.76572645,0.26948063299447134,1.0
AC093788.1,1.1040468,0.90409046,0.269572816763764,1.0
LINC00240,1.1039946,0.5832759,0.2695954617006796,1.0
DYNC1LI2,1.1039499,0.07688113,0.26961487268538464,1.0
JKAMP,1.1033981,0.31695342,0.269854353673986,1.0
AC099520.1,1.1026895,2.7194872,0.27016200932617396,1.0
E2F5,1.1021079,0.08660419,0.27041479056229234,1.0
SSBP2,1.1020072,0.06651716,0.2704585576170804,1.0
C14orf39,1.1018766,1.736255,0.2705152999157694,1.0
AMER1,1.1017201,0.55545706,0.27058340144602244,1.0
ULK2,1.1012987,0.16409189,0.2707666853334416,1.0
TMA16,1.1009221,0.12443482,0.27093057744497795,1.0
AC079760.1,1.1005566,0.5718217,0.27108966644320953,1.0
AC121761.1,1.1004448,0.939943,0.27113837995028034,1.0
NEK5,1.099423,0.39488602,0.2715835741833228,1.0
AUXG01000058.1,1.0993559,0.13004494,0.27161283803367886,1.0
D2HGDH,1.0992105,0.12754251,0.27167625045077415,1.0
FAM120C,1.0991993,0.09847917,0.2716811287489044,1.0
TTLL5,1.0988637,0.11110143,0.2718275055865048,1.0
AOC1,1.0974803,1.2653269,0.2724314734757646,1.0
ZSCAN29,1.0970813,0.21401337,0.2726058341648796,1.0
AC092902.4,1.0969919,1.2915329,0.2726449535858727,1.0
LMO1,1.0958881,1.0805542,0.2731277422506835,1.0
ARNT,1.0950565,0.12840576,0.2734918507186819,1.0
TNNC2,1.0943444,1.9116404,0.27380397415377955,1.0
PITPNM3,1.0937552,1.4156017,0.27406235442835614,1.0
AL391335.1,1.0929685,0.35462305,0.2744076662969839,1.0
DMAC1,1.0920624,0.28246763,0.2748057158112073,1.0
CORO2B,1.091764,0.10732262,0.2749368471402771,1.0
MLANA,1.0917566,1.2922187,0.2749401259707692,1.0
AL031963.1,1.0914955,0.6440308,0.27505490185694625,1.0
AC021127.1,1.0912532,1.2021718,0.27516150874941747,1.0
CARMIL1,1.0908505,0.088289574,0.2753387025569538,1.0
AC021594.2,1.0899742,2.3770232,0.27572453218920345,1.0
SMARCAD1,1.0898921,0.10454182,0.2757606712827403,1.0
AL121929.3,1.089482,1.7868509,0.27594141522095683,1.0
LONP2,1.088807,0.09671788,0.27623899699326215,1.0
AP002449.1,1.0887958,0.2371608,0.2762439311307505,1.0
DLL1,1.0884602,2.4322267,0.2763919832012983,1.0
KDM5A,1.0883186,0.07025392,0.27645451031598356,1.0
RAB9A,1.0875318,0.29386932,0.2768018757829933,1.0
PTGFRN,1.0874982,0.27650994,0.27681669893137073,1.0
FAM136A,1.0867487,0.25266433,0.2771478902105673,1.0
FLII,1.0863497,1.1264096,0.27732430608373293,1.0
C17orf80,1.0862304,0.19043396,0.27737708082769585,1.0
LINC01341,1.0857792,0.6720509,0.27757669716645617,1.0
ANKRD31,1.0851752,0.5073718,0.2778441052465893,1.0
DDX11-AS1,1.0850036,1.037163,0.2779200678997874,1.0
COX18,1.0843846,0.39792722,0.27819431157081387,1.0
SPESP1,1.0841758,0.315811,0.2782868690449668,1.0
NMNAT1,1.0834076,0.60848993,0.27862752866793716,1.0
AC012291.3,1.083031,1.6021203,0.2787946547193405,1.0
SPTBN5,1.0827998,0.15342283,0.27889728072222864,1.0
SLC35E2A,1.0818229,0.36027208,0.27933124205901316,1.0
IFIT3,1.0817409,0.51764387,0.27936770244399034,1.0
GLT8D1,1.0812523,0.1552088,0.2795848744611168,1.0
CCDC40,1.0808758,0.8486611,0.27975239075825376,1.0
NUCB2,1.0807378,0.31394538,0.2798137751841302,1.0
RRP36,1.0798056,0.15848482,0.2802287746986357,1.0
WNT3,1.0797981,1.2669066,0.28023209637985735,1.0
KIDINS220,1.0795072,0.069716714,0.2803616628120408,1.0
LYPD1,1.0793656,1.0471683,0.2804247996592787,1.0
SERINC2,1.0792202,1.8753892,0.28048960804407486,1.0
ZNF791,1.0789666,0.21312775,0.28060263160961807,1.0
PAFAH2,1.0781313,0.6012697,0.2809751632655795,1.0
ZNF721,1.0781126,0.080919154,0.2809834825335946,1.0
AC008250.1,1.0778143,0.15050423,0.28111661356464757,1.0
SETD2,1.0776615,0.08737726,0.28118485981067043,1.0
ARFGEF2,1.0774266,0.08091226,0.2812897479082169,1.0
UQCC1,1.0773968,0.09926011,0.2813030689315579,1.0
LINC01618,1.0771096,0.5994461,0.28143130567349095,1.0
AC016745.1,1.0765353,1.1754037,0.2816878981535784,1.0
LRRN2,1.0763526,0.73259985,0.2817695744901888,1.0
MICU2,1.0760096,0.15223199,0.2819229693756956,1.0
TSPAN7,1.0758865,0.09332815,0.2819780052543531,1.0
COL14A1,1.0757598,2.2746222,0.2820347165081639,1.0
LRCH3,1.0754316,0.07997762,0.2821815344961208,1.0
AL445465.2,1.0753496,2.1270983,0.2822182470898781,1.0
LEPROT,1.0751594,0.42659232,0.2823033660138965,1.0
MYO5A,1.0750736,0.21953507,0.2823417586743989,1.0
RAB6A,1.074932,0.13943166,0.28240519778254924,1.0
FBXL7,1.0742123,0.10099939,0.2827275508552425,1.0
ENTPD7,1.0741601,0.35228047,0.2827509436772475,1.0
PTPRT,1.0741489,0.2801332,0.28275595659548736,1.0
TRIM4,1.073418,0.20970987,0.2830835977825209,1.0
DAPK2,1.0733472,0.58626723,0.2831153725891681,1.0
AC004702.1,1.0724858,0.33141464,0.2835018806293602,1.0
KCNC1,1.0714306,0.15448168,0.2839758817061142,1.0
SSH1,1.070942,0.13222748,0.2841954771871146,1.0
FLRT3,1.0708898,0.4470417,0.28421895220263305,1.0
PP2D1,1.0703604,0.5533845,0.2844571300970955,1.0
SEC24D,1.0700957,0.11199995,0.28457626967858285,1.0
ARHGEF38,1.0697675,0.31828186,0.28472398248860353,1.0
LBX1-AS1,1.0696892,1.3010895,0.2847592398010146,1.0
LDB3,1.0692865,2.3693175,0.28494060977406277,1.0
GPATCH2,1.068895,0.0774353,0.28511701658567723,1.0
ABI3BP,1.068798,0.70192087,0.2851607096784424,1.0
MROH7,1.0684736,2.826586,0.28530694641228416,1.0
KDSR,1.0681939,0.14271165,0.28543305325303836,1.0
AASDH,1.0678285,0.12941529,0.28559788964041843,1.0
GABPA,1.06778,0.18403149,0.2856197605248306,1.0
RHOBTB1,1.0665905,0.22762862,0.28615679312218933,1.0
RWDD3,1.0659752,0.4062671,0.28643483611803733,1.0
RANBP10,1.0654905,0.11363808,0.2866540287737652,1.0
LRRC39,1.0643233,0.4674583,0.28718224181407714,1.0
SPSB4,1.0640697,0.24750008,0.28729708417301925,1.0
ATP6V1C1,1.0637939,0.2439824,0.28742209489304993,1.0
CTNNBL1,1.0633501,0.09634055,0.2876232026098675,1.0
DDX27,1.0628952,0.1482822,0.28782947880244003,1.0
RALGAPA1,1.0624254,0.08424001,0.2880426228744307,1.0
RAPGEF4-AS1,1.0624254,0.297228,0.2880426228744307,1.0
CBLIF,1.0619891,1.1966509,0.2882406376596872,1.0
PSMD6,1.0619407,0.2611731,0.2882626449669451,1.0
ZNF384,1.0603372,0.3659242,0.28899121750365897,1.0
MAP3K12,1.0597368,0.08466138,0.2892643275932347,1.0
TOP1MT,1.0592521,0.34324312,0.28948497809978957,1.0
ZSCAN25,1.0587338,0.26251194,0.2897210297783128,1.0
SNX25,1.0586928,0.12158336,0.289739715659452,1.0
CRYBG1,1.0585548,0.36171785,0.289802574123856,1.0
DNAJB12,1.0582677,0.35952663,0.289933417119005,1.0
YPEL2,1.0578053,0.047523197,0.29014420889610126,1.0
DTWD1,1.0576115,0.12059851,0.2902326361380826,1.0
BCL2L1,1.0575593,0.17371735,0.29025644657108396,1.0
ATG2B,1.057466,0.19212402,0.2902989684711347,1.0
CCSAP,1.0568955,0.10607839,0.2905592938318946,1.0
AL139423.1,1.056586,0.17838304,0.29070058177947555,1.0
CHURC1,1.0562803,0.22199398,0.2908402128407075,1.0
ARHGEF37,1.0560378,1.5003457,0.2909509280463899,1.0
CLYBL,1.0559558,0.09675896,0.2909884073049236,1.0
NOMO3,1.055087,0.75309485,0.2913855460154533,1.0
ALDH8A1,1.0549117,1.0774329,0.2914656996839958,1.0
CCZ1B,1.0544344,0.18003367,0.29168406566750793,1.0
ZNF35,1.054371,0.5222362,0.29171307566882565,1.0
SMARCC1,1.0543077,0.0843982,0.29174208760915354,1.0
AC027097.2,1.054207,0.12715179,0.2917881693821365,1.0
ITGB5,1.0541623,0.47138846,0.2918086517401476,1.0
CREBRF,1.0536923,0.22736065,0.2920237748327612,1.0
BBS5,1.0529355,0.12952903,0.2923705861054048,1.0
SALRNA1,1.0526595,1.259334,0.2924970786926814,1.0
SPTY2D1OS,1.0526334,0.16155885,0.2925090461101262,1.0
RTN2,1.0525961,0.63365155,0.2925261429911623,1.0
DENR,1.0518503,0.10588532,0.2928682215383157,1.0
CLEC2D,1.0510933,0.6085691,0.2932157057791758,1.0
AP000446.1,1.0507168,0.7260181,0.29338869506288323,1.0
LINC00629,1.0506982,1.9130586,0.29339726066743954,1.0
USP13,1.0505974,0.101832666,0.2934435178315936,1.0
TMEM254,1.0505378,0.63890666,0.2934709317933404,1.0
ARHGAP9,1.0492289,0.43766755,0.2940727579073079,1.0
AC006059.1,1.0488374,0.08731307,0.2942529520614515,1.0
YPEL5,1.0487367,0.33921346,0.2942992996637527,1.0
AC068196.1,1.048252,0.75740254,0.29452252329479855,1.0
ACADL,1.047219,1.6974156,0.29499853978196977,1.0
NUDT14,1.0470699,0.70280594,0.2950673211913487,1.0
UBE2V1,1.0469022,0.17583337,0.29514471311787105,1.0
LANCL2,1.0468984,0.18035768,0.29514643309288924,1.0
GTF2H2,1.0463204,0.1653153,0.2954131103984554,1.0
LMAN2L,1.0457536,0.18754604,0.2956747828748475,1.0
CAPN3,1.0435797,0.9963718,0.29667987332461265,1.0
ZBED3-AS1,1.0424461,0.17462401,0.2972048740084623,1.0
ZNF74,1.0417191,0.4803007,0.2975419611081892,1.0
FXN,1.0407645,0.097649455,0.29798488374898935,1.0
SPATA7,1.040343,0.7511652,0.2981805326264281,1.0
FAHD2A,1.0401604,0.4835813,0.2982653981841388,1.0
DNAJC15,1.0397129,0.047352914,0.29847330032596875,1.0
AC090912.1,1.0393624,0.53632325,0.29863622457751515,1.0
AC091544.2,1.0392543,3.7640164,0.2986865004249215,1.0
TRAPPC8,1.0390977,0.090308,0.2987593237387103,1.0
NDUFAF5,1.038695,0.11190588,0.29894663811065214,1.0
GOLPH3L,1.0383072,0.1491169,0.29912708898298634,1.0
CCDC110,1.0377628,1.313683,0.29938053687106025,1.0
MAIP1,1.0367932,0.14392748,0.299832237080076,1.0
GTF3C1,1.036536,0.12497273,0.2999521876392388,1.0
RNF146,1.0364465,0.17644075,0.29999391707237955,1.0
TRMT1L,1.0364091,0.23947874,0.30001130547859844,1.0
CUL4A,1.0359467,0.09763061,0.30022697754676153,1.0
FAM193B,1.0335939,0.18023689,0.3013260709514064,1.0
MPV17,1.0335678,0.3260993,0.3013382787547829,1.0
LINC02117,1.0330458,0.9922864,0.30158250398628184,1.0
COP1,1.0330122,0.080112405,0.30159820868654097,1.0
CYP4F26P,1.0325125,0.3743057,0.3018320986244635,1.0
AC083906.3,1.0323335,1.6234139,0.3019159094556555,1.0
HUWE1,1.032259,0.08823326,0.301950835206227,1.0
GTF2B,1.0321172,0.23593031,0.3020172015399353,1.0
AL591043.2,1.0319121,0.84222126,0.3021132752671829,1.0
FAM151A,1.0318711,2.1414394,0.30213249245275287,1.0
AL589935.1,1.0312074,0.93255305,0.3024435745301146,1.0
NNT,1.0310396,0.1453682,0.30252225260487453,1.0
AP000525.1,1.0307375,0.9013351,0.3026639074443592,1.0
GCNT7,1.0306891,0.24618253,0.30268664627917474,1.0
ATAT1,1.0297979,0.16491038,0.3031048934600874,1.0
HAAO,1.0295405,1.5041013,0.30322571408372057,1.0
TTC7A,1.0293653,0.7061849,0.3033080305167687,1.0
CANX,1.029164,0.09630386,0.303402625178144,1.0
RGS12,1.0288023,0.1148083,0.30357259445574414,1.0
FBXW12,1.028269,1.2169738,0.30382328309403517,1.0
DENND6A,1.0280304,0.101985015,0.3039355239443602,1.0
AC008883.2,1.027844,1.0409967,0.30402323127108766,1.0
TMEM231,1.0255582,0.45144776,0.3050998894737338,1.0
FAM210A,1.0251703,0.0875306,0.3052828032388305,1.0
TBL1XR1-AS1,1.0248646,0.37807477,0.30542707498972177,1.0
GRSF1,1.0234513,0.105163805,0.3060944794678162,1.0
PLEKHA3,1.0227616,0.15216047,0.30642060823025163,1.0
PPIP5K1,1.0218182,0.16339745,0.30686698398625434,1.0
TLE5,1.0217696,0.3745358,0.30688993191853475,1.0
ATP2A1-AS1,1.0214266,0.6962682,0.3070523651554734,1.0
ZNF268,1.0212588,0.25909975,0.30713183692759694,1.0
AP000857.2,1.0211917,0.37197345,0.3071636294500133,1.0
ITPA,1.0210053,0.19989936,0.30725195344632217,1.0
LINC01134,1.0204384,2.186191,0.3075205616523974,1.0
NSUN7,1.0199127,0.22389273,0.30776987004441114,1.0
RNF44,1.0197859,0.29290816,0.30783000697211016,1.0
DTD1,1.0196143,0.11127491,0.30791138107418137,1.0
HAPLN4,1.0193124,2.577805,0.3080547048508231,1.0
AC009403.2,1.0191594,1.3561003,0.30812726827651526,1.0
C2CD5,1.0186001,0.097012326,0.30839284058094163,1.0
ATP6V0A1,1.0185591,0.12358421,0.30841232183961687,1.0
TACC2,1.0181676,0.08982959,0.3085983202739149,1.0
TEN1,1.0174292,0.63939106,0.3089492619598968,1.0
CHP1,1.0161092,0.35167345,0.3095773604018165,1.0
ACAD10,1.0160645,0.15659438,0.3095986666470608,1.0
AC025419.1,1.0155611,0.3100092,0.30983842865671485,1.0
TIMP2,1.0153112,0.24455744,0.3099574671774492,1.0
TRPV1,1.0152329,0.5300376,0.30999478397461355,1.0
ARHGAP8,1.014696,1.1919522,0.3102507505049378,1.0
PGAP2,1.014655,0.3719316,0.3102703092389052,1.0
PCYT1A,1.0142635,0.22083072,0.3104570472153141,1.0
ZBED4,1.0131112,0.0910918,0.31100702071927766,1.0
GLIPR1,1.0128577,0.29462242,0.31112813672267825,1.0
ASAP3,1.012414,0.5626793,0.3113401645854855,1.0
KIAA0087,1.0123953,2.7772653,0.31134907540484724,1.0
ZDHHC9,1.0120597,0.12465051,0.3115094989150605,1.0
CYTH3,1.0117763,0.14525372,0.3116450100967273,1.0
FAM184A,1.0112804,0.077120736,0.3118822481734387,1.0
TTC28,1.0112282,0.12720262,0.3119072275256992,1.0
SPATA9,1.0112095,0.9084025,0.3119161490425174,1.0
PIGG,1.0092481,0.120118044,0.3128556322176407,1.0
CYP27C1,1.0091102,0.66335,0.3129217876140571,1.0
ACSF3,1.0085994,0.09549934,0.31316682157441944,1.0
AC077690.1,1.0085024,1.5987821,0.31321333862726164,1.0
FBXO25,1.0081109,0.120199725,0.31340124223076915,1.0
EPM2AIP1,1.0080065,0.17694384,0.31345136238673377,1.0
ZNF333,1.0079095,0.5517022,0.31349790725494076,1.0
LINC02615,1.0073614,0.18197119,0.3137611503351716,1.0
BCAP29,1.0067872,0.14494728,0.314037084747378,1.0
GNAZ,1.006776,0.88751423,0.31404246167764827,1.0
NFIA-AS2,1.0058064,2.1679742,0.31450869235245216,1.0
GLB1,1.0051502,0.14197275,0.31482455282064503,1.0
HELQ,1.005098,0.23501234,0.3148496870343359,1.0
AC023509.2,1.0050607,0.36247548,0.3148676408515617,1.0
PEX13,1.0049264,0.21972477,0.31493228016495955,1.0
CEP104,1.0048891,0.37682465,0.31495023707740033,1.0
CLPB,1.0047325,0.18205325,0.31502566345743344,1.0
TUT7,1.0046132,0.2499203,0.3150831391423877,1.0
LINC02694,1.0045573,1.5913453,0.31511008324159484,1.0
NXPE3,1.0043522,0.57775134,0.31520889122488327,1.0
UMLILO,1.0038376,2.1463065,0.3154568990445873,1.0
LINC01877,1.0037742,0.78394467,0.3154874595977014,1.0
AC017050.1,1.0028085,0.1130932,0.3159532991140789,1.0
AL592295.3,1.0025549,0.64325273,0.31607567928089664,1.0
FBXO8,1.0024132,0.31742936,0.3161440817495532,1.0
AP001439.1,1.0021932,0.17496833,0.31625030483709315,1.0
CACNB1,1.0015891,1.1970724,0.316542088683449,1.0
FOXP4,1.0000789,0.40612733,0.3172723208929167,1.0
FEM1B,1.0000006,0.17324042,0.3173102148835978,1.0
TRAF6,0.9994189,0.5413884,0.3175918059992179,1.0
RABL3,0.9986918,0.23594412,0.3179440251732766,1.0
PRKAG1,0.9975582,0.110596925,0.3184936362065338,1.0
AC097515.1,0.99684227,0.8092033,0.3188410793657428,1.0
AL359643.3,0.9967677,0.77993083,0.318877285626629,1.0
GAPVD1,0.99663347,0.072779775,0.31894246367887935,1.0
ORMDL1,0.99635005,0.113901116,0.319080090427032,1.0
NFRKB,0.99433273,0.29232964,0.32006089859072717,1.0
MCF2,0.99395615,0.9529061,0.32024422510575046,1.0
EFL1,0.9933595,0.14167579,0.32053478384144474,1.0
PKNOX1,0.9933185,0.1820026,0.32055476608278577,1.0
DPP8,0.99151,0.09762572,0.3214366105777582,1.0
WASHC3,0.9904063,0.54343754,0.32197558618129607,1.0
ZFP1,0.9901937,0.4225593,0.32207944309243075,1.0
MRPS25,0.98908997,0.09508823,0.3226191217183073,1.0
BDNF,0.98900795,1.1953876,0.32265925650256555,1.0
C4orf47,0.98897064,0.6159618,0.3226775006628123,1.0
PARP6,0.988952,0.20394015,0.32268662299523854,1.0
SLC7A9,0.9882994,0.9238659,0.3230060105967807,1.0
DGCR2,0.9875686,0.13230696,0.3233639693259138,1.0
PSMD6-AS2,0.9866364,0.2864716,0.32382092441462496,1.0
DNAJC19,0.9865469,0.74104124,0.32386481422394664,1.0
BX255923.1,0.98641264,0.25423086,0.323930656203813,1.0
FSBP,0.98621875,0.19103028,0.3240257766786926,1.0
RPS6KA1,0.9861255,1.1223328,0.32407151415156343,1.0
COL4A5,0.98510385,0.081771605,0.32457307243426237,1.0
ZNFX1,0.9845855,0.06543536,0.3248277056857184,1.0
EIF4E2,0.9845855,0.12540883,0.3248277056857184,1.0
PRDM10,0.9831052,0.41174144,0.3255556833114823,1.0
LINC00205,0.9829299,1.0794272,0.32564193725079404,1.0
AC104699.1,0.9827733,0.29778612,0.3257190278117392,1.0
ADAMTS9,0.98246753,0.47200757,0.32586957215397494,1.0
A2M-AS1,0.9818821,1.1746032,0.32615793569688734,1.0
MOSPD1,0.98168075,0.4288637,0.32625715638400477,1.0
PEX2,0.98146075,0.19417289,0.3263655865949776,1.0
HTT,0.98144585,0.079664156,0.3263729386432713,1.0
ZNF485,0.98132277,0.6656003,0.3264335971482577,1.0
PIGC,0.9813153,0.3781181,0.32643727365671626,1.0
MYO16,0.98120344,2.3815722,0.3264924245123252,1.0
AC103974.1,0.98064786,3.6277778,0.3267664301293015,1.0
ETFBKMT,0.98060685,0.6403987,0.32678666465113315,1.0
ZFYVE26,0.9800848,0.21383497,0.32704426602605163,1.0
ZNF621,0.9800661,0.15721023,0.3270534685134232,1.0
ZNF852,0.97939867,0.30268362,0.327383028327492,1.0
RFX5,0.97929054,0.37588596,0.32743644098543867,1.0
SLC25A26,0.979257,0.08350693,0.32745301847770547,1.0
TMEM9B-AS1,0.9791041,0.5938481,0.327528545058818,1.0
CCDC85C,0.97842544,0.09173285,0.32786394588292367,1.0
RNF220,0.9780973,0.27276713,0.3280261976121782,1.0
IL10RB,0.9780339,0.6196031,0.32805754769890005,1.0
CAPN1,0.97797424,0.36649054,0.32808705543843897,1.0
METTL7B,0.977661,2.232425,0.32824199931846443,1.0
PLCE1,0.97744477,0.050745513,0.32834901207418643,1.0
TTC28-AS1,0.9773888,0.16105622,0.32837669146906456,1.0
AC142472.1,0.9769749,1.2101468,0.3285815660218383,1.0
CCDC148-AS1,0.97659457,1.5509415,0.3287699021813755,1.0
TRIP4,0.97653866,0.14091028,0.32879760457680185,1.0
CDC42SE2,0.97632235,0.077498056,0.3289047347429196,1.0
UBE4B,0.97519255,0.048463833,0.3294647653073507,1.0
VSIG10,0.97487557,0.06452036,0.32962198048324676,1.0
LINC00630,0.9744319,0.10936189,0.3298421633526827,1.0
MUC4,0.97396576,0.824525,0.3300735504273773,1.0
ZNF420,0.97342503,0.16669314,0.33034209106194723,1.0
POMZP3,0.97340643,0.10372433,0.3303513536053909,1.0
KCNF1,0.97282845,1.5944439,0.3306385758300906,1.0
DENND5B,0.9703786,0.075467736,0.33185782093258,1.0
EYA3,0.9699386,0.06066572,0.33207710996747386,1.0
GDAP1L1,0.96977824,0.8851616,0.33215704364944487,1.0
NAGLU,0.96910703,0.34298295,0.3324917846829818,1.0
LINC00926,0.9686708,1.2002127,0.3327094831538515,1.0
LPCAT3,0.9683799,0.08629763,0.33285466659043517,1.0
ERCC5,0.9681786,0.16965052,0.33295520215798424,1.0
TJP2,0.96789515,0.33538485,0.33309672986713923,1.0
DIO2,0.96745515,1.4752651,0.3333165471961348,1.0
CUL7,0.9668138,0.26584536,0.33363712653430877,1.0
AC008522.1,0.96616495,0.18583326,0.3339616358669011,1.0
RBX1,0.9641327,0.14739417,0.3349793755838012,1.0
COL21A1,0.9626114,1.8829575,0.33574258630336373,1.0
CLK4,0.96232426,0.34817022,0.3358867490919708,1.0
ADAM32,0.96197003,0.81630766,0.3360646671687175,1.0
C1orf43,0.96109,0.09285189,0.33650691555663204,1.0
ADPGK,0.96075815,0.08471609,0.33667379283789023,1.0
ARMC10,0.95962083,0.18745026,0.3372460793221479,1.0
AC034102.5,0.9594754,0.59734213,0.3373193020022658,1.0
AL161665.1,0.9594232,0.28539214,0.3373455895591967,1.0
AC090241.2,0.9590466,0.19691995,0.3375352745181567,1.0
AAMP,0.95853204,0.49385232,0.33779455880366005,1.0
METTL15,0.9582673,0.06186082,0.3379280085280735,1.0
CBWD2,0.95715606,0.08905536,0.33848849075536014,1.0
ZNF282,0.9561045,0.2505073,0.3390194292430464,1.0
FBXW2,0.9559032,0.07017798,0.33912115924195685,1.0
AC090181.2,0.95556384,1.0506046,0.3392926374351646,1.0
LINC00348,0.95552284,2.3585064,0.3393133693357936,1.0
BAALC,0.95513505,0.8133181,0.3395094201902833,1.0
STRADA,0.9548218,0.11115236,0.3396678219803628,1.0
ACAA1,0.95436317,0.16839774,0.3398998529431333,1.0
FAM102A,0.95433706,0.46114007,0.3399130610124933,1.0
JPH2,0.9542774,2.3797457,0.3399432521208121,1.0
NCEH1,0.95410585,0.1665293,0.3400300611322461,1.0
STX7,0.9538672,0.28847048,0.3401508625223236,1.0
AC091946.1,0.953554,1.8033233,0.3403094560831815,1.0
FTSJ3,0.9534682,0.071706176,0.3403528887723968,1.0
FKBP14,0.9530506,0.16672185,0.34056443784322177,1.0
SYDE2,0.95237195,0.25396955,0.34090838470387463,1.0
ZUP1,0.95234954,0.22707961,0.34091972739780596,1.0
KIF13B,0.9522601,0.37120232,0.34096510059034424,1.0
ZNF440,0.9520662,0.3159603,0.34106342243966215,1.0
CBY1,0.95195806,0.69570225,0.3411182636633773,1.0
GPR162,0.9512384,0.55128556,0.34148338527498223,1.0
PEMT,0.95060074,0.2891695,0.3418070957180429,1.0
PUS7L,0.95001155,0.11547492,0.34210637105272135,1.0
PXN-AS1,0.9500041,0.35875285,0.34211016042200826,1.0
ING4,0.9495865,0.43725073,0.34232240794964863,1.0
AL049840.4,0.94915396,0.7920179,0.34254232449919975,1.0
MARCH8,0.9490085,0.18749899,0.3426162822446779,1.0
AL139424.3,0.94895256,0.45054397,0.3426447302494101,1.0
CNOT11,0.9480614,0.09437061,0.34309820548675984,1.0
AC010754.1,0.94788986,2.6600819,0.34318552922762513,1.0
NUP42,0.94787866,0.08133483,0.3431912247474146,1.0
CDK5R1,0.9476773,0.29860443,0.3432937544307233,1.0
RP9,0.9474312,0.27562296,0.34341909506031587,1.0
FARSB,0.9466892,0.070720695,0.34379719297198097,1.0
AIMP1,0.94614846,0.099824,0.3440728587851375,1.0
PODXL2,0.94526476,0.065859765,0.3445237334984128,1.0
MAST2,0.9450522,0.06920741,0.3446322279315548,1.0
ERCC4,0.9447054,0.33935928,0.3448092919541961,1.0
AC004988.1,0.94371355,0.11546101,0.34531605341428906,1.0
AC015987.1,0.9428447,0.44922313,0.3457603358859582,1.0
RUFY2,0.94078267,0.11259789,0.34681624916019604,1.0
COX19,0.9406857,0.20842762,0.346865944740379,1.0
DRAM2,0.9404098,0.1942024,0.3470074108145428,1.0
SIRT5,0.94027925,0.21493365,0.3470743332332179,1.0
LINC01506,0.93978703,2.5491033,0.34732680025032925,1.0
SERPINF1,0.93949246,0.12881708,0.34747795381002977,1.0
HIST1H2BE,0.93934333,0.94689596,0.34755450321308834,1.0
AC012066.2,0.938564,0.19382232,0.3479546482720943,1.0
AL513550.1,0.937904,0.45875266,0.3482937560843947,1.0
PRPF18,0.9377921,0.099610604,0.34835125279634327,1.0
TDP1,0.93769515,0.18205485,0.34840108815934034,1.0
CTHRC1,0.9362111,0.2018372,0.3491645180380569,1.0
ANKRD42,0.93592393,0.52326125,0.3493123393336982,1.0
LINC00456,0.93524903,2.530751,0.3496599718184529,1.0
ZFAND1,0.9345219,0.21115895,0.3500347386289574,1.0
ARL14EP,0.93407816,0.20450158,0.35026356764481714,1.0
NCK2,0.93401104,0.092631325,0.3502981886971953,1.0
SMARCA1,0.9339253,0.094278276,0.3503424298671354,1.0
CCDC180,0.93388057,0.31211284,0.3503655136234419,1.0
FKBP9,0.9328365,0.15177864,0.35090440844092985,1.0
SLC35C2,0.93204224,0.22852042,0.3513147051009057,1.0
SEC24C,0.93171036,0.2452277,0.3514862336164024,1.0
CRIM1,0.9316097,0.07042298,0.35153828084442373,1.0
HNF1A-AS1,0.93137103,2.3922153,0.3516616715523764,1.0
PLXDC2,0.9304798,0.1313196,0.35212270119068645,1.0
AC027018.1,0.9282835,0.06573076,0.35326051144175896,1.0
LEMD2,0.927892,0.359789,0.3534635907850814,1.0
C15orf41,0.9276832,0.090313666,0.35357192994102327,1.0
AC004825.3,0.92752284,0.23610938,0.35365513318164754,1.0
NRBP2,0.9273066,0.4178942,0.3537673804115271,1.0
ZBTB26,0.9272954,0.35526162,0.3537731869151002,1.0
FAM186A,0.9268666,0.5087312,0.3539958149598189,1.0
CC2D2B,0.9263557,0.08259714,0.35426114823562427,1.0
AL133481.1,0.9258225,2.076305,0.354538235911687,1.0
ABCC10,0.92578894,0.32840347,0.35455567957296197,1.0
UBE2J2,0.9254794,0.20787756,0.35471657443938587,1.0
RESF1,0.9253974,0.07161951,0.35475922899924617,1.0
BIRC6,0.92536384,0.0877745,0.3547766795252527,1.0
ZNF528-AS1,0.9249425,0.29428485,0.354995826690928,1.0
POLM,0.9248045,0.50581604,0.35506760140780746,1.0
ECT2L,0.92434216,0.3637874,0.35530821048016903,1.0
RSPH3,0.92394686,0.66618246,0.3555139739739853,1.0
RASA3,0.9236486,0.9497434,0.35566931694363124,1.0
PTCH1,0.9236486,0.09302392,0.35566931694363124,1.0
OS9,0.92341363,0.10577272,0.35579167966171554,1.0
KIAA0753,0.9231228,0.22925662,0.35594321314014044,1.0
GTF2H5,0.92298484,0.34593812,0.3560151086347437,1.0
TRIM54,0.9223733,2.2049417,0.35633389078594224,1.0
C1orf220,0.9218438,0.62476575,0.3566100547681087,1.0
TASOR2,0.92178416,0.062729,0.3566411802888366,1.0
NFKBIB,0.9217804,0.50256574,0.35664312569071954,1.0
LTA4H,0.9217655,0.085634455,0.35665090736511806,1.0
DIS3,0.92164993,0.12735279,0.3567112189692221,1.0
AL365394.1,0.921236,0.99622244,0.3569272261186768,1.0
CCNC,0.92067665,0.085533306,0.3572192585518009,1.0
AC073046.3,0.9205424,0.15951222,0.3572893687193496,1.0
TMEM243,0.92022175,0.07092549,0.3574568891906297,1.0
TOMM70,0.9201845,0.06525233,0.3574763715240482,1.0
NOS1,0.9196065,1.6935558,0.35777843317339164,1.0
SPIDR,0.91942006,0.05994644,0.35787590667297375,1.0
DNAJB1,0.9179285,0.11689749,0.35865629619481776,1.0
CELSR3,0.9175332,0.39932093,0.35886327863819245,1.0
IRGQ,0.9171343,0.3583026,0.3590722898903558,1.0
SLC35E2B,0.9168173,0.14686906,0.35923838138764497,1.0
MPST,0.9163363,0.5581929,0.35949054187874996,1.0
PSMA3,0.91557187,0.061105758,0.359891490744506,1.0
EPS15,0.91554207,0.08124977,0.3599071432208365,1.0
DLGAP1-AS1,0.9155234,1.1354984,0.3599169262356313,1.0
FAM122C,0.91511697,0.48862427,0.3601302374576497,1.0
HACD4,0.9149641,0.45374164,0.36021049432750885,1.0
TMEM230,0.9146583,0.07995523,0.36037104174887225,1.0
INO80-AS1,0.9145949,0.10330339,0.36040433159048657,1.0
HNRNPDL,0.91392,0.05470282,0.3607588901602553,1.0
RBM48,0.9138305,0.3861198,0.36080591987899846,1.0
AC018832.1,0.9123725,0.5827602,0.3615726541053308,1.0
THEM4,0.9117423,0.7412654,0.3619043717711534,1.0
OPA1,0.91160065,0.07914326,0.3619789854290507,1.0
AC009126.1,0.9114962,0.26967573,0.36203397008141225,1.0
KAT8,0.91145897,0.29344124,0.362053608725462,1.0
TAS2R4,0.9112949,0.5784133,0.36214002668875733,1.0
SPAG16,0.91125387,0.11904927,0.3621616331986305,1.0
LMBR1,0.911004,0.08065159,0.3622932539261293,1.0
TMED10,0.9097549,0.21110313,0.3629518069381532,1.0
ZNF155,0.90966535,0.3611257,0.362999015602931,1.0
HDX,0.90947145,0.12461147,0.3631013142279562,1.0
UCHL3,0.909464,0.10739115,0.3631052491507605,1.0
ST7-AS2,0.9090799,2.537311,0.36330793375420933,1.0
ALG14,0.9088152,0.21890306,0.363447689595214,1.0
TTC25,0.9086996,0.8175083,0.36350872029868,1.0
CNRIP1,0.90858775,0.4893418,0.36356778837394454,1.0
MED15,0.90734977,0.11107406,0.36422187592294075,1.0
LINC02175,0.90642124,1.5628309,0.3647129240278253,1.0
TCEA3,0.906164,0.10994143,0.3648490707598433,1.0
PDLIM7,0.9061155,0.39733106,0.36487472514746744,1.0
TRPM4,0.90608937,1.3067377,0.36488853951524736,1.0
RAD52,0.9057538,0.09004075,0.3650661819197658,1.0
AL355999.1,0.90569043,0.21042597,0.36509974266027445,1.0
C16orf70,0.90504533,0.28422105,0.3654413821219177,1.0
MMP15,0.90466124,1.2361754,0.36564488072178847,1.0
SLC12A8,0.90413547,0.08781891,0.36592357114134844,1.0
DNAJC3,0.9035128,0.105250925,0.3662538226989328,1.0
FAM228A,0.9033897,3.1754537,0.366319103981984,1.0
PABPN1,0.9030168,0.13958381,0.36651697036816633,1.0
LPCAT2,0.90300936,0.1724227,0.366520928375606,1.0
SREK1IP1,0.9025619,0.08135622,0.36675845759884407,1.0
SEMA4G,0.9023158,0.18030256,0.3668891395702645,1.0
KAT14,0.9020958,0.30682638,0.36700598590155775,1.0
AC008649.1,0.901887,2.9758153,0.36711691234709454,1.0
TMEM53,0.9017788,0.8080317,0.3671743646104265,1.0
SPON1-AS1,0.9015439,0.31145686,0.36729919400609523,1.0
AC002472.1,0.90135,4.7121496,0.36740224771151864,1.0
MAP3K7,0.9011449,0.05740615,0.3675112664242539,1.0
TAB3,0.901089,0.1760981,0.3675410022975897,1.0
MIR1-1HG-AS1,0.90105915,4.4030423,0.3675568620428544,1.0
FAM107B,0.90069747,0.08223463,0.3677491953746592,1.0
KLHL3,0.899989,0.17639585,0.3681261123614672,1.0
ATP5PO,0.8991015,0.27820405,0.3685985896604249,1.0
PEX5,0.899012,0.11284592,0.3686462553648586,1.0
ANXA5,0.8987697,0.271864,0.3687753692395078,1.0
VPS26C,0.8985608,0.078724064,0.3688866283651173,1.0
TRIQK,0.8978076,0.25186712,0.3692881293997915,1.0
SEPTIN2,0.8977218,0.075520046,0.36933386208845786,1.0
PTCD2,0.8976025,0.1123089,0.3693974960345676,1.0
TTC19,0.89692384,0.07535776,0.36975954371926956,1.0
CHST11,0.89692384,1.4035585,0.36975954371926956,1.0
VMA21,0.89624894,0.12555504,0.37011982076258854,1.0
LIPE-AS1,0.8959693,0.28260985,0.37026917071208676,1.0
PKIG,0.8959245,0.35630643,0.3702930701773268,1.0
GPR89A,0.8957269,0.08605995,0.37039863760965586,1.0
PCCA-AS1,0.89527196,0.20755453,0.3706417129115479,1.0
AC023385.1,0.8951228,0.24313071,0.3707214312871744,1.0
GOT1,0.89507437,0.15785448,0.37074734205105986,1.0
KCTD7,0.89445907,0.45407918,0.3710763071257972,1.0
FAAP100,0.8942354,0.4456116,0.371195975688452,1.0
AC244131.2,0.8941906,0.98172575,0.37121991227433704,1.0
GPC5-AS2,0.8936126,3.4808087,0.3715291792541322,1.0
EMG1,0.8935716,0.15105835,0.3715511333052782,1.0
TMTC2,0.8931876,0.1150754,0.37175674209924514,1.0
AP001432.1,0.8929228,0.32963738,0.3718985135080498,1.0
SIAH1,0.8918377,0.11349666,0.37247992680565856,1.0
ZFP62,0.8916065,0.4862683,0.37260387455296906,1.0
SCD5,0.8914723,0.3666558,0.3726758559384914,1.0
SEMA6C,0.89084584,1.1009245,0.373011882969965,1.0
EVI2A,0.8907414,0.46500865,0.3730679057127305,1.0
GATB,0.89070785,0.16859305,0.37308591412945313,1.0
ABHD14B,0.8906743,0.22136395,0.37310392308448936,1.0
AC138356.3,0.89061093,2.6212237,0.37313794146827495,1.0
AC097448.1,0.89055127,0.38156903,0.37316996052512597,1.0
SNORC,0.8904394,0.82996553,0.3732300008421703,1.0
LINC01006,0.8901075,0.3380942,0.37340815563968544,1.0
RSU1,0.8900404,0.08846634,0.3734441933462358,1.0
PDCD2L,0.8899994,0.53743,0.3734662174489777,1.0
YTHDC1,0.88955563,0.05642739,0.37370452959235223,1.0
ZNF623,0.88926107,0.27352664,0.373862788777383,1.0
TOM1L2,0.8889814,0.2986695,0.3740130732059572,1.0
IDH2,0.88871294,0.24784704,0.3741573814130359,1.0
SFXN1,0.8885116,0.08284486,0.37426563516707,1.0
GPX2,0.888437,0.34930795,0.37430573406548917,1.0
ABLIM3,0.88838476,3.4227924,0.3743338048752546,1.0
FAM76A,0.8882394,0.42382044,0.37441200899571836,1.0
AL358937.1,0.88783294,0.26649037,0.3746306330594742,1.0
AC092436.3,0.8877658,0.5574906,0.3746667437071455,1.0
IGSF22,0.8873854,3.7714121,0.37487141135403235,1.0
GAK,0.88654274,0.068774216,0.37532513676975277,1.0
AC009570.2,0.88643086,0.83450085,0.3753853913036358,1.0
ZDHHC24,0.8862929,0.4316909,0.3754597134579274,1.0
C10orf143,0.88572985,1.3219907,0.3757631224249708,1.0
PSMC4,0.8851854,0.33305025,0.3760566286559329,1.0
AL360169.3,0.88508475,0.76572543,0.3761109227070202,1.0
LIPA,0.88502884,0.20918053,0.3761410881593803,1.0
BFAR,0.8845664,0.11563799,0.3763905130933968,1.0
METTL22,0.88421595,0.1935791,0.3765796612794209,1.0
TPGS1,0.8840444,0.81036764,0.3766722445244014,1.0
GNPDA2,0.8838542,0.060174,0.3767749075778325,1.0
COQ5,0.8836752,0.31051606,0.37687154739273954,1.0
AQR,0.8828251,0.06142255,0.3773307952542666,1.0
ZNF540,0.8824634,0.21746175,0.37752628158054813,1.0
SLC25A48,0.8824112,1.4499574,0.3775545012555581,1.0
C10orf88,0.881203,0.12302914,0.37820794829959115,1.0
UFSP2,0.87962574,0.19895603,0.3790621072455581,1.0
SFT2D2,0.8791932,0.040088758,0.3792965519073458,1.0
RBBP6,0.87782097,0.059669275,0.3800408975229044,1.0
AC079793.1,0.87704164,0.6522517,0.38046403675842655,1.0
ZBTB44,0.876486,0.108508,0.3807658772715553,1.0
FSD1,0.87645245,0.69945633,0.380784113957624,1.0
AL356113.1,0.8754233,0.23783255,0.38134363276542405,1.0
LDB1,0.875304,0.43900028,0.38140853714002376,1.0
MEF2A,0.87516975,0.07948652,0.3814815626647481,1.0
EXOC3,0.8748229,0.33012527,0.38167025164695456,1.0
MZF1,0.8740921,0.19641708,0.382068106220244,1.0
ARFGAP1,0.873708,0.16348554,0.38227728477173417,1.0
DELE1,0.8735887,0.3329027,0.38234228657704017,1.0
RSPH14,0.87327546,1.1292824,0.38251294855486995,1.0
YJEFN3,0.87327176,0.39120284,0.3825149805263012,1.0
ZNF41,0.8732307,0.09549622,0.38253733264874834,1.0
RNF31,0.87317854,0.5243044,0.3825657819625031,1.0
TMEM63A,0.87305546,0.15866527,0.38263284619031934,1.0
SEC13,0.87250733,0.10553488,0.3829316743722634,1.0
AC007364.1,0.8723992,0.1042162,0.3829906437537858,1.0
HACE1,0.87219036,0.047126487,0.38310453140684864,1.0
C2orf68,0.87209344,0.31412655,0.38315741486861954,1.0
ZNF239,0.8714259,0.38008428,0.3835216185180933,1.0
AC110795.1,0.8711873,0.10252204,0.38365188801039085,1.0
AL157997.1,0.8710978,0.6551551,0.3837007460533687,1.0
BRAF,0.87103444,0.06035195,0.3837353561383713,1.0
AC083805.2,0.87092626,0.8314118,0.3837944012822404,1.0
ADPRM,0.8705459,1.0403394,0.3840021214822862,1.0
PCSK6,0.86974424,0.0659269,0.38444018838415117,1.0
RIPOR3,0.8695988,0.80009884,0.38451968442539597,1.0
KLRD1,0.86901337,0.24388218,0.38483980864799183,1.0
ZNF195,0.8690022,0.07535017,0.3848459272575828,1.0
AC004083.1,0.86803645,0.5071096,0.38537439143257657,1.0
EPGN,0.8668208,1.3760873,0.38604019256193967,1.0
LINC01410,0.8662578,0.25304353,0.38634882298688344,1.0
SLC66A2,0.86524725,0.15005556,0.3869031002162182,1.0
RPS6KC1,0.8650049,0.076732814,0.3870361170362985,1.0
ZSCAN9,0.8644008,0.36507592,0.387367757254954,1.0
SELENOF,0.86420316,0.05214607,0.3874762944387157,1.0
LINC01886,0.8632598,0.7433576,0.3879946613540428,1.0
AC092338.3,0.8632038,0.13491894,0.3880254078334515,1.0
AC008629.1,0.8626035,0.88485855,0.38835551351931863,1.0
INTS6-AS1,0.8623276,0.48030996,0.3885072964741524,1.0
ERICH1,0.8617197,0.115554616,0.38884175660278286,1.0
AC116552.1,0.861056,1.1214472,0.3892071954201123,1.0
PPOX,0.8609516,0.45052114,0.38926469919503615,1.0
ANKRD16,0.8605638,0.15470476,0.3894783299008415,1.0
MEI4,0.86053395,1.2673872,0.3894947659856798,1.0
AC007192.2,0.86005294,1.5279621,0.38975985610666586,1.0
AL158068.2,0.8599336,1.2308526,0.3898256318770863,1.0
C12orf76,0.85951596,0.38642913,0.3900559002251275,1.0
LRTM2,0.8589567,1.5026563,0.3903644248371435,1.0
GCSAM,0.8588075,1.4126743,0.39044672310799633,1.0
KLHDC2,0.8579573,0.08336912,0.39091602454938656,1.0
CCT6A,0.85761803,0.021298328,0.3911034290764053,1.0
WDR45,0.8571407,0.39170998,0.39136712336707014,1.0
CACNA2D3-AS1,0.8569692,1.5853233,0.3914619148599007,1.0
FAM200A,0.8569468,0.46796528,0.39147427999500417,1.0
LINC02128,0.85643595,1.3333448,0.3917566817504079,1.0
AC015802.6,0.8560854,0.074931435,0.39195051794585867,1.0
LINC01722,0.8559922,2.0789945,0.39200207991889735,1.0
KRR1,0.85591394,0.13234533,0.3920453951560511,1.0
RUSC2,0.85573494,0.14220813,0.39214441231418007,1.0
VARS2,0.8556007,0.30361784,0.39221868513616764,1.0
SRSF11,0.85512716,0.06752847,0.3924807712780929,1.0
ZNF445,0.8548027,0.13203986,0.39266037187315406,1.0
LINC01534,0.85335594,0.42050907,0.3934619556046497,1.0
GUF1,0.8532254,0.0768079,0.39353431211560086,1.0
PLA2G4C,0.8528227,1.3198477,0.39375763442651646,1.0
TLN2,0.85244983,0.07580283,0.39396448274336904,1.0
SENP3,0.85236406,0.09156525,0.394012067158358,1.0
AC061708.1,0.8519427,0.84990615,0.3942459019852772,1.0
ATP11A,0.8519054,0.07098452,0.3942665993765728,1.0
ZNF354C,0.85173386,0.31140873,0.39436181584488583,1.0
CPB2,0.85089487,0.5205169,0.39482774899722417,1.0
ASAP1,0.85081285,0.058023192,0.3948733247650923,1.0
IFIT1,0.85079795,0.48359168,0.3948816116101178,1.0
PON1,0.85061896,1.2894368,0.39498106195282057,1.0
IQCG,0.8503654,0.0982479,0.3951219758587371,1.0
RIOX2,0.84998506,0.09660306,0.395333403692823,1.0
ERC2,0.84988064,0.2808432,0.39539145466533654,1.0
ATP11A-AS1,0.8496681,0.55568045,0.3955096457764411,1.0
FBH1,0.8495972,0.0726232,0.39554904755718334,1.0
MKRN1,0.84949654,0.10523317,0.39560504364133875,1.0
AC104237.1,0.84930265,1.9709926,0.39571290144571647,1.0
ZNF337-AS1,0.84816533,0.061249755,0.39634588656666736,1.0
RABL2B,0.8478596,0.7663444,0.3965161703792114,1.0
SNAP23,0.8476992,0.065469734,0.39660548319619626,1.0
PGS1,0.847662,0.0876764,0.39662625535872964,1.0
AC022400.4,0.8475874,0.4840924,0.396667801653524,1.0
STXBP6,0.8471362,2.0850894,0.39691921274274855,1.0
LOXL2,0.8470318,0.5316198,0.3969774042098243,1.0
AL356804.1,0.8462823,0.14137293,0.39739528687852,1.0
AL391684.1,0.8458311,0.57021195,0.39764697594050524,1.0
AC068308.1,0.8456409,1.1514932,0.39775308854078417,1.0
ZKSCAN5,0.8452792,0.24166375,0.39795495764169686,1.0
LINC02474,0.8446043,1.4348341,0.398331806272779,1.0
PCID2,0.84430975,0.042105768,0.3984963545313488,1.0
ALG1L9P,0.8441643,0.32612416,0.3985776023070786,1.0
SCFD2,0.8441158,0.043968584,0.39860468711564045,1.0
LINC00520,0.8436348,0.5648151,0.3988735118158604,1.0
CYREN,0.84290767,0.0128231505,0.3992800818609763,1.0
ZNF544,0.84281445,0.0551176,0.3993322242539845,1.0
PAXIP1-AS1,0.84238935,1.1056235,0.3995700454997233,1.0
SNHG20,0.8423782,0.10019225,0.3995763051038548,1.0
AC004054.1,0.841886,0.6421092,0.39985178607906324,1.0
KIF5B,0.8411812,0.05167648,0.4002464235234988,1.0
WASHC2A,0.8411663,0.5423227,0.400254778167745,1.0
PNPLA2,0.84098357,0.4630366,0.40035713106647064,1.0
AC116428.1,0.840786,0.78427076,0.4004678570108984,1.0
TRIM52,0.84069645,0.22603776,0.40051800311388874,1.0
SLC49A4,0.84066665,0.22699122,0.4005347193199884,1.0
AC021242.2,0.84037954,1.9411074,0.40069563423848265,1.0
PJVK,0.84037954,0.5621724,0.40069563423848265,1.0
PLAC9,0.8399917,4.2348547,0.40091303551193824,1.0
UBE2L3,0.83989847,0.06377228,0.4009653059934596,1.0
AC009299.3,0.838832,0.29322037,0.4015635714962592,1.0
RGMB,0.83823913,0.1482979,0.40189640523867776,1.0
DET1,0.83725846,0.12723279,0.4024473047162741,1.0
KYAT3,0.8370981,0.100789174,0.40253741877946736,1.0
HSF2BP,0.8370608,0.8306166,0.4025583772719833,1.0
BOD1,0.8370422,0.33444023,0.40256885676356036,1.0
ZNF696,0.8362479,0.43624693,0.4030154349713696,1.0
RPP14,0.8362368,0.40984097,0.4030217269244166,1.0
AC011997.1,0.83618456,0.07222841,0.40305109015021334,1.0
AQP11,0.83615845,0.13390383,0.4030657722437866,1.0
ZNF410,0.83607644,0.018491967,0.4031119180526007,1.0
AC090518.1,0.83596456,1.282465,0.40317484925633695,1.0
AC019131.1,0.83570725,1.6002104,0.4033196133593747,1.0
AL355073.2,0.83569604,0.53562284,0.4033259081570063,1.0
KCTD16,0.8355879,0.77771753,0.40338676090133174,1.0
AL136368.1,0.834913,1.1288971,0.40376669021396216,1.0
DIAPH2-AS1,0.83446556,0.05694478,0.40401869510840804,1.0
ARG2,0.8336713,0.17600217,0.40446623557194084,1.0
TFB1M,0.8335296,0.08673193,0.404546109633781,1.0
ZSCAN23,0.8334401,0.27672064,0.4045965612706176,1.0
SH2B2,0.83343637,0.36829177,0.4045986635038191,1.0
GDPD4,0.8332835,0.914133,0.40468486069010934,1.0
C20orf96,0.8329106,0.37868285,0.4048951437854581,1.0
HEATR3,0.83254147,0.042619605,0.4051033883932771,1.0
NIPSNAP1,0.83231026,0.192245,0.4052338368055729,1.0
AC025283.2,0.8316465,0.06596193,0.4056084894743378,1.0
DUXAP8,0.8315794,0.32594126,0.40564638721717583,1.0
KLHDC4,0.83122516,0.057643287,0.4058464381241492,1.0
AC108156.1,0.83092314,1.9486152,0.40601705437616964,1.0
AC093297.2,0.830856,0.33895972,0.4060549749147364,1.0
MIR4500HG,0.83070314,0.41561067,0.40614135736915913,1.0
PSMD5,0.8302967,0.06260028,0.4063710616382906,1.0
PIFO,0.8299499,0.7802425,0.4065671091455769,1.0
BCKDHB,0.8295435,0.05709783,0.40679695708742714,1.0
NUMBL,0.82945025,0.28023487,0.40684968543310995,1.0
TAF11,0.8291482,0.061915725,0.40702055327816744,1.0
ZRANB2-AS1,0.8289207,0.10926224,0.4071492597825789,1.0
TBC1D12,0.828477,0.104501836,0.40740041281513906,1.0
PLA2G6,0.8284658,0.6151183,0.407406745597639,1.0
AC013652.1,0.82814515,1.9283892,0.4075883103181789,1.0
TAZ,0.8280855,0.24074684,0.40762209512187253,1.0
CWC22,0.82756716,0.10603862,0.407915670839041,1.0
ATP5PD,0.8271234,0.15761389,0.4081671055190744,1.0
MAP1A,0.8270526,1.7143725,0.4082072590973155,1.0
BPHL,0.8269034,0.2501117,0.4082918006370113,1.0
PARP4,0.82657903,0.027022768,0.4084757144898288,1.0
RSL24D1,0.8259004,0.07486951,0.408860613323883,1.0
BCL9,0.82575494,0.056205362,0.40894311972285147,1.0
SNED1,0.82530004,0.18237945,0.409201280638792,1.0
AL355490.2,0.82472575,0.78566355,0.40952729431136947,1.0
MON1B,0.82426715,0.4939236,0.4097877927889736,1.0
RBM45,0.8241553,0.3524421,0.40985134394568157,1.0
AC018878.1,0.82411426,0.16985783,0.4098746475045799,1.0
LINC00665,0.8239464,0.06346471,0.4099699884483491,1.0
ACHE,0.82384205,1.2161534,0.4100293183553785,1.0
AC034226.1,0.82370406,1.0629227,0.4101077264174169,1.0
EIF3J-DT,0.82370037,0.296658,0.41010984567790665,1.0
HIST2H2BF,0.8233237,0.55745566,0.4103239245147826,1.0
AC093459.1,0.8231783,1.0641326,0.41040660638823445,1.0
IL4R,0.8230478,0.47178498,0.41048081649728896,1.0
CRNDE,0.82273084,0.59968704,0.4106610742356519,1.0
RXYLT1,0.8222871,0.14760825,0.41091351404711896,1.0
MRPS30,0.8222237,0.18831971,0.4109495843982075,1.0
TMEM252,0.8217203,1.2133946,0.41123609216375745,1.0
DNAH7,0.8211386,0.4784575,0.4115673154341031,1.0
TSC22D3,0.8208627,0.6204137,0.41172448950489526,1.0
PSMF1,0.8204973,0.09724745,0.41193269374787755,1.0
DROSHA,0.8202325,0.06069541,0.41208357460075196,1.0
EXOC4,0.8195352,0.08477206,0.4124811218145017,1.0
KLHL23,0.8191176,0.056506492,0.4127193337738111,1.0
LINC00589,0.81821895,1.1567708,0.41323219122489985,1.0
C5orf15,0.81780875,0.34240195,0.4134664009343846,1.0
ERV3-1,0.8172233,0.43357244,0.41380081817296843,1.0
ZNF189,0.81714875,0.3701453,0.4138434305875267,1.0
CEACAM1,0.81687653,0.90200025,0.41399898793805456,1.0
AC010976.1,0.8165782,0.04960818,0.414169501474949,1.0
AL021368.2,0.81559753,0.2690177,0.4147303574624338,1.0
RBM23,0.815165,0.12317207,0.4149778738391128,1.0
LMBR1L,0.81504565,0.45012572,0.41504616958074936,1.0
HOOK3,0.8144863,0.09799969,0.41536639440744483,1.0
METRN,0.81443787,0.24688083,0.41539415409728897,1.0
ZNF875,0.81309545,0.09101224,0.4161633192983273,1.0
FBXO42,0.81301343,0.07600647,0.41621035107814786,1.0
FHAD1,0.8128121,0.85360634,0.41632580601875835,1.0
SLC35D1,0.8127375,0.17055936,0.41636857190365417,1.0
SLC25A16,0.8127263,0.060907878,0.41637498700996667,1.0
ATIC,0.8126592,0.06679597,0.41641347887263536,1.0
PLTP,0.81256974,0.12681155,0.41646480462223257,1.0
GOT2,0.81236464,0.03607373,0.416582440209331,1.0
FAM204A,0.8120663,0.0040993057,0.416753581506458,1.0
SLC6A20,0.81196564,2.0404005,0.4168113510529049,1.0
AC104162.2,0.81191343,0.12719998,0.41684130749185033,1.0
GGPS1,0.8118053,1.2097439,0.41690336415452667,1.0
AC006130.1,0.8117419,1.9828017,0.41693974473105466,1.0
NBPF1,0.8117419,0.28851092,0.41693974473105466,1.0
HACL1,0.8117009,0.054689847,0.4169632861016813,1.0
CD44-AS1,0.81148463,0.48815355,0.417087426290091,1.0
ZBTB25,0.81137645,0.0795914,0.417149504555238,1.0
SBF2-AS1,0.81135786,0.17268212,0.41716020825493383,1.0
SEM1,0.81097376,0.06044406,0.4173807404903338,1.0
RAB33B,0.8106941,0.39470315,0.41754136544087983,1.0
SLC5A4-AS1,0.810448,0.32563415,0.417682745525241,1.0
AC007848.1,0.81039953,1.079744,0.4177105964422261,1.0
AC048341.1,0.8100192,0.07771866,0.41792915699045874,1.0
PLCH2,0.8095531,0.9821416,0.4181970926349181,1.0
ATP6V1G1,0.80940765,0.15330684,0.41828070925365946,1.0
KLHL24,0.809251,0.091692306,0.41837076892778213,1.0
SETD4,0.80912054,0.1956267,0.41844582737584135,1.0
SLC35E3,0.8086693,0.06630172,0.4187053762199586,1.0
PRELP,0.80841947,2.4427276,0.4188491340935412,1.0
RHBDD2,0.80803543,0.60051763,0.41907019163553005,1.0
WDR66,0.80784154,0.46882153,0.419181819566421,1.0
LINC01128,0.8075022,0.106626764,0.41937721052236554,1.0
SPIN2B,0.80689436,1.0434486,0.4197273303697472,1.0
QARS,0.8068422,0.47322842,0.41975741002310574,1.0
APEX1,0.80680114,0.26511183,0.4197810449252948,1.0
C3orf67,0.8059398,0.19485484,0.4202775585288595,1.0
DCPS,0.8058801,0.27389386,0.42031196185132624,1.0
SEZ6L2,0.8058615,0.36881992,0.4203227132288303,1.0
TOP3B,0.805813,0.114588626,0.42035066756633355,1.0
ZNF480,0.80472046,0.25853744,0.4209810049394709,1.0
RAP2C,0.8041388,0.40756488,0.4213168373846816,1.0
EHD4,0.80402315,0.4520945,0.421383592035136,1.0
TRMT13,0.8038591,0.09991121,0.42147835122409316,1.0
MRPS22,0.8038367,0.20029123,0.42149127390007446,1.0
CMTM2,0.8035347,1.4825295,0.42166575277181284,1.0
UXS1,0.8032401,0.018999057,0.4218359643183808,1.0
AC022272.1,0.80271435,0.106354475,0.4221398597096917,1.0
ALG9,0.8025689,0.25523365,0.42222393853157236,1.0
SMAP2,0.8020916,0.12571187,0.42249995849402944,1.0
AVIL,0.802073,0.1800221,0.4225107426688476,1.0
SNX27,0.80201334,0.07382857,0.4225452531119831,1.0
SLC38A9,0.8006448,0.1130714,0.42333728966247086,1.0
FAM240C,0.8004919,0.8538466,0.4234258272391731,1.0
ASF1A,0.80029434,0.17817593,0.42354029431030005,1.0
AC007566.1,0.8002719,0.22787948,0.4235532539875575,1.0
AL358473.2,0.79952615,2.1782522,0.42398537599338526,1.0
NSMF,0.7993621,0.2964436,0.42408047742578103,1.0
EFCAB14-AS1,0.7993211,0.7074547,0.4241042547328957,1.0
ZNF514,0.7987096,0.4848499,0.42445884521230537,1.0
TIPIN,0.798277,0.14557517,0.42470975771713115,1.0
ZNF561-AS1,0.7981316,0.17384583,0.4247941356966488,1.0
MTMR10,0.798057,0.09609191,0.42483741025461275,1.0
NRDE2,0.79793394,0.13668294,0.42490881890620236,1.0
OTOG,0.79731125,3.2263465,0.42527029747995626,1.0
FAM120AOS,0.79724413,0.31088668,0.4253092699607549,1.0
TRIM25,0.7971024,0.09591741,0.42539155204657864,1.0
AL390195.1,0.79691225,0.8130707,0.4255019978740865,1.0
AC018647.1,0.7965804,1.6874238,0.42569477676486134,1.0
LRRC4,0.79622614,0.14001203,0.4259006082249118,1.0
AGAP9,0.79520446,0.28825817,0.42649459469854856,1.0
GTPBP6,0.7948763,0.29020458,0.4266854665157146,1.0
MGST2,0.7948688,0.26423076,0.426689805090261,1.0
CDK19,0.7931163,0.07631299,0.4277100830961311,1.0
PSMG2,0.7928068,0.104434766,0.42789040732106054,1.0
MCPH1,0.79169184,0.058393076,0.4285403758407851,1.0
PRKCH,0.7907671,0.50717515,0.4290799156430679,1.0
C11orf58,0.79071116,0.05640108,0.4291125617587802,1.0
AC092142.1,0.7905173,0.5463052,0.4292257461383744,1.0
SELENOT,0.79041284,0.30725357,0.4292866987602063,1.0
MIR2052HG,0.7903047,2.0639472,0.429349833564423,1.0
ACO1,0.7902115,0.15557708,0.4294042644505436,1.0
CARD19,0.7901295,1.0107017,0.4294521669472233,1.0
LINC01355,0.78895116,0.28824282,0.43014056353849406,1.0
STRIP1,0.78888774,0.0985201,0.4301776156841184,1.0
KLHDC3,0.7887647,0.5483907,0.4302495457269041,1.0
KMT5B,0.7881047,0.07705536,0.4306354714622532,1.0
DIS3L2,0.78804505,0.04969641,0.4306703673011659,1.0
AC079921.1,0.7876125,0.09852433,0.43092341119766564,1.0
EVI5L,0.7875715,0.582942,0.4309474112156123,1.0
SNX6,0.7875416,0.05349015,0.43096486626109276,1.0
GET1,0.7874633,0.4378247,0.43101068770653184,1.0
ARHGAP6,0.78725076,0.71772647,0.4311350744442075,1.0
CATSPERE,0.78695995,0.17456023,0.4313053216047662,1.0
LRRC58,0.7863335,-0.006321209,0.43167214015588706,1.0
TPK1,0.7861806,0.06731098,0.43176168878868193,1.0
AL138756.1,0.7860165,0.7678693,0.43185780173447796,1.0
MRPL48,0.78591585,0.2452761,0.4319167862701031,1.0
EIF2D,0.7858935,0.22561578,0.4319298945785325,1.0
TMEM39A,0.78465176,0.1669106,0.43265776699499914,1.0
BAG3,0.7845474,0.3102729,0.4327190018242567,1.0
AP002490.1,0.7842826,0.4497842,0.4328742983412206,1.0
LINC02021,0.78407377,1.7010859,0.43299680848387967,1.0
CDC42SE1,0.7834101,0.18409106,0.43338634892956807,1.0
AL357093.2,0.783287,0.27874088,0.43345858936669346,1.0
MED6,0.7830111,0.113283835,0.4336206083880453,1.0
B3GNTL1,0.78294396,0.08989516,0.4336600237140946,1.0
RHOXF1-AS1,0.78281343,0.40634182,0.4337366705553778,1.0
SLC22A24,0.782407,1.7480497,0.4339754208856088,1.0
NFATC3,0.7818551,0.059159324,0.4342997171942973,1.0
ADAM19,0.78178054,0.7491579,0.43434355175522465,1.0
AC087294.1,0.7816053,0.22977144,0.4344465730333371,1.0
CALU,0.781389,0.10968148,0.43457372512828807,1.0
FAM222B,0.78122866,0.06462585,0.4346680069327461,1.0
GLMN,0.7808446,0.0644416,0.4348938927702879,1.0
AC073167.1,0.78079987,0.07464783,0.434920213973769,1.0
CEP70,0.7805314,0.33690596,0.4350781605060168,1.0
DHX15,0.780207,0.054586414,0.4352690567301104,1.0
STON1-GTF2A1L,0.7797819,0.98018175,0.43551926975450694,1.0
CYP27A1,0.7794873,1.0430739,0.43569271165266943,1.0
ANKRD26,0.77915174,0.074191086,0.43589035222383266,1.0
XRN1,0.77787274,0.060393795,0.4366440561742797,1.0
UBAP1L,0.77780557,0.22094205,0.43668362987393006,1.0
PACSIN2,0.777291,0.06212745,0.43698709687088866,1.0
LINC02576,0.77714556,0.4090784,0.4370728812876721,1.0
NBEAL1,0.77710456,0.08000157,0.4370970786454248,1.0
PFDN1,0.77636623,0.09378501,0.43753276296138477,1.0
PPP1R26-AS1,0.77600455,0.47872967,0.4377462954404272,1.0
AL096803.2,0.77582556,0.16577126,0.4378519831680894,1.0
AL133410.1,0.77527744,0.22584619,0.43817574312917673,1.0
HSPA14.1,0.7752215,0.25998878,0.43820878759816595,1.0
AC006581.1,0.77515435,0.50429237,0.4382484428523117,1.0
ZDHHC23,0.7751283,0.46721882,0.4382638648972389,1.0
AC004034.1,0.77483,0.6838276,0.43844013899858214,1.0
CLDN12,0.774789,0.13562322,0.4384643798743102,1.0
SMIM15-AS1,0.7746062,0.45257637,0.43857237131607163,1.0
SLIT2,0.773894,1.703512,0.43899346344830537,1.0
ZSWIM8,0.77385676,0.08749272,0.43901551655322146,1.0
LEO1,0.7735808,0.16812609,0.4391787293072724,1.0
SNX18,0.77317065,0.7342113,0.43942140725087275,1.0
ZFAT,0.77310723,0.044745073,0.43945891889159205,1.0
PRDM11,0.7730849,0.39988005,0.4394721587331286,1.0
PITX3,0.772134,1.5252966,0.44003506364860556,1.0
AC004951.1,0.7716977,0.11956911,0.44029347604447266,1.0
EFHD1,0.77145535,2.562645,0.4404370760870473,1.0
CYP2W1,0.7712838,1.1063709,0.440538716959041,1.0
ELP3,0.7711459,0.06646419,0.44062048133193266,1.0
GTF2F2,0.77036655,0.064121015,0.44108250288920037,1.0
PTPRS,0.77017635,0.08537428,0.44119528711066247,1.0
AC131568.1,0.76991534,0.8101441,0.441350115881484,1.0
TRIM39,0.7698631,0.5920868,0.441381085369947,1.0
WASHC4,0.76951635,0.05460246,0.4415868428525602,1.0
RNF214,0.7694828,0.14307278,0.44160675778148406,1.0
MCCC1,0.7694567,0.13116297,0.4416222475262006,1.0
THUMPD3,0.7691919,0.16646421,0.4417793753738777,1.0
FGD3,0.76894957,3.2633958,0.4419232528709598,1.0
AL356737.2,0.76888245,3.3581314,0.44196310061177924,1.0
SYNGAP1,0.76885635,0.3596788,0.4419785975108098,1.0
SNCA,0.7688489,0.13115855,0.44198302525337074,1.0
AL590550.1,0.76839024,0.35566247,0.4422553802097038,1.0
TJAP1,0.7683157,0.17743443,0.4422996746431034,1.0
CHD2,0.7683119,0.05368704,0.44230188943139903,1.0
PWWP3A,0.7681255,0.11718052,0.4424126369360595,1.0
CCND2-AS1,0.76758105,0.79071116,0.44273611042209904,1.0
ADAMTS4,0.7672604,0.77920586,0.44292671287642227,1.0
AL139383.1,0.76663023,0.53954554,0.4433014055012171,1.0
DNAJC11,0.76644003,0.027650623,0.4434145139908735,1.0
CCDC144NL,0.76583225,0.788668,0.44377612814263256,1.0
SC5D,0.7655339,0.34315622,0.4439536690777667,1.0
ADD1,0.76525056,0.060775127,0.44412237052457215,1.0
STX17-AS1,0.7650529,0.12522851,0.4442400392419362,1.0
PEBP4,0.76503056,0.84488845,0.44425336134997884,1.0
WBP1,0.7649634,0.4841596,0.44429332904224506,1.0
PPEF2,0.7649336,0.57097644,0.4443110931197489,1.0
AC004884.2,0.76471734,0.2245857,0.44443989480392754,1.0
RFX4,0.76331526,0.36544633,0.4452754016391727,1.0
ASH1L,0.76299083,0.035773903,0.44546885117577417,1.0
GHR,0.7626627,1.193597,0.4456645729880424,1.0
SH2B1,0.76239425,0.13502876,0.445824745453557,1.0
CDK7,0.7623644,0.17365633,0.4458425444182321,1.0
ZNF148,0.7622786,0.053262565,0.4458937186964458,1.0
SETMAR,0.76213324,0.14768091,0.44598050011880463,1.0
SGSM3,0.7616149,0.16055991,0.4462898762377372,1.0
GANC,0.7613166,0.117160335,0.4464679898204472,1.0
TEAD2,0.7610817,0.30292004,0.4466082827408536,1.0
AC079601.1,0.7607946,1.8966141,0.44677978593212697,1.0
PNRC1,0.7605559,0.42162806,0.446922362552282,1.0
AL034405.1,0.76052237,0.087322466,0.4469424144651991,1.0
AC073050.1,0.7603098,0.080434114,0.4470694217981698,1.0
RAD23B,0.7601644,0.07091845,0.4471563333790832,1.0
RANGRF,0.7600935,1.2921807,0.44719867839929117,1.0
PURPL,0.7598959,0.3408377,0.44731681077115215,1.0
KIAA0232,0.75843793,0.082159206,0.4481888637574485,1.0
ZNF224,0.75823283,0.461678,0.44831160848046525,1.0
LDB2,0.7581695,0.05548148,0.44834955162051204,1.0
AC109811.1,0.75813216,0.37771338,0.4483718719665255,1.0
GNPDA1,0.75787115,0.35078052,0.448528132055804,1.0
SH3BGRL2,0.75766975,0.047795184,0.4486486966761766,1.0
HSPB3,0.75759894,2.9072802,0.4486911219360594,1.0
WDR35,0.75750196,0.063188046,0.44874918124505725,1.0
OXSM,0.75721115,0.7674334,0.4489233847553098,1.0
AC013640.1,0.7570433,0.14406458,0.44902390423466854,1.0
ATG4C,0.7569128,0.10074706,0.4491020948805633,1.0
ZNF664,0.7563386,0.1269859,0.4494462254808984,1.0
TECTA,0.75615585,0.9772123,0.4495557529342734,1.0
TMEM62,0.75571585,0.11574922,0.4498195750239631,1.0
BAG5,0.7550633,0.2781448,0.45021099814267684,1.0
ARMC2,0.7549813,0.15288706,0.4502602192719527,1.0
COX10,0.75442564,0.049828548,0.4505936607922343,1.0
FAM98B,0.7543064,0.07457118,0.45066529063080485,1.0
ABRAXAS2,0.7542728,-0.010525866,0.450685437684593,1.0
ATPSCKMT,0.7538663,0.16448154,0.4509294813795617,1.0
IQGAP1,0.75367993,0.07727531,0.451041453051254,1.0
SERPINB1,0.75267684,1.3643072,0.4516441306527109,1.0
THAP9-AS1,0.75251275,0.13621835,0.451742753211556,1.0
TRIM56,0.75249785,0.4671051,0.45175171950256576,1.0
AL158832.1,0.7523487,0.3759667,0.4518413879475358,1.0
UBE2Q2,0.75199074,0.045838732,0.45205663327002243,1.0
ZNF766,0.7516626,0.10927437,0.45225399238981945,1.0
NPIPB5,0.75113684,0.210317,0.45257031701758865,1.0
PPP1R3B,0.75079376,0.13140737,0.4527767805919063,1.0
CCDC125,0.7506185,0.11305342,0.45288227707435824,1.0
ZNF404,0.75059986,0.5412542,0.4528935009212144,1.0
TM9SF3,0.75036865,0.06241952,0.4530326896712332,1.0
NCKAP5-AS2,0.7501263,0.18617876,0.4531786392898097,1.0
AL162414.1,0.75010395,3.7509222,0.4531921129002353,1.0
PTS,0.750048,0.41306686,0.4532257979155605,1.0
SLC19A1,0.7497982,0.05116872,0.45337627490355337,1.0
EHD2,0.7495483,0.5181178,0.4535267800822187,1.0
FBLIM1,0.74932086,1.7234885,0.4536638316986159,1.0
AC138627.1,0.7491643,0.52962357,0.45375820868654626,1.0
PYY,0.748769,1.8287853,0.4539964474668493,1.0
CYLD,0.7485005,0.27253982,0.4541583102532517,1.0
MTM1,0.7479263,0.5721403,0.4545046259626426,1.0
CLDND1,0.7475124,0.539291,0.4547543353936463,1.0
AGBL5,0.7475049,0.078594476,0.45475883537141226,1.0
GDF11,0.7472961,0.087372124,0.4548848449333627,1.0
MLF2,0.74716187,0.30914545,0.45496586146479934,1.0
PNPLA3,0.7466771,0.05664386,0.45525848881270503,1.0
RHOT1,0.7466063,0.041998394,0.4553012662987732,1.0
HAND2,0.7463788,0.2436199,0.45543861983736267,1.0
EIF1B-AS1,0.74621475,0.60817426,0.4555377089986197,1.0
BICRA,0.7456815,1.2618085,0.4558598325555818,1.0
AL445222.1,0.7454242,0.38441157,0.45601530862601725,1.0
GRIK2,0.74514085,0.9821313,0.4561865921442726,1.0
RCBTB1,0.74471945,0.103648536,0.4564413305655701,1.0
AC090617.4,0.74456286,0.23885807,0.4565360324837259,1.0
AC012184.3,0.7443801,0.12808493,0.45664653201270455,1.0
ZBTB40,0.74407434,0.0445307,0.4568314832126572,1.0
AC004542.2,0.74390656,0.84705746,0.4569329987071331,1.0
PLB1,0.74364555,0.9755396,0.4570909368868247,1.0
TWNK,0.74335843,0.10357725,0.4572647042963268,1.0
YRDC,0.74302655,0.40747395,0.4574655985538367,1.0
RNASET2,0.74279535,0.2606857,0.45760557664157964,1.0
PIP4K2A,0.74268353,0.07570002,0.4576733166049358,1.0
FAM242F,0.74257535,0.21342403,0.4577388039193604,1.0
AC010524.1,0.74140453,0.49747127,0.45844821012318826,1.0
CD72,0.74134856,1.9770498,0.4584821143765462,1.0
AC016723.1,0.741192,0.20453525,0.458577053765149,1.0
PLA2G12A,0.7410167,0.105848484,0.45868330852918593,1.0
NARF,0.74064755,0.11005772,0.4589071669019711,1.0
MIR193BHG,0.7400957,0.10183001,0.4592419380188869,1.0
ZNF607,0.73982346,0.6037004,0.4594071119775841,1.0
TBPL2,0.73977125,1.2219738,0.45943879297706114,1.0
PLEKHM1,0.7396333,0.37514606,0.45952252722243137,1.0
MCFD2,0.7393499,0.18441032,0.45969454869043924,1.0
NIFK,0.73891735,0.193857,0.45995717726858687,1.0
SLMAP,0.7379329,0.053109717,0.4605551966076964,1.0
PIP4K2B,0.7379069,0.118202336,0.46057105909648544,1.0
SRF,0.7373587,0.25493604,0.46090424193036583,1.0
AC005154.4,0.7373028,0.8273541,0.46093824775276315,1.0
TMOD1,0.73628104,1.3643246,0.4615596675064445,1.0
QPRT,0.7350878,0.12115292,0.46228600518536844,1.0
AAR2,0.7349909,0.10619898,0.462345048125289,1.0
STK38L,0.7348902,0.059436463,0.4624063664007616,1.0
INTU,0.7347858,0.058526285,0.46246996051562617,1.0
SNURF,0.73410714,1.2067885,0.4628834411727979,1.0
FTCDNL1,0.73400646,0.1278959,0.46294479926318166,1.0
YWHAB,0.7334919,0.07637181,0.4632584780907415,1.0
CTNS,0.7334248,0.6309559,0.4632994014514794,1.0
POFUT2,0.7332197,0.46442202,0.46342445753571515,1.0
AL008721.2,0.7330668,0.89658666,0.4635176933974352,1.0
SNX4,0.73286915,0.040922508,0.46363823328908205,1.0
SMU1,0.73286915,0.022432443,0.46363823328908205,1.0
TFG,0.73271257,0.09676368,0.4637337678677478,1.0
ZDHHC1,0.7323807,0.98222685,0.4639362464185617,1.0
JRK,0.7315976,0.20633726,0.46441419985915755,1.0
HPS4,0.7314858,0.20194098,0.4644825012836905,1.0
CBL,0.73140746,0.11485615,0.46453031560646485,1.0
TRBV26OR9-2,0.73132914,1.7118584,0.46457813266781434,1.0
SF1,0.7308817,0.059729073,0.4648514255475785,1.0
LINC00327,0.7305759,1.6191685,0.4650382270969796,1.0
ZNF260,0.7304305,0.2770446,0.465127086381376,1.0
OVCH1,0.7296996,2.9384637,0.4655738041541828,1.0
CD9,0.7294946,0.3010502,0.46569920145332677,1.0
ZNF674,0.7293454,0.3461462,0.4657904112736535,1.0
GOLGA3,0.7292559,0.016474247,0.4658451419288514,1.0
PDIK1L,0.7282305,0.28642786,0.46647251892317765,1.0
LIX1L,0.7280105,0.114575855,0.4666071808781471,1.0
SMTNL1,0.72747725,1.948148,0.4669336544273456,1.0
KIF17,0.72621316,0.27761683,0.467708108198715,1.0
ITGAE,0.7261386,0.08347464,0.46775382091167295,1.0
CLTC,0.7258887,0.06264543,0.46790697653695745,1.0
MTMR4,0.72551215,0.11260218,0.4681379054239847,1.0
AL159156.1,0.7254525,2.8277853,0.4681744940088176,1.0
YTHDC2,0.7254413,0.05872621,0.4681813545447806,1.0
SSR3,0.72518396,0.06004903,0.46833916223735483,1.0
A2ML1-AS1,0.72444195,0.44585642,0.46879445368415007,1.0
AL683813.1,0.7239945,0.42510894,0.4690691196222385,1.0
PFKL,0.7239833,0.1977789,0.4690759874110523,1.0
PI4KA,0.72346497,0.050715316,0.46939425594488604,1.0
ILK,0.7227453,0.18824805,0.46983636629404424,1.0
IMPA2,0.7223836,0.22179085,0.4700586536924737,1.0
GGT5,0.7219585,0.92131466,0.47031997292585415,1.0
PCSK1,0.7214887,1.1631528,0.47060889276559925,1.0
SEMA6B,0.72145516,1.4868277,0.4706295336456494,1.0
TMEM91,0.7213731,0.1013224,0.4706799912341182,1.0
RIPK1,0.7212948,0.2220179,0.4707281580813838,1.0
AP000926.2,0.7212016,0.6039806,0.470785503113507,1.0
KCNMB3,0.7209853,0.3682952,0.4709185584359932,1.0
OXA1L,0.7208287,0.44646087,0.47101492179477333,1.0
AL591002.1,0.7205341,0.40387535,0.4711962061595899,1.0
CHKB,0.7202507,0.402851,0.47137064262634165,1.0
DNTTIP2,0.71887475,0.15855604,0.4722180836084984,1.0
CLDN10,0.7179724,0.6750356,0.4727743133177056,1.0
RAB5A,0.71792763,0.08459354,0.4728019043389573,1.0
EML2,0.71776354,0.2170969,0.4729030790000136,1.0
COL5A2,0.71774495,0.77644265,0.4729145768745544,1.0
MYOM1,0.71748763,1.1973053,0.47307326325493115,1.0
ITGB3,0.7173944,1.1987574,0.4731307655508876,1.0
TOLLIP,0.7171222,0.40210629,0.473298694263791,1.0
AC019080.5,0.71695065,0.8681155,0.47340452919513687,1.0
MRAP,0.7168164,0.16697338,0.473487365612019,1.0
AC092338.2,0.71673816,0.6351014,0.47353569053642897,1.0
AC021134.2,0.71631306,1.2178247,0.4737980731636262,1.0
BNIP2,0.71621984,0.11326815,0.473855623897408,1.0
HRH3,0.7157649,3.2447548,0.47413652660454975,1.0
DFFB,0.7153734,0.27558792,0.474378360380594,1.0
AL031587.2,0.71513844,0.13883384,0.47452349316483666,1.0
FGF7,0.7148215,0.967415,0.47471934588170617,1.0
FAM81B,0.71421,1.2059156,0.47509735182339896,1.0
ATOH8,0.7142062,0.20138426,0.4750996572442777,1.0
PILRA,0.71411675,0.6698821,0.47515498918725374,1.0
RIOK1,0.71388555,0.053919636,0.47529794640695144,1.0
MESD,0.7136022,0.056620676,0.4754732164784833,1.0
ANKRD7,0.7135612,1.4810481,0.47549858745196216,1.0
NDUFA6,0.71337473,0.1446068,0.47561391941732656,1.0
IL20RB,0.7124574,0.27777216,0.476181576057356,1.0
PKD1L3,0.7119764,0.30452713,0.4764793980023957,1.0
RNF130,0.7119242,0.048103802,0.4765117259009206,1.0
REPS2,0.711913,1.8964787,0.4765186534640661,1.0
CSRP3,0.7117452,1.0256581,0.47662257353145365,1.0
LINC02221,0.71156996,1.4458301,0.4767311255200878,1.0
STK35,0.71150285,0.13299967,0.47677270220742873,1.0
SP2-AS1,0.71123064,0.032184526,0.47694133912693193,1.0
QRSL1,0.7110181,0.16793956,0.47707303723119754,1.0
TRDMT1,0.7109957,0.2239852,0.4770869013474508,1.0
SNHG4,0.710772,0.05094413,0.4772255546391715,1.0
CNTN4-AS2,0.7105631,0.37884334,0.4773549842727822,1.0
USP32,0.7103618,0.06821957,0.47747980960866576,1.0
ACOT9,0.71026856,0.17754532,0.47753760516306354,1.0
AC051619.5,0.7100821,0.97915727,0.477653207752305,1.0
SEC61A1,0.70995164,0.11242554,0.4777341386717251,1.0
RNF185,0.7097242,0.17591947,0.4778752076265961,1.0
INSIG1,0.70972043,0.22194825,0.4778775204221657,1.0
LINC02774,0.708598,0.42778242,0.4785739500075905,1.0
CATSPERG,0.70814687,0.95258766,0.47885406624253535,1.0
EP300,0.707856,0.037719343,0.4790346844906832,1.0
GRM4,0.70778143,2.171568,0.47908100285274047,1.0
SLC16A6,0.7077367,0.060140133,0.4791087950435572,1.0
AC091133.1,0.70749056,0.29819447,0.4792616678250372,1.0
ARHGEF40,0.7068753,0.17723212,0.4796439662311186,1.0
LINC02268,0.7060177,0.79464865,0.48017714450022386,1.0
TMEM44,0.70588714,0.6738895,0.480258308639388,1.0
NIPSNAP2,0.70588714,0.054234833,0.480258308639388,1.0
AC023509.6,0.7058499,0.059854925,0.4802814997669045,1.0
HELB,0.70574176,0.12733267,0.4803487574884634,1.0
TACO1,0.70507056,0.61670315,0.4807663340007985,1.0
AC105940.1,0.70505935,1.8207862,0.48077329528422197,1.0
WNT6,0.704858,3.9210799,0.4808986077742081,1.0
ERCC3,0.7042539,0.056211002,0.4812746519543034,1.0
AL162411.1,0.7036499,0.054212514,0.48165085614583736,1.0
SLC43A1,0.7033739,0.6382813,0.48182275572566235,1.0
SLC39A9,0.70324713,0.034534164,0.48190174780124506,1.0
LINC02109,0.7032136,2.2389357,0.48192265864726846,1.0
LRRC8C-DT,0.7025759,0.09425208,0.48232005847201664,1.0
AC007878.1,0.70244545,0.52544886,0.48240141957356253,1.0
BOD1L1,0.70164,0.048417866,0.48290369883816253,1.0
DZIP3,0.7014349,0.1074343,0.4830316393808465,1.0
AC015802.4,0.7013976,0.3578035,0.48305490327530765,1.0
AC005534.1,0.7007861,0.6212409,0.48343651794667264,1.0
FREM1,0.70075256,0.45741612,0.4834574649506006,1.0
KIFAP3,0.700402,0.12135917,0.48367627420863357,1.0
SULF2,0.70038337,0.10472614,0.4836879145039117,1.0
INTS11,0.70013726,0.21378179,0.48384158064638827,1.0
FGD1,0.69987255,0.12883012,0.4840069177282562,1.0
AC073346.1,0.6995518,0.97944975,0.4842072262102207,1.0
SLC35F2,0.6994139,0.13045497,0.4842934192682532,1.0
TP53I11,0.6992759,0.22008556,0.4843796206440135,1.0
SLC25A14,0.6990969,0.42203522,0.4844914618490064,1.0
POLR1D,0.69895893,0.07855171,0.48457768232988463,1.0
GASK1A,0.69823927,0.16626771,0.4850275617881269,1.0
ARMH1,0.6977396,0.7017223,0.48534004633582994,1.0
A1CF,0.6972474,0.33095178,0.48564797347064426,1.0
BUD23,0.697184,0.08164911,0.4856876384367078,1.0
ZNF585A,0.6970237,0.15072025,0.4857879752932578,1.0
ZNF382,0.6967067,0.37191847,0.4859863485840661,1.0
B4GALT3,0.69668806,0.28949952,0.4859980189656051,1.0
ZMYND11,0.69665825,0.050719984,0.486016691891375,1.0
DHODH,0.6961325,0.11918794,0.4863458658941443,1.0
POLA1,0.69599825,0.07477503,0.4864299296329955,1.0
SYTL2,0.6959647,0.409502,0.4864509467949947,1.0
LETMD1,0.69574094,0.06724476,0.4865910737527054,1.0
RANBP6,0.6952226,0.03773109,0.4869157850027147,1.0
DEGS2,0.69505113,0.30361894,0.4870232691769022,1.0
USH1C,0.6946633,1.9394174,0.4872663241113935,1.0
FRY,0.6945887,1.1871358,0.48731307295313364,1.0
AC005562.1,0.6941376,0.14551686,0.48759595508601306,1.0
CREM,0.69367516,0.09016221,0.4878859427572888,1.0
ZNF439,0.6935223,0.24257195,0.4879818462435114,1.0
LINC01514,0.69291073,1.4940251,0.48836556186651336,1.0
SNX2,0.6927616,0.07915055,0.48845917571579045,1.0
GPR179,0.6919972,0.38138682,0.48893909849791994,1.0
FBXW11,0.6914267,0.055175036,0.48929745026175875,1.0
DDR1,0.69139314,0.86162424,0.4893185341809163,1.0
IST1,0.6912104,0.08732934,0.4894333329895143,1.0
AC211476.6,0.6912104,1.5060675,0.4894333329895143,1.0
ZNF320,0.69120294,0.2232856,0.4894380189631665,1.0
TCEANC2,0.6908636,0.29110482,0.4896512563154679,1.0
FCHO2,0.69045717,0.019516822,0.48990673828983755,1.0
TTTY10,0.6904087,0.33255228,0.48993721340357077,1.0
C3orf35,0.6897673,0.21504419,0.4903405186061466,1.0
ZNF829,0.6892416,0.39441848,0.49067126819496076,1.0
TMEM189,0.6888985,0.65378547,0.49088714106813824,1.0
ERMP1,0.6888612,0.053625077,0.49091060858552893,1.0
NOL7,0.6881154,0.018833512,0.49138008550047774,1.0
DDRGK1,0.68799984,0.49976447,0.49145287599705356,1.0
AC007262.2,0.6879402,0.3934152,0.4914904475507128,1.0
MAP2K3,0.6878283,0.1308783,0.491560898370226,1.0
TRAPPC10,0.6878022,0.055616304,0.4915773376748179,1.0
AL589843.1,0.68740696,0.072124064,0.49182631178541747,1.0
THAP2,0.6873995,0.2752177,0.4918310100605203,1.0
RAB14,0.68631816,0.11859789,0.4925125148245397,1.0
AGER,0.6862846,0.6734784,0.49253367306956486,1.0
GBA2,0.68593407,0.16144592,0.4927546883062972,1.0
YIPF1,0.6858334,0.68004066,0.4928181812316379,1.0
PDE6B,0.6853151,0.17754593,0.4931451215948671,1.0
SIN3B,0.6852927,0.07055411,0.4931592367439519,1.0
EXT2,0.6850205,0.060597498,0.49333098839110967,1.0
ZNF77,0.6849161,0.44596398,0.4933968742341859,1.0
RAB2B,0.68478185,0.39673027,0.49348159152713056,1.0
ZNF121,0.68434185,0.07172757,0.4937593305826884,1.0
CXorf38,0.68433064,0.57152784,0.4937663928355378,1.0
PRIMPOL,0.6842263,0.19106933,0.49383230980248516,1.0
CTNNA3,0.6842113,0.47497046,0.49384172689648165,1.0
AC108047.1,0.68395406,0.10335946,0.4940041868944568,1.0
BEST3,0.6838273,3.646129,0.4940842501627978,1.0
SMPX,0.6837676,3.4951587,0.49412192939690125,1.0
C1QTNF1,0.68365943,2.62082,0.49419022692658354,1.0
AL109613.1,0.68346554,2.5419626,0.49431270410664074,1.0
RIOK2,0.68346184,0.10861091,0.4943150595961153,1.0
LZTR1,0.68243265,0.26417494,0.4949654041022611,1.0
MAPKAPK2,0.6820859,0.065564506,0.4951846448637254,1.0
PTGR2,0.68196654,0.037643176,0.4952600945389801,1.0
SLC22A4,0.6818696,0.12587433,0.4953214019211559,1.0
ZNF594,0.68141097,0.2100549,0.49561148793359566,1.0
AC110285.2,0.6809262,3.3176436,0.4959181814670821,1.0
AC073254.1,0.680874,0.6586979,0.49595121604119896,1.0
CDC25B,0.68019533,0.21624342,0.49638077234047107,1.0
BET1,0.68005365,0.06266718,0.4964704849514531,1.0
AC018643.1,0.6798262,0.6499795,0.49661451537800916,1.0
LINC02723,0.6797181,1.8569425,0.4966829966713667,1.0
AF279873.3,0.6796994,0.8102337,0.49669480429968327,1.0
ATP8B2,0.67963976,0.21066324,0.49673258971582035,1.0
PPP1R21,0.67923707,0.047622725,0.4969876813469669,1.0
AF130417.1,0.6790394,0.64827114,0.4971128907314165,1.0
PTGES3L,0.67833096,1.0150195,0.4975618926427796,1.0
MORF4L2,0.6781594,0.056559872,0.49767063082638974,1.0
JMY,0.6768543,0.06652717,0.49849840072268237,1.0
NEK6,0.6767499,0.034952413,0.49856465392719007,1.0
CREB3L4,0.67663056,0.3945533,0.49864037760761104,1.0
GJC2,0.67649263,0.30819044,0.4987279407346781,1.0
PLD1,0.676336,1.2432685,0.49882734662102646,1.0
FBXO30,0.6762204,0.04974527,0.49890072438672217,1.0
ZNF839,0.6759333,0.16646162,0.4990830101055427,1.0
OVOL3,0.675799,0.510619,0.499168246735598,1.0
PGRMC1,0.6756872,0.38172016,0.49923928316774424,1.0
SLC17A5,0.675579,0.13599324,0.4993079568229041,1.0
EIF6,0.675579,0.18203777,0.4993079568229041,1.0
CUL2,0.6754821,0.04176415,0.49936953057231204,1.0
DUSP13,0.67524344,2.350441,0.4995211139038547,1.0
WSCD1,0.6742814,1.1077186,0.5001324318962803,1.0
NT5M,0.6742702,0.4086499,0.5001395425787459,1.0
AC009227.1,0.6728048,0.625324,0.501071505522949,1.0
RECK,0.67267054,0.13872148,0.5011569221545676,1.0
TVP23B,0.6724468,0.1825994,0.5012993003476033,1.0
NATD1,0.67229766,0.74714476,0.5013942310443347,1.0
KIAA1143,0.6721746,-0.057071514,0.501472556035775,1.0
AL078604.4,0.67157423,0.55803275,0.5018547799519428,1.0
PARN,0.6715071,0.035238508,0.5018975226415134,1.0
NTN1,0.671481,0.051024634,0.5019141453188496,1.0
SMAD5,0.67143255,0.039994583,0.501945016778291,1.0
DCAF8,0.6714139,0.03637083,0.5019568906840937,1.0
APLF,0.67048544,0.05239611,0.5025483991625641,1.0
LINC01569,0.670463,1.1315479,0.5025626569249263,1.0
LUZP2,0.6704108,0.29816404,0.5025959258688271,1.0
AC012613.1,0.67030644,4.3775063,0.5026624672496898,1.0
STXBP5,0.6697732,0.042528342,0.5030023762064542,1.0
AC011092.2,0.6697583,0.09133666,0.5030118858951891,1.0
MTMR9,0.6694227,0.12797399,0.5032258790050501,1.0
STT3A,0.6691729,0.14447369,0.5033852162071077,1.0
PRPH2,0.6690871,0.73151386,0.5034399201951932,1.0
AC007285.1,0.6690722,0.2593071,0.5034494342527044,1.0
RXRA,0.66879255,0.23458545,0.5036278404095905,1.0
CDAN1,0.66874033,0.19920777,0.5036611465885446,1.0
CCDC43,0.66869557,0.15652743,0.5036896956674048,1.0
SDHAF4,0.66855013,0.04893721,0.5037824860731843,1.0
LINC00158,0.66844946,1.147289,0.5038467308699648,1.0
AL157400.3,0.66784537,0.45451492,0.5042322904367482,1.0
SLC35G3,0.6677298,4.652584,0.5043060880901542,1.0
NUDT16,0.6674278,0.3364086,0.5044989411026912,1.0
EIF2A,0.6673681,0.04727798,0.5045370401238403,1.0
AL137847.2,0.66729724,2.335862,0.5045822846817611,1.0
IGBP1,0.66667455,0.075497165,0.5049800525463031,1.0
WIZ,0.6665515,0.34108678,0.5050586729282183,1.0
GPR39,0.66633147,0.844023,0.505199252712467,1.0
ARNTL,0.66605556,0.56784296,0.5053756022548367,1.0
DHX34,0.66587657,0.089416854,0.5054900084792875,1.0
PTRH2,0.66567147,0.053281385,0.5056211157085193,1.0
AC131254.1,0.66546637,3.3500595,0.505752240837808,1.0
PPP1R3E,0.66539925,0.448465,0.5057951584036815,1.0
F13A1,0.66515315,2.4565701,0.5059525392102895,1.0
PDCL3,0.664784,0.57761526,0.5061886587277205,1.0
LINC01748,0.6647728,3.7180686,0.506195814769388,1.0
G6PC3,0.6647467,0.4713381,0.5062125124068971,1.0
AC124312.2,0.66468334,1.1762353,0.5062530650184729,1.0
SENP8,0.6646535,0.22605486,0.5062721491916441,1.0
ZKSCAN7,0.66450435,0.46069667,0.5063675757331438,1.0
SYNE3,0.6640457,0.77016884,0.5066610716038124,1.0
GPR18,0.6636579,0.22034007,0.5069093004688046,1.0
ZNF304,0.66348636,0.96968424,0.507019114386928,1.0
CCDC50,0.66305757,0.108174175,0.5072937038578975,1.0
CCNE2,0.6626026,0.13659324,0.5075850928296094,1.0
L3MBTL3,0.66238636,0.024062479,0.5077236528239769,1.0
AC093610.1,0.6622857,0.48182032,0.5077881616619736,1.0
AL139095.4,0.6620843,0.15777385,0.5079171922420518,1.0
RNASEH2B-AS1,0.6619948,0.30410597,0.5079745446886558,1.0
LINC02439,0.6618046,1.5171381,0.5080964299193422,1.0
VPS53,0.66175616,0.039935365,0.5081275011573508,1.0
PPP6C,0.6615026,0.011155227,0.5082900438748962,1.0
MIGA2,0.66148394,0.27857885,0.5083019966215061,1.0
RBM3,0.66129005,0.022545831,0.508426313924446,1.0
DPM1,0.66114837,0.019161483,0.5085171712658092,1.0
BCLAF1,0.6604809,0.04693312,0.5089452716326086,1.0
IQCM,0.6595002,0.56776077,0.5095746106605883,1.0
RAB15,0.65940696,0.24043055,0.5096344549590067,1.0
CCDC198,0.6592094,0.16499554,0.5097613370377901,1.0
TMEM222,0.6590677,0.19890022,0.5098523192697235,1.0
AC016383.2,0.65894836,1.4773281,0.5099289424766067,1.0
JAG1,0.6588477,0.42186278,0.509993597993847,1.0
URGCP,0.65874326,0.06408311,0.5100606526899659,1.0
VPS13C,0.6584748,0.049394213,0.5102331002281915,1.0
TIRAP,0.6582175,0.34481564,0.510398391062276,1.0
AL136038.5,0.65812427,0.20150934,0.5104582859550297,1.0
MIR3936HG,0.6573263,0.45467538,0.5109711365651268,1.0
AC022915.2,0.6572405,1.4402194,0.5110262720402793,1.0
NAA11,0.6572144,0.30351046,0.5110430530191783,1.0
NPEPPS,0.65720695,0.07277497,0.5110478476374531,1.0
AC006270.1,0.6568975,0.644408,0.5112468450178702,1.0
NPIPB4,0.6568154,0.141071,0.5112995980956487,1.0
GLI4,0.6558832,0.62361467,0.5118992645195739,1.0
PRSS55,0.654731,0.4672062,0.5126409589967633,1.0
TMEM14C,0.6544066,0.10124039,0.5128498866056022,1.0
AFTPH,0.6530903,0.019662604,0.5136980593813354,1.0
DMXL2,0.6529635,0.032773655,0.5137797916026385,1.0
SMIM7,0.6528144,0.0970327,0.51387595581986,1.0
CPLANE1,0.6526913,0.059984848,0.5139552983484326,1.0
DUS4L,0.65259063,0.26905218,0.5140202197027453,1.0
KIN,0.6523222,0.14791937,0.5141933641673508,1.0
TMEM213,0.6521693,1.0399195,0.5142919738726642,1.0
MLH1,0.6521245,0.08307705,0.5143208371099203,1.0
DIDO1,0.6521022,0.021475535,0.5143352690443923,1.0
MYLIP,0.65163606,0.13943672,0.5146359822267903,1.0
DMAC2,0.65097606,0.3616512,0.515061948341049,1.0
STAM,0.6508344,0.05750294,0.5151534225655513,1.0
COA5,0.65055096,0.22699846,0.515336396322182,1.0
ANKMY1,0.6505174,0.045824543,0.5153580665013155,1.0
EDA2R,0.6503123,0.11374658,0.5154905056527739,1.0
MRPL32,0.65029365,0.17512889,0.5155025464516161,1.0
ZFP69,0.64972687,0.32884237,0.5158686564015937,1.0
RETREG1,0.64939874,0.74042255,0.5160806764317349,1.0
AC010255.1,0.6493764,0.6029647,0.5160951339884494,1.0
SNTA1,0.6493503,0.17373917,0.5161120014034284,1.0
AC011287.1,0.64917874,0.12107957,0.5162228515281778,1.0
DGUOK-AS1,0.64902586,0.13479736,0.5163216631307432,1.0
NAE1,0.6488096,-0.0044427174,0.5164614621436731,1.0
AC087276.3,0.64869773,0.68948394,0.516533779676104,1.0
PLGLB1,0.64857095,0.78658324,0.516615745890481,1.0
ZCRB1,0.6479855,0.45801258,0.5169943243470803,1.0
ANKRD17,0.64790344,0.042778913,0.5170473850335542,1.0
AL049830.3,0.6476201,0.19117334,0.5172307072853967,1.0
SNRPA1,0.646975,0.052478246,0.517648132081957,1.0
AL445213.2,0.646975,1.8143785,0.517648132081957,1.0
AC092835.1,0.6468631,0.11509364,0.5177205356162038,1.0
PABPC1,0.64656854,0.048089296,0.5179112233198983,1.0
AC009061.2,0.6465611,0.4740642,0.5179160513281656,1.0
TSNAX,0.64633733,0.032664184,0.5180609024007127,1.0
FYN,0.64620686,0.06988778,0.5181454085337953,1.0
PTPRD-AS1,0.6460912,0.91316986,0.5182202627750996,1.0
SNHG21,0.6458899,0.050966855,0.5183506673850844,1.0
BMS1,0.64572585,0.035687637,0.5184569355337254,1.0
SLC30A6,0.6456923,0.028581116,0.5184786735875759,1.0
NIPSNAP3A,0.64533055,0.80720925,0.5187129913956171,1.0
CD160,0.6452933,0.31985748,0.5187371509812302,1.0
ZNF789,0.64490175,0.019265339,0.5189908617245902,1.0
WNT2B,0.6447265,0.17676151,0.5191044482452294,1.0
FBXL12,0.6445773,0.41112122,0.5192011277346364,1.0
THAP6,0.6443611,0.19430298,0.5193413295048067,1.0
CD164,0.6443536,0.03808021,0.5193461643971349,1.0
AC139720.1,0.6437383,1.6868527,0.519745123024925,1.0
SMN1,0.64315665,0.8576024,0.5201224656242904,1.0
RBM27,0.64303356,0.03426282,0.5202023061935838,1.0
AL158071.1,0.6428173,0.9072439,0.5203426473522186,1.0
AL357140.4,0.6421909,0.62603456,0.5207492628763397,1.0
POLR2D,0.64185524,0.11867096,0.5209671599302891,1.0
DCTN2,0.64164275,0.091597594,0.5211051856776818,1.0
POT1,0.64163154,0.048580296,0.5211124507122008,1.0
AC110285.1,0.6415458,4.1290355,0.5211681510425487,1.0
SF3A1,0.64097154,0.37582976,0.5215411800290746,1.0
RBMXL1,0.6408559,0.441016,0.5216162868861991,1.0
TMEM120A,0.6404271,0.8482322,0.521894957699524,1.0
AC011442.1,0.6401027,0.1853347,0.5221058290851341,1.0
ZNF425,0.639521,0.33056554,0.5224840529505121,1.0
AL691447.2,0.6394054,0.51222813,0.5225592295849422,1.0
SLC25A38,0.63937557,0.40848398,0.5225786309087692,1.0
KLHL21,0.639301,0.4005717,0.5226271358372705,1.0
KDM6B,0.6391332,0.5216662,0.5227362803817275,1.0
POGLUT1,0.6390139,0.20757923,0.5228139014019244,1.0
GABBR1,0.6389691,0.13449255,0.5228430108104671,1.0
AP002761.2,0.6387454,2.288691,0.5229885703368846,1.0
KRBA2,0.6387268,0.65491813,0.5230007012365037,1.0
LINC01697,0.63840234,2.6263528,0.5232118020133053,1.0
LBH,0.6383315,0.048541933,0.5232579102994717,1.0
HLA-DMA,0.6378393,0.5909874,0.5235782991107902,1.0
PSMB5,0.63758945,0.10502948,0.5237409591980432,1.0
RBCK1,0.6365678,0.04656638,0.5244064357272306,1.0
AC132153.1,0.63602334,1.5253844,0.5247612095498275,1.0
KAT6A,0.635561,0.053687796,0.5250626207947571,1.0
AC126121.3,0.63535213,0.42092708,0.5251987710423207,1.0
GJA9,0.6344386,0.56312394,0.5257946407272234,1.0
AC004053.1,0.63430434,1.0028807,0.525882226207063,1.0
SNX21,0.63430434,0.47564042,0.525882226207063,1.0
AL450998.3,0.634185,0.6484834,0.5259600862280431,1.0
AC025171.2,0.6341067,0.9812337,0.5260111850689727,1.0
PSME1,0.633883,0.30073217,0.5261571957379747,1.0
AL358216.1,0.63385314,0.68515015,0.5261766653919219,1.0
MAX,0.63332367,0.044666413,0.5265223130011367,1.0
AL359220.1,0.63324904,3.43892,0.5265710050782908,1.0
AC007255.1,0.6324772,0.7388554,0.5270751031158574,1.0
KIF3A,0.6324399,0.19479539,0.5270994619125585,1.0
DCAF4L1,0.63222367,0.50544673,0.5272407542610295,1.0
AL135999.1,0.6321826,1.3505647,0.527267553265468,1.0
LINC01389,0.6318097,0.4828819,0.5275112124496428,1.0
ZNF16,0.63180226,0.12920506,0.5275160862189872,1.0
SNRPD3,0.63170904,0.09620072,0.5275770102733497,1.0
SPDYE16,0.63130635,0.16615078,0.5278402434128422,1.0
AC079760.2,0.63104904,0.48738676,0.5280084551837544,1.0
CELA2B,0.63057923,2.5868716,0.5283156949782333,1.0
ELAVL1,0.6305606,0.017310191,0.5283278889118486,1.0
PAPPA,0.6302958,-0.016615026,0.5285010582390544,1.0
SMARCB1,0.63018394,0.083072886,0.5285742370629654,1.0
SGMS1-AS1,0.6299975,0.68779415,0.5286962132336368,1.0
KIF16B,0.6299378,0.038886245,0.5287352486344424,1.0
N4BP3,0.6298857,0.5521234,0.5287694058136315,1.0
TATDN1,0.62982225,0.0063446932,0.5288108838983627,1.0
CRTAP,0.62939715,0.12547196,0.5290890738374678,1.0
AC008079.1,0.6285768,0.51251805,0.5296261420308812,1.0
AC023855.1,0.62842023,0.7760092,0.5297287047281823,1.0
DNPEP,0.6280697,0.19710039,0.5299582863886748,1.0
AL583722.2,0.62801373,0.2902924,0.5299949264370514,1.0
BZW2,0.6276409,0.035028704,0.530239226314469,1.0
LRRC37A2,0.6275924,0.11484454,0.5302709894990036,1.0
CHMP4B,0.6274805,0.08694215,0.5303442928436255,1.0
POLR2J2,0.6268914,0.66999084,0.530730442026081,1.0
AC009996.1,0.6264663,0.50893486,0.5310091445888963,1.0
AC078983.1,0.6260375,1.3973838,0.5312903671200554,1.0
REXO2,0.62597036,0.26831114,0.5313343913946029,1.0
MMP19,0.6255527,0.8965983,0.5316083617706231,1.0
UPRT,0.6253663,0.37340564,0.5317306930878947,1.0
F10,0.6248964,1.4081345,0.5320390312655237,1.0
PYGO1,0.62457204,0.059543844,0.5322519842795189,1.0
AC104938.1,0.6245086,0.86729866,0.532293600828293,1.0
ZNF280C,0.6243632,-0.008627694,0.5323890803124084,1.0
LSM14B,0.6242476,0.02136589,0.532464980445925,1.0
DLL3,0.6241171,0.39779872,0.5325506807278282,1.0
AC061975.8,0.62356526,0.2392408,0.5329131476520816,1.0
YAE1,0.6234832,0.20831932,0.5329670385229412,1.0
CDH11,0.62337136,0.15877505,0.5330405305162742,1.0
LENG8,0.62288284,0.07844402,0.5333615055978697,1.0
MAPK12,0.6227859,0.15532325,0.533425222194305,1.0
C5orf63,0.6227822,0.14197041,0.5334276729094636,1.0
AC093583.1,0.62244284,1.0849308,0.5336507118096914,1.0
AC004464.1,0.62242794,2.0394835,0.5336605167984789,1.0
MORC2,0.6219954,0.029419914,0.5339449010649469,1.0
PEX1,0.62168217,0.109712765,0.534150882270356,1.0
ZMAT2,0.6213205,0.07978477,0.534388791424898,1.0
AC005229.5,0.62070894,1.1372803,0.5347911512011259,1.0
AC139795.2,0.62059706,0.21284357,0.5348647701295357,1.0
CREB1,0.6204815,0.052327786,0.5349408483916722,1.0
AC091053.2,0.6197096,0.30214006,0.5354489946951083,1.0
ZBTB46,0.61926216,0.8458603,0.5357436835973117,1.0
AC026470.2,0.61921364,0.029765796,0.5357756131319857,1.0
TSPAN9,0.6189601,0.054676004,0.535942644776819,1.0
LINC00470,0.61890787,0.9670916,0.5359770368995133,1.0
INTS14,0.6178414,-0.030469924,0.5366798619711224,1.0
RPAIN,0.6175953,-0.0028409294,0.5368421181762542,1.0
AP5S1,0.61723363,0.9261182,0.5370806303884662,1.0
HSPA12A,0.61686075,0.25451896,0.5373265750173151,1.0
ZDHHC6,0.6167601,0.14647225,0.5373929897683384,1.0
WDR11,0.6165214,0.040824216,0.5375504337994949,1.0
KCNIP2,0.61613363,0.5375574,0.5378063297576098,1.0
MIR4458HG,0.6158801,0.72400373,0.5379736794099064,1.0
TMEM178A,0.6157831,1.1989188,0.5380376729490811,1.0
ZC3H13,0.615015,0.017585695,0.5385448337050627,1.0
GLP1R,0.61500007,0.6059387,0.5385546838592074,1.0
AC015522.1,0.6148882,2.575334,0.5386285628952875,1.0
PSMG3-AS1,0.6148882,0.55825466,0.5386285628952875,1.0
EPC2,0.61472785,0.050527956,0.53873446504252,1.0
AC017028.1,0.6143102,0.1314135,0.5390103521936811,1.0
WNT10A,0.6140343,1.9178334,0.5391926736146814,1.0
SLC2A11,0.61394477,0.16650653,0.5392518115214284,1.0
USP47,0.61388886,0.055104993,0.5392887743632149,1.0
LRRC61,0.6138665,0.8403874,0.5393035598553089,1.0
BCL9L,0.6136241,0.75646114,0.5394637490347244,1.0
ZNF708,0.6132065,0.15500292,0.5397398232071459,1.0
SUCLG2,0.61278886,0.05316516,0.5400159680896972,1.0
FYCO1,0.6124122,0.045113254,0.5402650522089676,1.0
LYAR,0.6122482,0.1921184,0.5403735820711915,1.0
KIF6,0.6118342,0.13032839,0.5406474217550838,1.0
NECTIN3-AS1,0.6112153,0.30875027,0.541057077178037,1.0
POLB,0.6107156,0.27762616,0.5413878759584081,1.0
DMGDH,0.6106149,0.12120738,0.5414545416664707,1.0
TFIP11,0.6105031,0.19382882,0.5415286194822666,1.0
AP002812.2,0.61016744,0.11871658,0.541750883282929,1.0
CPA6,0.6097573,1.0164056,0.5420226008518645,1.0
PHEX-AS1,0.6094329,1.7828891,0.5422375528844161,1.0
DBH-AS1,0.60939187,4.5614243,0.5422647337545097,1.0
LIMK1,0.60892576,0.57057077,0.5425736549986537,1.0
CHCHD3,0.6088549,0.07027489,0.542620618706406,1.0
CCDC175,0.6087691,0.5013374,0.5426774722210456,1.0
TP53TG5,0.60876167,0.113640755,0.5426824161452153,1.0
DBNDD1,0.60840744,0.45572874,0.5429172783943778,1.0
CLDN5,0.60810167,1.5500588,0.5431200423060782,1.0
MYLPF,0.6077698,1.5160673,0.5433401580020389,1.0
AC009230.1,0.60773623,1.2526069,0.5433624193649511,1.0
TMED6,0.6077213,0.50412554,0.5433723134497637,1.0
AC008507.2,0.60762435,0.29241174,0.5434366271870441,1.0
MMP24OS,0.607341,0.41744995,0.5436246429108165,1.0
TRPT1,0.6068861,0.6079035,0.5439265252951487,1.0
MANBAL,0.6066362,0.1779164,0.5440923486235328,1.0
GSTK1,0.605965,0.25004703,0.5445379685793461,1.0
AC006504.2,0.6059613,0.16325101,0.5445404447522365,1.0
VCP,0.60587925,0.110671915,0.5445949219713253,1.0
WDR7,0.605842,0.0383482,0.5446196852387792,1.0
SLC12A6,0.60578233,0.20638397,0.5446593076303161,1.0
CADM2-AS1,0.60458535,2.0958774,0.5454545343103752,1.0
ZNF131,0.6043542,0.039602466,0.5456081958511627,1.0
SMARCA4,0.604067,0.08146321,0.5457990634619965,1.0
CPS1,0.60378367,0.17567821,0.5459874847376898,1.0
TTC27,0.6036681,0.059632864,0.5460643500430837,1.0
AC024896.1,0.60343313,0.48797092,0.5462205767062318,1.0
LINC02105,0.6031684,0.4492406,0.5463966682205617,1.0
CLCN7,0.60312736,0.033346616,0.5464239525206394,1.0
DHRS4-AS1,0.602967,0.13067245,0.5465306158062904,1.0
TDRD12,0.6029111,1.5730901,0.5465678263554766,1.0
AC005400.1,0.602844,0.5754793,0.5466124806709018,1.0
AC004889.1,0.6023369,0.9582453,0.5469499272224329,1.0
SCAMP3,0.602266,0.1428322,0.5469970786992684,1.0
AKNA,0.6021169,0.19271071,0.5470963515426391,1.0
AC006504.5,0.6020572,0.06888375,0.5471360631765243,1.0
TEF,0.6020162,0.19386749,0.5471633657522825,1.0
C9orf131,0.60195655,1.8502226,0.5472030797932623,1.0
GNAS-AS1,0.60136366,0.057320144,0.5475978155744596,1.0
LINC02018,0.6010467,1.0661541,0.5478088955932536,1.0
MVP,0.6005731,0.13777272,0.5481243489013448,1.0
AC009731.1,0.6004836,0.6659565,0.5481839722070414,1.0
NEK10,0.59990937,0.5220423,0.5485666313158217,1.0
AC010809.1,0.5997229,0.2533331,0.5486908996430142,1.0
CPT1B,0.5991897,0.8105779,0.5490463837508807,1.0
SCOC-AS1,0.59845513,0.7918725,0.5495362926403382,1.0
ELOA,0.5984365,0.18212911,0.549548729679957,1.0
ZNF3,0.5981867,0.08282758,0.5497153993978863,1.0
TMEM147-AS1,0.59813815,0.8590455,0.5497477411841466,1.0
CNOT7,0.59790325,0.13307525,0.5499044877391136,1.0
AC105101.2,0.5975602,1.7328246,0.550133427022051,1.0
FOXO6,0.5975602,0.49850836,0.550133427022051,1.0
ENTPD3,0.59699714,0.27290505,0.5505092877934761,1.0
AL137779.2,0.59684426,0.80482954,0.5506113645216644,1.0
STK40,0.59683305,0.16166899,0.5506188339162901,1.0
AC022540.1,0.59599036,0.10277278,0.55118167165492,1.0
REC8,0.5959866,0.97764146,0.5511841627159215,1.0
AC091563.1,0.5958785,2.6972492,0.5512564058930381,1.0
AC090197.1,0.59556156,1.5584496,0.5514681799531195,1.0
MYSM1,0.5954646,0.032650627,0.5515329658863296,1.0
RNF24,0.5954347,0.029286616,0.5515529007721152,1.0
AGPS,0.5953117,0.03748794,0.5516351359187275,1.0
ATG4A,0.5950917,0.60358083,0.551782177406198,1.0
STAT4,0.5950917,0.267833,0.551782177406198,1.0
DNAAF4,0.5950544,0.41316402,0.5518071016004082,1.0
AC125613.1,0.59479713,1.0394769,0.5519790936124184,1.0
AC005498.3,0.59402525,0.40586495,0.5524952275568448,1.0
CEP44,0.5939395,0.0015235192,0.5525525903881303,1.0
CYHR1,0.5936785,0.22320819,0.5527271908966866,1.0
AC021851.1,0.59332794,0.030522507,0.5529616970000659,1.0
AC137735.3,0.5932385,0.43648612,0.5530215787159121,1.0
NTMT1,0.5919744,0.14876315,0.5538677474130973,1.0
AC009505.1,0.5918737,0.023705967,0.5539351686258149,1.0
CD226,0.5916947,0.49385095,0.5540550384795049,1.0
NUDT2,0.5916127,0.15270461,0.5541099830720935,1.0
HMGXB3,0.5914598,0.0451778,0.5542123869283841,1.0
DMWD,0.59145606,0.52935207,0.5542148846991055,1.0
BTBD18,0.5914374,0.06482637,0.5542273736353434,1.0
WDR78,0.59140015,0.66190547,0.5542523519209621,1.0
SLC9A5,0.5909788,0.5988559,0.5545346448235888,1.0
GORASP2,0.5906395,0.045484636,0.5547620291527302,1.0
ADGRG2,0.5900466,0.6189456,0.5551594364238186,1.0
AGAP4,0.5899794,0.1639903,0.5552044346896794,1.0
COPB1,0.5899086,0.097556286,0.5552519347923643,1.0
LINC00642,0.5895991,1.5184237,0.5554594585175767,1.0
RGS13,0.5895357,1.2291343,0.5555019680502172,1.0
BAAT,0.58950216,0.7487716,0.5555244737400735,1.0
DDX54,0.58925605,0.03986295,0.5556895290693574,1.0
LTV1,0.5889391,0.047906794,0.5559021355923587,1.0
AC104211.1,0.5887676,0.9634234,0.556017209792713,1.0
SRSF5,0.58874893,0.07328219,0.5560297185582883,1.0
Z68323.1,0.58863705,2.3807812,0.5561047740350864,1.0
PRB1,0.58842075,1.3691926,0.556249895304239,1.0
AC117503.5,0.5882977,0.26803273,0.5563324725461396,1.0
RO60,0.58826417,0.04842362,0.5563549946496671,1.0
NEXN-AS1,0.5881933,0.41102758,0.5564025427728092,1.0
AC025682.1,0.58818215,0.015184217,0.5564100505523374,1.0
DBH,0.5880852,3.6184084,0.5564751200441342,1.0
ARHGEF1,0.58795464,0.077234015,0.5565627194493947,1.0
WDFY3-AS1,0.5878764,0.17238519,0.5566152823192233,1.0
AC008438.1,0.58780926,0.41576692,0.5566603381335764,1.0
LINC01500,0.58774215,0.7699323,0.5567053957255697,1.0
CCDC66,0.5876228,0.031534724,0.5567855025001567,1.0
ANKRA2,0.58756316,0.23557484,0.5568255579938921,1.0
GPALPP1,0.5875482,0.07439739,0.5568355720867311,1.0
ZNF552,0.58734685,0.035271954,0.5569707709288929,1.0
AL158152.1,0.58730215,0.066857606,0.5570008172877183,1.0
EXOC6,0.58712316,0.058722463,0.5571210106187847,1.0
ZNF451,0.58712316,0.037903335,0.5571210106187847,1.0
MST1,0.5869665,1.394802,0.5572261901451928,1.0
KLHDC10,0.58672416,0.044001315,0.5573889870446067,1.0
PSME2,0.58636993,0.25180292,0.5576269626200692,1.0
AC092881.2,0.58617973,0.9293965,0.557754738323859,1.0
FBXO4,0.58609027,0.3962338,0.5578148729959167,1.0
CEP170B,0.58607906,0.28504917,0.5578223900517092,1.0
TMEM39B,0.5858367,0.31689537,0.55798527169469,1.0
CPB2-AS1,0.5856577,0.5255809,0.5581055683704532,1.0
ZNF559,0.5844346,0.22322707,0.5589279330326168,1.0
PMPCB,0.5844346,0.002492019,0.5589279330326168,1.0
GCA,0.58427054,0.51373976,0.559038294993651,1.0
PARD3B,0.5840543,0.035627775,0.5591837882887699,1.0
ZNF143,0.5837933,0.029530082,0.5593594081210261,1.0
TMEM170A,0.58366275,0.12628078,0.5594472280738754,1.0
ZDHHC7,0.58365905,0.08490403,0.5594497373136897,1.0
LINC00922,0.58360684,3.0815642,0.5594848672444906,1.0
NBPF12,0.5835434,0.13004577,0.5595275264565058,1.0
PRRC1,0.5834502,0.07928355,0.5595902634584748,1.0
LINC02060,0.5834092,0.4723119,0.5596178688203981,1.0
ZNF616,0.5832153,0.4737033,0.5597483758371287,1.0
AC074124.1,0.58305496,1.072562,0.5598563062497355,1.0
FAM160B2,0.5829244,0.3472306,0.5599441640349254,1.0
TEK,0.58250684,0.39857274,0.5602253538608118,1.0
TBCE,0.5818692,0.28370193,0.5606548024254236,1.0
RNF216,0.5814814,0.053092763,0.560916065459721,1.0
AC018647.2,0.58129865,0.782054,0.561039180965091,1.0
AC034193.1,0.58110106,0.49899155,0.5611723614375033,1.0
AL161757.2,0.58109355,0.078498796,0.561177387415217,1.0
ZNF236-DT,0.5809444,0.47478744,0.5612779115432087,1.0
ZDHHC16,0.5808773,0.31993178,0.5613231502427997,1.0
MCM3AP-AS1,0.58036643,0.019279165,0.561667524802208,1.0
HEYL,0.5800271,0.2665841,0.5618963263927432,1.0
HSPA6,0.5796281,0.7442781,0.5621654144437507,1.0
VIL1,0.5794939,0.5158733,0.5622559627351693,1.0
MYDGF,0.5794752,0.10067514,0.5622685394438924,1.0
AL079338.1,0.57905763,1.2366574,0.562550293324813,1.0
FABP3,0.5789793,0.31431454,0.5626031297649907,1.0
AC012404.2,0.5788152,0.27649325,0.5627138424548244,1.0
SLC30A7,0.5785095,0.035944954,0.5629201987046025,1.0
PHF20L1,0.57830065,0.045661405,0.5630611459028008,1.0
DSTN,0.5782149,-0.007371498,0.5631190398620212,1.0
SPIRE2,0.57795763,0.32389143,0.5632927389646847,1.0
PLXNA1,0.5775251,0.17937647,0.5635848130607923,1.0
MSL2,0.57747656,0.054176103,0.5636175500504133,1.0
AMOTL2,0.57692474,0.9338648,0.5639903126789978,1.0
FAM53A,0.5767271,0.63588357,0.5641238308679539,1.0
TMEM143,0.5766562,0.49561307,0.5641716995851496,1.0
PARL,0.5758769,0.016443573,0.564698384516545,1.0
UBIAD1,0.57538843,0.13319269,0.5650286281600372,1.0
NR4A2,0.57524675,0.42456225,0.5651244413984751,1.0
NSUN4,0.57497454,0.12797946,0.5653085255843728,1.0
LRRD1,0.5747359,0.47081864,0.5654699381640225,1.0
VPS35L,0.57431453,0.0021349906,0.5657549863032247,1.0
MPI,0.5739379,0.44161302,0.5660098222324762,1.0
FAM20C,0.57336366,0.443907,0.5663984899752432,1.0
AL353697.1,0.5728081,0.15078662,0.5667746604606111,1.0
AC211486.5,0.5726179,0.18626925,0.566903444310848,1.0
PIGZ,0.57222265,0.2537345,0.5671711575692469,1.0
AC008443.8,0.5720772,0.51003385,0.5672696710840477,1.0
AL354809.1,0.5718423,0.18709953,0.5674288256133672,1.0
FGFR1OP2,0.5710219,0.065542236,0.5679847709983697,1.0
RRM2B,0.57101077,0.17312177,0.5679923538726359,1.0
SYMPK,0.57068634,0.07460955,0.5682122782938102,1.0
MBLAC2,0.57045144,0.2809866,0.5683715593296674,1.0
TRAF4,0.5702911,0.054001138,0.5684802872148718,1.0
LINC01229,0.57023144,0.83264,0.5685207466405768,1.0
DHX57,0.56990325,0.023194062,0.5687432980841454,1.0
GTF2IRD2B,0.56945956,0.25416228,0.5690443145278103,1.0
NDRG2,0.5692619,1.649038,0.5691784051629765,1.0
MITD1,0.5689487,0.12193927,0.569390957071515,1.0
MKRN2,0.5689226,0.0377331,0.5694086714407006,1.0
SARAF,0.56844157,0.0383019,0.5697351690432558,1.0
IWS1,0.56812835,0.037034616,0.5699478201363389,1.0
KCNMA1,0.5677592,0.9409929,0.5701984932231576,1.0
NPIPB11,0.56763244,1.3433876,0.5702845950928674,1.0
SRL,0.56721103,1.2556424,0.5705708017043016,1.0
AC244517.11,0.56690156,0.39044473,0.5707810678405663,1.0
HSD17B4,0.5667375,0.0025698913,0.5708925491906204,1.0
ZNF7,0.5667338,0.045118462,0.5708950829781534,1.0
ESR1,0.5666219,1.0655154,0.5709710990939125,1.0
PECR,0.56636834,0.13019224,0.5711434201276862,1.0
KMT2D,0.5663385,0.019393755,0.5711636948177075,1.0
FAM153CP,0.5661297,0.745577,0.5713056272380286,1.0
RPRD1A,0.56579036,0.040342014,0.5715363032073439,1.0
CDC73,0.5656934,0.034248892,0.5716022187630383,1.0
AC104825.1,0.5656449,1.6361773,0.5716351778966038,1.0
TRAF3IP1,0.5635008,0.042167373,0.5730938889767032,1.0
DCAF12,0.5630347,0.11101064,0.5734112335913217,1.0
KLF16,0.56250894,0.47332716,0.5737692982818612,1.0
USP24,0.5616364,0.04466317,0.5743637670050011,1.0
BMF,0.56162524,3.1538527,0.5743713902914136,1.0
AKR1C1,0.5615954,1.7311615,0.57439171928933,1.0
MIER3,0.56128216,0.066639714,0.5746051943271031,1.0
MIA3,0.5611964,0.022019332,0.5746636523716696,1.0
AC084026.2,0.5611442,1.5746571,0.5746992369068312,1.0
CMPK1,0.5611405,-0.0181764,0.5747017786992323,1.0
AL023584.2,0.56099504,1.6238092,0.5748009127510523,1.0
SETDB1,0.5609354,0.0413771,0.5748415854710838,1.0
HVCN1,0.56081235,0.6554193,0.574925477254953,1.0
AC022001.2,0.56076384,0.5431565,0.5749585271230839,1.0
AC005740.3,0.5606557,0.4497222,0.5750322569893773,1.0
HSD17B2,0.5598652,0.6675849,0.5755713834837476,1.0
GORASP1,0.55976826,0.34343326,0.575637519205172,1.0
HIST1H2BC,0.55960417,0.64514416,0.5757494493717683,1.0
ZNF460,0.5594177,0.29903352,0.5758766552177333,1.0
NIPBL-DT,0.5593469,0.37333786,0.5759249969182825,1.0
GPR183,0.5591418,0.14914432,0.5760649442186393,1.0
AL031716.1,0.55900013,2.4309523,0.5761616444557203,1.0
OLFML1,0.5588957,0.50678176,0.5762329021634693,1.0
AS3MT,0.5587577,0.62204754,0.5763270705122377,1.0
ZNF140,0.558713,0.04772195,0.5763576131574569,1.0
AKR1C2,0.5586198,2.214929,0.5764212461207694,1.0
KCNJ6,0.55839974,1.147169,0.5765714330520257,1.0
KCTD21,0.5577584,0.6228647,0.5770093714238473,1.0
TBCA,0.55760926,0.03964377,0.5771112400182745,1.0
PKP1,0.5575533,0.81104636,0.5771494429256465,1.0
SLC22A31,0.55741906,1.1073556,0.5772411347640807,1.0
SLC11A2,0.5569865,0.043912973,0.5775366329115579,1.0
FUBP3,0.55672926,0.050010737,0.5777124371360516,1.0
CD28,0.55653536,2.4738293,0.5778449439180742,1.0
AL031673.1,0.5560394,0.7489415,0.5781839205479059,1.0
MAMDC4,0.55602074,0.72894824,0.5781966658539748,1.0
CNP,0.55600584,0.058642827,0.5782068621939611,1.0
LINC02362,0.55593497,1.2099031,0.5782552959636305,1.0
CUTC,0.55590516,0.045812923,0.5782756897005413,1.0
AC108053.1,0.55589396,0.91126996,0.5782833374390742,1.0
AL365295.1,0.55581194,0.595525,0.5783394223080998,1.0
AP003721.1,0.5554987,0.3478523,0.5785535880559654,1.0
NHLH1,0.5547716,0.9214829,0.579050902190639,1.0
AL139339.2,0.5546336,1.1818453,0.5791452870135063,1.0
ZNF521,0.5541377,0.0621004,0.5794846218230605,1.0
PSMA3-AS1,0.55383193,0.041422307,0.5796938822479605,1.0
ACTA2,0.5536716,0.05833664,0.579803630538922,1.0
BSDC1,0.55322784,0.06780531,0.5801074033409506,1.0
VAMP7,0.5530675,0.2877827,0.5802171883296285,1.0
PDAP1,0.5528773,0.074993394,0.5803474110539513,1.0
SLC22A10,0.55264986,1.0512522,0.5805031856284839,1.0
ARL4C,0.5526424,0.19128323,0.5805082933231722,1.0
TECR,0.5524933,0.08958339,0.5806104516374178,1.0
TNKS1BP1,0.55248207,0.15452167,0.5806181138503916,1.0
AC093567.1,0.55247086,0.65382296,0.5806257761107212,1.0
DNAJB2,0.55193394,0.24100149,0.5809936202835524,1.0
SLC6A11,0.55160207,0.07633342,0.5812210229413907,1.0
CALCOCO1,0.5515536,0.51332927,0.5812542425450248,1.0
LINGO1-AS2,0.55138206,3.260906,0.5813717959662509,1.0
AC025917.1,0.5513746,0.28309062,0.5813769072367954,1.0
ZFP41,0.5511024,0.43311536,0.5815634829939509,1.0
ALDOB,0.55075186,0.7011753,0.5818037724553369,1.0
SPSB2,0.5505505,0.16899362,0.5819418320634232,1.0
LDLRAD2,0.55020374,1.3434479,0.5821796372652241,1.0
CSF1R,0.5499502,1.3748988,0.5823535450585885,1.0
AC079336.4,0.54964066,0.8075207,0.5825658477317381,1.0
CORIN,0.5492603,0.3980142,0.5828267992769418,1.0
LINC02139,0.54922307,2.2045105,0.5828523856967782,1.0
AL110114.1,0.54910743,0.11585724,0.5829317069282338,1.0
SFXN4,0.54855186,0.0051960065,0.5833130308351816,1.0
ALKBH8,0.54853696,0.07749168,0.5833232693210537,1.0
Z95331.1,0.54805595,0.11051467,0.5836535053943438,1.0
UNC93B1,0.5479664,0.5204544,0.5837149542718915,1.0
AC125618.1,0.5476271,1.0267164,0.5839479753045502,1.0
SUCLG2-AS1,0.547601,0.34588996,0.5839659017933048,1.0
MIATNB,0.5473474,0.24738544,0.5841400581602332,1.0
BOC,0.5473474,0.14854297,0.5841400581602332,1.0
SERINC3,0.5469373,0.12067918,0.5844218328693798,1.0
RITA1,0.5466502,0.19492848,0.5846191127838263,1.0
NSMCE4A,0.5464376,0.05654554,0.5847651711089201,1.0
AL136987.1,0.5457515,1.3117514,0.5852367733789866,1.0
ITGAL,0.5454383,1.1352183,0.5854521287979448,1.0
ZNF484,0.5453674,0.039155785,0.5855008452458873,1.0
IRF2,0.5449759,-0.044058375,0.5857701016617045,1.0
SMCO3,0.54480064,0.6610217,0.58589064457989,1.0
ZNF383,0.54478574,0.32055184,0.5859009040831561,1.0
AC022973.3,0.5446142,0.6841857,0.5860188943622474,1.0
RCN2,0.54458433,0.026112262,0.5860394155360463,1.0
ACCS,0.54447997,0.5072834,0.5861112422696064,1.0
VPS51,0.543764,0.10319048,0.5866038784133647,1.0
CASC2,0.54359245,0.0375326,0.5867219343134589,1.0
NCSTN,0.5433091,0.14918269,0.5869170073087756,1.0
ZCWPW2,0.54298466,0.31721115,0.5871403514264266,1.0
CHPF,0.54246634,0.69389045,0.5874972702218635,1.0
ESRRA,0.5415491,0.019138763,0.5881291854113749,1.0
ZKSCAN2-DT,0.54082197,0.6989355,0.5886303169058477,1.0
IFT74,0.5406355,0.0616751,0.5887588439179343,1.0
AC004893.3,0.54035586,0.3302133,0.5889516587273198,1.0
PINLYP,0.5403223,0.20796907,0.5889747984628656,1.0
ACOT13,0.5400911,0.11798991,0.589134216930639,1.0
Z68871.1,0.5400277,0.5704078,0.5891779319237148,1.0
VPS4B,0.539748,-0.005209965,0.5893708100504522,1.0
ITFG2-AS1,0.5394311,0.66044015,0.5895894404591511,1.0
LINC01320,0.539364,0.776273,0.5896357434603217,1.0
DLGAP4-AS1,0.5388643,0.35932723,0.5899804962591991,1.0
TANGO6,0.5384541,0.028515445,0.5902635716763802,1.0
LRRIQ3,0.538428,1.333874,0.5902815876830184,1.0
ADAMTSL2,0.53823036,2.4337661,0.5904180028058672,1.0
TSC22D4,0.5382192,0.42224464,0.5904257248505731,1.0
UFD1,0.5377419,0.14322774,0.5907552420601541,1.0
PLXNB1,0.5375741,0.5429026,0.5908711080525288,1.0
SREK1,0.53747714,0.048062738,0.5909380576123471,1.0
FBXL2,0.53736156,-0.0006130812,0.5910178866470881,1.0
MFN1,0.537246,0.079184346,0.5910977206406471,1.0
GTPBP1,0.537231,0.20610395,0.5911080221622713,1.0
AC012020.1,0.53695136,0.53982824,0.5913011909749761,1.0
PPP1R35,0.5361199,0.4326144,0.5918757175631503,1.0
AL450998.2,0.53609,0.3318943,0.5918963331441965,1.0
TMEM123,0.53605276,0.04615483,0.5919221030841257,1.0
AC015853.3,0.5357059,0.010116066,0.5921617881933205,1.0
ST7,0.53537035,2.3693364,0.5923937839248301,1.0
LINC01345,0.53520626,3.9719052,0.5925072192330747,1.0
AL353768.1,0.535128,0.36049262,0.5925613623238161,1.0
IDH3G,0.53487444,0.12188447,0.5927366983749838,1.0
VSNL1,0.53484833,0.4384207,0.5927547490245508,1.0
SRGAP3-AS4,0.5346209,0.7656319,0.5929120582075234,1.0
SF3B6,0.534371,0.19846818,0.5930848624705156,1.0
TRMT2A,0.53430766,0.6436927,0.5931287119982497,1.0
OSBPL11,0.5336551,0.035808142,0.5935801905103391,1.0
NCBP3,0.53335303,0.04267525,0.5937892138088876,1.0
AL445928.2,0.5332449,0.11662415,0.5938640574979972,1.0
POM121C,0.53296524,0.020240892,0.5940576387755211,1.0
DUSP26,0.53295404,0.8827926,0.5940653826268925,1.0
GRK4,0.53274524,0.14627822,0.5942099429928736,1.0
SYNJ2BP,0.532693,0.16247204,0.5942460855974527,1.0
LINC00641,0.53251404,0.2794345,0.5943700107289319,1.0
AL442003.1,0.5324581,0.068921655,0.5944087397550606,1.0
AL109628.2,0.53221947,0.17557964,0.5945739965583601,1.0
GPR160,0.5321747,0.56371033,0.594604984546071,1.0
ARL8A,0.531731,0.038279157,0.5949123220262198,1.0
NUDT17,0.5311866,0.43639708,0.59528949060835,1.0
C7orf26,0.53112316,0.4381107,0.595333414590049,1.0
ZPR1,0.53107846,0.4151281,0.5953644206439983,1.0
LINC00663,0.5303364,0.5826478,0.5958787117644,1.0
PLBD2,0.5302767,0.16041733,0.5959200705991257,1.0
ABCA12,0.5298554,0.1718528,0.596212204617158,1.0
TMED8,0.52975845,0.10837597,0.5962794305261097,1.0
PATL2,0.5288337,0.6633633,0.5969208357481843,1.0
GLT8D2,0.52862483,0.10474588,0.5970657126218802,1.0
ASH1L-AS1,0.5281587,0.5207065,0.5973891561860637,1.0
ANKDD1B,0.52775604,0.28190434,0.597668675552993,1.0
TMEM205,0.5274316,0.2775021,0.5978938871417193,1.0
HS2ST1,0.52734214,0.040487632,0.5979560212592161,1.0
RTN1,0.5270289,1.2121466,0.5981735137605547,1.0
UBE2D1,0.5269469,0.061122414,0.5982304820164384,1.0
AL355512.1,0.5267306,0.24047746,0.598380682858517,1.0
ZNF671,0.5266225,0.37254146,0.5984557896967015,1.0
AC090204.1,0.526615,0.051115736,0.5984609696363157,1.0
MAP1LC3A,0.5264733,0.26108614,0.5985593923540019,1.0
FAM47E,0.52623093,0.35173872,0.5987277640234916,1.0
SRRM5,0.5261974,0.5590704,0.5987510787167424,1.0
AP006248.4,0.525996,0.43934873,0.5988909755216673,1.0
AC053503.1,0.5259625,0.47954988,0.5989142930965476,1.0
RBM26-AS1,0.52571636,1.1382117,0.5990853012206652,1.0
TSPAN12,0.5254777,0.14251314,0.5992511484115444,1.0
AC069272.1,0.5254255,0.134207,0.5992874302573264,1.0
LIPC,0.5252614,0.67261773,0.5994014653941155,1.0
AL357375.1,0.5251943,1.4806817,0.5994481189646497,1.0
THNSL1,0.52517194,0.38510787,0.5994636705203021,1.0
LINC00886,0.5250004,1.0814744,0.5995829051838452,1.0
LPP,0.5249146,0.050172105,0.5996425265424482,1.0
TENT2,0.5247804,0.037300363,0.5997358523182642,1.0
BACE1-AS,0.5247767,0.6296499,0.5997384447947823,1.0
AC006064.2,0.5246946,0.31261158,0.5997954805616081,1.0
SOX13,0.5246499,2.664737,0.5998265920146701,1.0
DYM,0.52443737,0.048635866,0.5999743813902619,1.0
AC090617.5,0.5240906,0.72387296,0.6002155467895582,1.0
ZNF710,0.52395636,0.05511733,0.6003089129071766,1.0
AC093591.2,0.52385193,0.7111215,0.6003815355389797,1.0
FUT3,0.52305394,0.26484987,0.6009367110896628,1.0
AL117341.1,0.52305025,0.8727003,0.6009393059121856,1.0
PLXNA3,0.52283394,0.45012477,0.6010898142768375,1.0
THOC2,0.52279294,0.0371709,0.6011183608868723,1.0
AC002558.2,0.5223268,0.25357926,0.6014427971764464,1.0
ZNF629,0.5221926,0.32620898,0.6015362494818159,1.0
APPL1,0.52199125,0.017080877,0.6016764402227914,1.0
AC105940.2,0.5218607,3.3526845,0.601767312462934,1.0
C8orf76,0.5216519,0.12195264,0.6019127209205153,1.0
RIMKLB,0.5214692,-0.007869867,0.6020399663148803,1.0
LGI2,0.5211187,0.2993434,0.6022841036612714,1.0
DAZAP2,0.5210814,0.25025254,0.6023100783443712,1.0
ABCC11,0.5207644,0.10409132,0.6025308835254319,1.0
AP005329.2,0.5206526,0.5400217,0.6026088234688993,1.0
GEMIN5,0.5205407,0.046194304,0.6026867679519657,1.0
ZNF507,0.52046984,0.07228787,0.6027361351388999,1.0
IDH3A,0.5203207,0.3774322,0.6028400720089397,1.0
OGFOD3,0.5202573,0.19198127,0.6028842476214862,1.0
ARL17B,0.5199702,0.07435594,0.6030843554028866,1.0
AC099782.2,0.5197353,1.463337,0.6032481021746181,1.0
MRPS24,0.51935863,0.1962378,0.6035106585583451,1.0
HNRNPA0,0.5191275,0.09651975,0.6036718572268311,1.0
ZSCAN21,0.51896715,0.1678479,0.603783667666218,1.0
UBTD1,0.5188627,0.61662936,0.6038564794659746,1.0
LENG8-AS1,0.51877695,0.17905726,0.6039162921095371,1.0
AC009093.2,0.5186614,1.2810943,0.6039969133615222,1.0
AC008883.3,0.5186166,0.2443952,0.6040281228858573,1.0
AC021092.1,0.5184488,0.3693638,0.6041451650521938,1.0
SLC26A11,0.51771796,0.09793697,0.6046550674393976,1.0
MBOAT7,0.5176322,0.059289735,0.6047149155784258,1.0
LLPH,0.5175837,0.101622924,0.6047487439627526,1.0
AC021683.1,0.51722574,0.52042615,0.6049985798427338,1.0
MTMR12,0.5171512,0.040610753,0.6050506348080495,1.0
WNT16,0.5171363,1.6140943,0.6050610460420407,1.0
ALDH18A1,0.51705796,-0.014033104,0.6051157063379633,1.0
AC010623.1,0.5165695,0.7353159,0.6054567324244359,1.0
SNX30,0.51642776,0.21873216,0.6055556721280083,1.0
AC106818.2,0.5162973,0.07932894,0.6056468072078242,1.0
FAM234A,0.5160363,0.042959858,0.6058290957895069,1.0
KCNH8,0.5159766,0.41545406,0.605870765199106,1.0
RNF11,0.5156298,0.123312935,0.6061129940363268,1.0
TTC26,0.5155142,0.18301561,0.6061937466091842,1.0
TMEM150A,0.5154023,0.6848836,0.6062718988422366,1.0
DDIT4-AS1,0.51482064,0.833796,0.6066783630755954,1.0
PURA,0.5147013,0.055868343,0.6067617554053105,1.0
TUBG1,0.5145484,0.06884965,0.6068686093127271,1.0
AL021308.1,0.5141569,1.7620894,0.6071422978889578,1.0
PRKAG2-AS1,0.5141196,0.75258213,0.6071683663418893,1.0
UBE2R2-AS1,0.51408607,0.50115526,0.607191828376821,1.0
EFTUD2,0.514004,0.014024557,0.6072491817218155,1.0
RASGRP3,0.5139443,0.45160782,0.6072908947644748,1.0
AP2A1,0.51369077,0.13924444,0.6074681894639429,1.0
ANKRD40,0.5136684,0.1721016,0.6074838342227984,1.0
ECM1,0.5133925,0.5253744,0.607676801030151,1.0
HFM1,0.51248264,0.11053558,0.6083132635877095,1.0
AL008729.2,0.5123223,0.8949728,0.6084254578474402,1.0
ZFYVE27,0.51227754,0.05282104,0.6084567695184528,1.0
FLNC,0.5115392,3.6038234,0.6089735156808351,1.0
IKZF2,0.5114982,0.20495683,0.6090022295263322,1.0
MARCKS,0.5114982,0.03068529,0.6090022295263322,1.0
TEX22,0.5114274,0.48336095,0.6090518275874863,1.0
GDI1,0.511364,0.25050104,0.609096206323454,1.0
AC007622.2,0.51107687,0.10597283,0.6092972339050178,1.0
FRZB,0.5108382,1.376282,0.6094643442161247,1.0
TMLHE-AS1,0.51044667,0.03299796,0.609738553699134,1.0
TM2D3,0.51032734,0.04612138,0.609822133201813,1.0
AL596087.2,0.5101931,0.5477443,0.6099161662259972,1.0
SLITRK5,0.5101745,0.034243792,0.6099292268776357,1.0
PCGF5,0.5100104,0.22143771,0.610044165968533,1.0
EIF5A,0.5099321,0.09802461,0.6100990266527648,1.0
PLEKHG3,0.5098202,0.16081297,0.6101774028588911,1.0
CEP76,0.50949955,0.06962653,0.6104021060878497,1.0
AC127024.2,0.5093765,0.5889095,0.6104883391683995,1.0
RWDD4,0.50935787,0.124581255,0.6105014052582209,1.0
ZSCAN2,0.5092609,0.17883576,0.6105693509254526,1.0
LINC00877,0.50907075,0.24989097,0.6107026387087748,1.0
SMIM19,0.5090521,0.34784368,0.610715706833151,1.0
TYW3,0.5088731,0.08091887,0.6108411671372648,1.0
AL355581.1,0.5088321,0.38011032,0.6108699200665414,1.0
LINC00909,0.50871277,0.20421664,0.6109535683637639,1.0
LMO7,0.50867546,0.10227216,0.6109797094980159,1.0
GID4,0.50861955,0.4745324,0.6110189221290925,1.0
USP5,0.5085114,0.018402724,0.6110947363789856,1.0
AC006041.2,0.50838464,2.1872907,0.611183627360443,1.0
AL359710.1,0.5083399,1.6337255,0.6112150020160192,1.0
TNFSF4,0.5080714,1.4497762,0.6114032649348261,1.0
AC095057.3,0.50793344,0.9057126,0.6115000211475081,1.0
TUBG2,0.5078701,0.5163594,0.611544478978229,1.0
AC016597.1,0.50755686,0.19095051,0.6117641739717502,1.0
ZNRF3-AS1,0.5074599,0.031568635,0.6118321818828195,1.0
SPART-AS1,0.50714666,0.47641525,0.6120519226142949,1.0
SH3BP5,0.507128,0.07300247,0.6120650035206892,1.0
C5orf30,0.50699,0.20439687,0.6121618060717878,1.0
SLC45A3,0.5069229,1.1665179,0.6122089016532285,1.0
AC006329.1,0.50650156,0.011792782,0.6125045938474853,1.0
POLR3F,0.5063263,0.17590845,0.6126275994531164,1.0
SELPLG,0.5061697,2.4649913,0.6127375285916304,1.0
KCNK15-AS1,0.5061622,0.49778655,0.6127427635299006,1.0
AC092139.1,0.5060429,0.47706586,0.6128265252295649,1.0
VEGFB,0.50578564,0.47239667,0.6130071536045332,1.0
AL121790.2,0.50563276,0.46318626,0.6131144946431326,1.0
PALMD,0.50554323,0.022516973,0.6131773322723284,1.0
NBPF11,0.505409,0.05876234,0.6132715940466029,1.0
HORMAD2-AS1,0.50465953,1.2073724,0.6137980064561016,1.0
CFAP70,0.50432765,0.73332846,0.6140311581637458,1.0
ERMAP,0.5041449,0.033804793,0.6141595392461081,1.0
AC104066.4,0.503992,0.19424996,0.6142669692395548,1.0
C11orf65,0.503992,0.018111126,0.6142669692395548,1.0
OGFRP1,0.50344765,0.07172223,0.6146495920366322,1.0
TSHZ3,0.5034439,3.2587864,0.6146522131024735,1.0
AL031599.1,0.5033171,1.4159653,0.6147413322685699,1.0
CCDC126,0.50319034,0.19316944,0.6148304571216381,1.0
AC018752.1,0.50301135,0.24489678,0.6149562901231727,1.0
UEVLD,0.5028958,0.0050268546,0.6150375632914121,1.0
SND1,0.50287336,0.03939357,0.6150532941277902,1.0
MGAM,0.50272423,0.71851796,0.6151581708930101,1.0
AL626787.1,0.50265336,0.34347478,0.6152079901115641,1.0
NCOA5,0.50222456,0.034608047,0.6155095653479041,1.0
STX5,0.5019151,0.2285113,0.6157272643572886,1.0
KCTD18,0.5014191,0.49173266,0.6160761778585976,1.0
AKAP11,0.501229,-0.012685277,0.6162099947784061,1.0
AC010320.3,0.5009978,0.19452049,0.6163726913503751,1.0
AL161629.1,0.5009493,2.4339008,0.6164068075379404,1.0
FAM245A,0.50086725,0.46158603,0.6164645445119077,1.0
PROZ,0.50074047,1.1643025,0.6165537790469908,1.0
ZRSR2,0.50072557,0.07947126,0.616564277600061,1.0
C2CD6,0.5005578,0.38423318,0.6166823917245643,1.0
FBXO32,0.49998724,0.5526093,0.6170840539432042,1.0
AC105230.1,0.49990147,0.70820117,0.6171444444483463,1.0
TMEM69,0.49960318,0.3638481,0.6173545185425511,1.0
AC009560.3,0.49932352,0.56272507,0.61755149144279,1.0
DLX6-AS1,0.4993086,0.02402975,0.6175619974369015,1.0
PIP4P2,0.49927878,0.25273526,0.6175830096598509,1.0
WDR1,0.49899536,-0.00511935,0.617782641384585,1.0
C1orf52,0.49883503,0.15796539,0.6178956034194131,1.0
SYT2,0.49873808,0.40475664,0.6179639104286141,1.0
AL158071.3,0.4986635,0.52431554,0.6180164565294153,1.0
ZNF214,0.49846214,0.33902326,0.6181583407620204,1.0
EMCN,0.4983018,0.6057891,0.6182713328366027,1.0
LINC01600,0.4982608,0.4160863,0.6183002392361794,1.0
ENDOV,0.4982347,0.27083093,0.6183186345253249,1.0
AC004830.2,0.49805197,0.28516552,0.6184474082472762,1.0
ARPC3,0.4979662,0.14298837,0.6185078570971323,1.0
AL049869.3,0.49789536,0.11898883,0.6185577950507821,1.0
AC023794.2,0.49746653,0.18379559,0.6188600886777963,1.0
CNIH3,0.49730247,0.057382718,0.6189757659087449,1.0
CD27-AS1,0.4971123,0.18568097,0.6191098581459944,1.0
NUTM2G,0.49709365,0.26000115,0.6191230051261805,1.0
KBTBD12,0.49701908,0.6280097,0.6191755942653523,1.0
AC125494.1,0.4968289,0.24685815,0.6193097053928254,1.0
CNTNAP1,0.49679536,0.2539058,0.6193333733778941,1.0
AC097467.3,0.4967767,0.04208909,0.6193465224289965,1.0
FERMT2,0.49643737,0.08238524,0.6195858564343448,1.0
ACER2,0.4963777,0.068101086,0.6196279413070336,1.0
ZNF146,0.49635908,0.031238053,0.6196410930853534,1.0
ALKBH3-AS1,0.49598992,0.04954783,0.6199015233542597,1.0
PTK2B,0.4959601,0.29180324,0.6199225703073475,1.0
ARFGAP3,0.4958557,0.29933116,0.6199962370952581,1.0
RPE65,0.49557975,1.1699976,0.620190946249646,1.0
DEDD2,0.49552009,0.46862367,0.6202330490277657,1.0
SMURF2,0.49519193,0.0354066,0.6204646365538766,1.0
KLF5,0.49493837,0.40360656,0.6206436163285897,1.0
LINC00467,0.49492347,0.050595246,0.6206541452502548,1.0
ELF3-AS1,0.49405465,0.07581831,0.6212675890050827,1.0
BX470102.2,0.49347666,0.86708784,0.6216758198080646,1.0
GNPNAT1,0.49347293,0.0467178,0.621678453933362,1.0
AC023632.2,0.4932977,0.8291917,0.6218022632893094,1.0
TLCD5,0.49326414,0.5235151,0.6218259726850641,1.0
AC022898.1,0.49302176,1.3041494,0.6219972188620895,1.0
MAPK1,0.49293226,0.032375753,0.6220604533932107,1.0
AC023194.3,0.4929136,3.1162765,0.6220736276049919,1.0
CTDP1,0.49279055,0.02963571,0.622160580439066,1.0
POLR3E,0.49267125,0.06431314,0.6222449033744182,1.0
LINC02259,0.49264887,0.24994019,0.6222607144767058,1.0
ZBTB4,0.4924475,0.33733362,0.622403022238837,1.0
ABCG4,0.49208954,0.6500015,0.6226560486568631,1.0
SIRT3,0.4920821,0.18080841,0.6226613205146574,1.0
CRY2,0.49202988,0.052909162,0.6226982240609145,1.0
COX6C,0.49184343,0.091495514,0.622830030177939,1.0
AC012442.2,0.49177632,0.66232395,0.6228774833392106,1.0
MTPN,0.4915302,0.048322983,0.623051491663607,1.0
RNFT1,0.49133632,0.25573546,0.623188603958033,1.0
AC073655.1,0.49107155,0.9363746,0.6233758360697519,1.0
NEK4,0.49095598,0.026580894,0.6234575929370982,1.0
HSPB8,0.49088138,2.1143928,0.6235103417656057,1.0
CHORDC1,0.49073595,-0.06605175,0.623613207535294,1.0
AC011405.1,0.4905197,0.010412961,0.6237662009747571,1.0
C10orf67,0.4905085,0.9651531,0.6237741148700592,1.0
MYL1,0.4903146,5.6701946,0.6239112959543143,1.0
NKIRAS1,0.49018782,0.00033798,0.6240009983308293,1.0
CSNK1A1,0.49012816,0.044373225,0.6240432131429814,1.0
ADO,0.49001628,0.66361153,0.6241223692429267,1.0
CDC123,0.48966205,0.035219252,0.6243730588487644,1.0
TUBGCP4,0.4896285,0.057031333,0.6243968106458566,1.0
SORCS1,0.48948678,1.3471535,0.6244971003139166,1.0
ZNF511,0.48937494,0.18770541,0.6245762812813751,1.0
TRMT10A,0.48919967,0.6063667,0.6247003401788387,1.0
AC005726.5,0.48914,0.31453583,0.6247425754219804,1.0
GLE1,0.48880067,0.072798945,0.6249828118043603,1.0
ZNF57,0.48871493,0.678016,0.6250435371995982,1.0
TCF4-AS1,0.48869628,0.046271935,0.6250567387092942,1.0
SMAD1-AS2,0.48856577,0.08770475,0.625149152644942,1.0
AC025774.1,0.48854712,0.94562805,0.6251623551168173,1.0
BCL2L2,0.48840544,0.2372692,0.6252626978328074,1.0
EBNA1BP2,0.48838305,0.3267231,0.6252785420543971,1.0
CYB5R4,0.48818916,-0.059577048,0.6254158658928887,1.0
MAP3K10,0.48804745,0.6475397,0.6255162261498991,1.0
LINC01137,0.48803255,0.8815173,0.6255267907912534,1.0
FAM207A,0.4879356,0.0120447995,0.6255954628344758,1.0
AC005899.5,0.4877156,3.0780613,0.6257513075974135,1.0
LINC02427,0.48753288,1.2447886,0.6258807507054597,1.0
AP006333.1,0.4874844,0.7058993,0.6259150946901395,1.0
RINL,0.48741356,2.1454659,0.6259652912045516,1.0
AC108861.1,0.48716745,0.22743352,0.6261396715117976,1.0
PLPPR5,0.48711896,0.019308481,0.6261740216130824,1.0
PPP1R15A,0.4865671,0.20553946,0.6265651414714204,1.0
AC012254.1,0.48622406,0.4735531,0.626808322978988,1.0
LINC02609,0.48617184,0.22050403,0.6268453324173862,1.0
AC078785.2,0.48564607,0.56515414,0.6272181226889123,1.0
TRAPPC13,0.4853925,0.042209644,0.6273979420997753,1.0
TMUB2,0.48492268,0.5498356,0.6277311953851108,1.0
KIF27,0.4849115,0.074259184,0.6277391309128781,1.0
WDR31,0.48490778,0.4551546,0.6277417760983666,1.0
IFNAR2,0.484863,0.022380566,0.6277735186972855,1.0
AC004263.2,0.48482946,0.5815194,0.6277973260984293,1.0
FAM192A,0.48453113,0.043589603,0.6280089644645741,1.0
RAB40C,0.4842179,0.040509935,0.628231217673794,1.0
PSMA5,0.48374435,-0.0096463,0.6285673073676425,1.0
KDM4A,0.48361757,-0.022259887,0.6286572972052115,1.0
NAA38,0.48329318,0.14665048,0.628887590439864,1.0
FAM219B,0.48308808,0.13510217,0.6290331967477025,1.0
MFSD9,0.48293892,0.04003734,0.6291391013059623,1.0
AC127164.1,0.48278603,0.018249514,0.6292476613954591,1.0
NCBP2AS2,0.4825996,0.2877779,0.629380062592922,1.0
ADGRL3,0.4825362,0.68525636,0.62942508171416,1.0
SCPEP1,0.4822752,0.3344962,0.6296104690741292,1.0
TPST2,0.48223418,0.26470724,0.6296396034957135,1.0
AC078777.1,0.48211858,0.19421303,0.6297217126932879,1.0
ABCF3,0.4811528,0.21152014,0.6304079005444604,1.0
ZNF500,0.48079857,0.11069403,0.6306596710415675,1.0
CHMP4A,0.48078737,0.42113134,0.6306676223874847,1.0
ALAD,0.48065314,0.23433012,0.630763041873968,1.0
AF305872.2,0.48057857,0.23299585,0.6308160553602581,1.0
RETREG3,0.48050398,0.11894656,0.6308690707465937,1.0
TBC1D20,0.4800938,0.066156514,0.6311606893246204,1.0
CCZ1,0.4799372,0.15115353,0.6312720497525164,1.0
ZNF764,0.47977313,0.693523,0.6313887220358824,1.0
ANKRD10-IT1,0.4797023,0.21718034,0.631439106088572,1.0
SGPP1,0.47943753,0.039307866,0.6316273984918412,1.0
AL121929.2,0.47900498,1.7891484,0.6319350825716548,1.0
AL513165.1,0.47898635,0.069898844,0.6319483462500786,1.0
ZNF510,0.47855008,0.23144762,0.6322587501326891,1.0
MEAK7,0.47809887,0.17267415,0.6325798342877818,1.0
ATP6V0D2,0.47782293,1.0930024,0.6327762339431223,1.0
NIPAL3,0.477767,0.10038158,0.6328160478411295,1.0
CPT2,0.4777297,-0.030617807,0.6328425910308934,1.0
SATB2,0.47760665,0.01775094,0.6329301869117627,1.0
CCDC84,0.47743887,0.09121476,0.6330496441367232,1.0
LINC02804,0.47728598,0.8954357,0.6331584912740154,1.0
AC127522.1,0.4772748,0.14234135,0.6331664560105701,1.0
ZNF322,0.47716293,0.024805732,0.6332461057148303,1.0
ZNF573,0.4769653,0.07783902,0.6333868305824768,1.0
AC026124.1,0.4766707,0.24467942,0.6335966149130083,1.0
SDHAF3,0.4766558,0.023164047,0.6336072376881174,1.0
GTF2H2C,0.47658122,0.0355138,0.6336603526964727,1.0
NOA1,0.47640225,0.2392537,0.633787836418517,1.0
AC087639.2,0.47623816,0.7923252,0.6339047060468805,1.0
AC026979.4,0.47615987,0.6078348,0.6339604879526453,1.0
LAMTOR1,0.47569376,0.39268312,0.6342925661341008,1.0
FAM114A2,0.4755036,0.28497976,0.634428075186463,1.0
ZC3H14,0.47526866,-0.0039528767,0.634595485639847,1.0
HABP4,0.47525004,0.03954076,0.6346087729844867,1.0
ANKRD39,0.4750263,0.26761168,0.6347682303025168,1.0
SYNPO,0.47486594,0.0683644,0.6348825184726814,1.0
IMPA1,0.4747541,0.06624645,0.6349622595590818,1.0
ZNF202,0.47467205,0.09685184,0.6350207390474325,1.0
WDSUB1,0.47463477,0.05083675,0.6350473213858627,1.0
FYTTD1,0.4745602,1.1258038,0.6351004874741053,1.0
WDR64,0.4744446,1.7724967,0.6351828986294117,1.0
VDAC3,0.4742768,0.16034175,0.6353025357681374,1.0
GP1BA,0.47405306,0.17227206,0.6354620667638016,1.0
AC004596.1,0.4737734,0.212956,0.6356615043025813,1.0
AC016866.2,0.4735795,0.17359497,0.6357997965099277,1.0
RHOH,0.47357205,0.15118146,0.6358051156946212,1.0
DSCR9,0.47318423,0.78709394,0.6360817391805964,1.0
TMEM169,0.47295678,0.07783175,0.63624401311684,1.0
CCS,0.47261,0.06981063,0.6364914479596671,1.0
AC092118.1,0.47258762,1.0243189,0.6365074128908319,1.0
AC092802.2,0.47193134,0.5649625,0.6369757926105275,1.0
AC084064.1,0.47178593,1.7620425,0.6370796009411444,1.0
ANKRD49,0.47170016,0.3259081,0.6371408245776131,1.0
NR4A3,0.4716144,0.47157094,0.6372020506909181,1.0
LINC02108,0.47157338,2.0303638,0.6372313336205595,1.0
NAALADL2-AS3,0.47110355,1.8937808,0.6375667966624992,1.0
RARS,0.47099912,0.058991075,0.6376413540918773,1.0
AP001318.2,0.47097304,0.19595942,0.6376599940221419,1.0
COQ9,0.4709059,0.13590412,0.6377079263235811,1.0
AP001437.2,0.47087982,1.0503038,0.6377265670721869,1.0
DENND2C,0.47073066,0.23227465,0.6378330900305782,1.0
CP,0.47071946,0.11236136,0.6378410795539936,1.0
CNNM4,0.47068217,0.03845247,0.6378677116025518,1.0
VDAC2,0.47037268,0.0320731,0.6380887756431335,1.0
RPH3AL,0.47035778,0.7749645,0.6380994301448709,1.0
ZDHHC18,0.47022352,0.2780767,0.6381953240239373,1.0
AC005899.8,0.47020116,0.84046775,0.6382113069256596,1.0
CTSK,0.46982083,0.47954944,0.6384830419751126,1.0
AC008871.1,0.4697686,0.44397825,0.6385203427334496,1.0
CELF2-AS1,0.46945912,0.53203416,0.6387415017286446,1.0
AL590999.1,0.469351,0.45031735,0.6388187817251028,1.0
GRPEL2,0.46927267,0.26471007,0.6388747455504592,1.0
ALDH1A2,0.46920928,0.8263246,0.638920051105828,1.0
HMG20A,0.46920928,0.032530613,0.638920051105828,1.0
AC124301.1,0.46891844,2.6658053,0.6391279409276576,1.0
SRP72,0.4688513,0.006131811,0.6391759195291765,1.0
CABIN1,0.46861267,0.00975124,0.6393465223392184,1.0
MAN2C1,0.46847096,0.0066654086,0.6394478267857973,1.0
BCDIN3D,0.46840012,0.24673499,0.6394984815310167,1.0
AL606489.1,0.46834046,-0.009164053,0.6395411394624181,1.0
CNGB3,0.46820995,0.4987954,0.6396344578427713,1.0
AC100839.2,0.46781096,0.48320752,0.6399197808221866,1.0
TBC1D25,0.46779606,0.33426404,0.6399304481347551,1.0
AC091868.2,0.46765435,0.81698626,0.6400317913160931,1.0
PI4K2A,0.46754995,0.12772489,0.6401064695365943,1.0
MED8,0.46746418,0.48744583,0.6401678150878125,1.0
LSG1,0.46746418,0.021837866,0.6401678150878125,1.0
SNHG3,0.46723673,0.14147556,0.6403305260690062,1.0
AC058791.1,0.46705773,0.48932415,0.640458573097731,1.0
INTS9,0.46699062,-0.014612274,0.6405065934934835,1.0
ZNF749,0.46676314,0.27255842,0.6406693404717086,1.0
CXXC5,0.46669602,0.7035786,0.6407173674722746,1.0
SPATA46,0.46649468,1.4840583,0.6408614574999252,1.0
AC004949.1,0.46610314,-0.010350104,0.6411416712966677,1.0
AC117386.2,0.46597263,0.6286219,0.6412350872620858,1.0
ZCCHC9,0.46580857,0.04550846,0.6413525325359166,1.0
INTS3,0.46562585,0.00159594,0.6414833344275561,1.0
POGZ,0.46483907,0.02101294,0.6420467104842735,1.0
AC107081.2,0.46482787,0.032540914,0.642054722056898,1.0
HOMEZ,0.4647943,0.25157985,0.6420787570247212,1.0
ABCA3,0.46474957,0.02944583,0.6421108042316734,1.0
ZFP82,0.46462652,0.2785715,0.642198937487046,1.0
AC027309.1,0.4636682,3.4989665,0.6428854809484281,1.0
TTPAL,0.46365702,0.3549777,0.6428934968770842,1.0
PIWIL2,0.46363837,0.631929,0.6429068568505696,1.0
SNRPF,0.4635638,-0.022925915,0.6429602978993427,1.0
AC024592.2,0.46353024,0.36870676,0.6429843469740697,1.0
NR2C2AP,0.46328786,0.36223763,0.6431580458424718,1.0
EXOSC5,0.4632804,0.26714036,0.6431633907324,1.0
TMEM233,0.46325058,0.9965926,0.643184770476777,1.0
GTF2E2,0.4628292,0.09869539,0.6434867909193964,1.0
AP000704.1,0.46269497,0.46953636,0.643583022195918,1.0
BID,0.46259058,-0.00033012332,0.6436578728768235,1.0
AC034102.6,0.46247125,0.50337726,0.6437434209389252,1.0
MAP2K1,0.46230718,-0.017862214,0.6438610572325982,1.0
ADAMTS13,0.4622214,0.26705176,0.643922552482993,1.0
CCDC159,0.46182242,1.4377488,0.6442086711282162,1.0
AMY2B,0.4616658,1.8341191,0.6443209937932816,1.0
RGS14,0.4613153,1.0379117,0.6445724120407355,1.0
FBXO3,0.4612631,0.12297019,0.6446098607907806,1.0
PCDHGA6,0.4611997,0.21243362,0.6446553354852964,1.0
AC012063.1,0.46116614,0.28014058,0.6446794108618208,1.0
CLEC4F,0.46116614,2.7095547,0.6446794108618208,1.0
TOB1,0.46106175,0.12551293,0.6447543144159829,1.0
CDC40,0.46103564,0.033517234,0.6447730408679597,1.0
VGLL2,0.4609387,3.2729573,0.6448425982339385,1.0
WFDC1,0.46046138,1.7622303,0.645185079808331,1.0
EDRF1,0.45988342,0.05751855,0.6455999043541611,1.0
LYRM9,0.4598424,0.46554708,0.6456293477074442,1.0
AL357153.2,0.4591041,0.24819435,0.6461594229939129,1.0
AC080132.1,0.4587722,0.29530722,0.6463977477146072,1.0
ZDHHC17,0.45849627,0.022565546,0.6465959329779978,1.0
STRA8,0.45829865,3.4449363,0.6467378918890465,1.0
AEBP1,0.4581271,0.36863878,0.6468611119331331,1.0
RPL37,0.45766103,0.008567214,0.6471959979089812,1.0
B3GNT10,0.4576312,0.62531835,0.647217433044611,1.0
DHRS4,0.45754915,0.8363744,0.6472763811763906,1.0
HERPUD1,0.45744476,0.1983304,0.6473514092714657,1.0
BAHD1,0.4573776,0.021871448,0.6473996435106437,1.0
TCTN1,0.45712778,0.15412962,0.6475791950800014,1.0
LINC00847,0.45699355,0.24129578,0.6476756790202525,1.0
AL117381.1,0.45696372,0.034502722,0.647697120699742,1.0
OMG,0.45696,0.03020629,0.6476998009302297,1.0
KRBOX4,0.4568966,0.078420505,0.6477453655472434,1.0
ITM2C,0.45686305,0.63325953,0.6477694885258283,1.0
GABARAPL2,0.45618066,0.18777946,0.6482600692790276,1.0
IFRD1,0.45576304,0.002729601,0.6485603907787338,1.0
OR52D1,0.45562878,3.1778023,0.6486569348324616,1.0
AL355499.1,0.45561016,1.5777043,0.6486703441958762,1.0
AC010789.2,0.45522606,0.7174333,0.6489466024187878,1.0
AF131215.2,0.4551515,0.68188906,0.6490002503936345,1.0
AC025034.1,0.45478234,0.070954464,0.6492658346817957,1.0
PODXL,0.454581,0.07154051,0.649410717635617,1.0
PLCG1,0.45451388,0.041464817,0.6494590149009576,1.0
LINC01622,0.45442066,0.70779014,0.649526096880434,1.0
HIPK4,0.4541559,0.70330334,0.6497166251961926,1.0
ZW10,0.45400673,0.09491215,0.6498239751823665,1.0
DSCR8,0.45396572,0.10560164,0.649853497703108,1.0
ATXN7L2,0.45355555,0.6999369,0.6501487531391161,1.0
RRP12,0.45329452,0.0011410306,0.6503366715662403,1.0
WASHC5,0.4532796,-0.06869545,0.6503474104337787,1.0
RABL2A,0.45303723,0.3097688,0.6505219272058558,1.0
HIKESHI,0.452642,0.28134307,0.6508065648925907,1.0
SOX21-AS1,0.45245928,0.37001976,0.6509381599061959,1.0
AC010210.1,0.4524369,0.6243165,0.6509542743290548,1.0
AC007406.5,0.45209384,0.7200389,0.6512013825683752,1.0
FUCA2,0.45189622,0.40382737,0.6513437558034527,1.0
SKIL,0.4517284,-0.019331133,0.6514646487205443,1.0
ANKMY2,0.45167622,0.13201104,0.6515022617194264,1.0
CDNF,0.45160908,0.6868297,0.6515506225926038,1.0
ZNF44,0.4515494,0.14373139,0.6515936112660854,1.0
TTLL13P,0.45142263,0.9012987,0.6516849660424657,1.0
ZSCAN26,0.45093045,0.2602979,0.6520396870702352,1.0
AC011450.1,0.45081484,0.18322714,0.652123004186039,1.0
HEXD-IT1,0.4507813,1.1339065,0.6521471938394114,1.0
DOCK6,0.45072907,0.41661224,0.6521848229164681,1.0
MCAT,0.45063585,0.5374986,0.6522520198991214,1.0
C9orf147,0.45036364,-0.012422184,0.6524482512429586,1.0
RAB29,0.4502294,0.27988398,0.6525450317227737,1.0
MRPL33,0.4502145,0.05834097,0.6525557854705205,1.0
FAIM,0.4501623,0.10197627,0.6525934241563003,1.0
AC105942.1,0.45009518,0.51413447,0.6526418180520079,1.0
CHRD,0.45007652,2.038345,0.6526552610602843,1.0
ZNF804B,0.4498379,1.3671193,0.6528273415279047,1.0
NEDD4L,0.44980806,0.01309962,0.652848852885487,1.0
NOXO1,0.4496589,1.1154559,0.652956414002762,1.0
PSPH,0.44958058,0.044816233,0.6530128864773892,1.0
ZNF69,0.44943517,0.09814315,0.6531177692047143,1.0
GSTZ1,0.44940162,0.8889136,0.6531419738846156,1.0
SCART1,0.44933823,0.541103,0.6531876948315303,1.0
NLRC3,0.44931957,0.40062314,0.6532011424167117,1.0
PITRM1,0.44892058,0.01917414,0.6534889477344475,1.0
RTN4RL1,0.44887957,0.123589195,0.6535185381200654,1.0
SLC9A7,0.448626,0.072581336,0.6537014725964536,1.0
RASSF5,0.44861853,0.3718246,0.6537068533373184,1.0
ZNF341,0.4485589,0.3465693,0.6537498999122955,1.0
STMP1,0.4483277,-0.006958281,0.6539167162703963,1.0
OLFM2,0.4482009,0.08285198,0.6540082035502568,1.0
HDHD5-AS1,0.44799957,0.55877876,0.6541535175619722,1.0
NXN,0.4479921,0.03499314,0.6541588998141878,1.0
RNF213-AS1,0.4479287,0.07371868,0.6542046496840256,1.0
TRPC5,0.4475409,0.68221015,0.6544845595178788,1.0
NLGN3,0.44749242,2.180077,0.654519551663896,1.0
DDX10,0.44726124,0.035740416,0.6546864477250046,1.0
ZDHHC3,0.44723514,0.036460787,0.654705291913064,1.0
ANAPC10,0.44699275,0.02591237,0.6548802841632931,1.0
MFSD14A,0.44657513,0.0140497945,0.6551818537468799,1.0
TRMT10B,0.44639242,0.028694782,0.6553138081299081,1.0
NAT9,0.44630665,0.03274462,0.655375749613408,1.0
AC114956.3,0.4460009,0.07718366,0.6555966037600551,1.0
TMEM41B,0.44586292,0.055207618,0.6556962673230495,1.0
MANSC4,0.44570258,0.3044251,0.6558121002476884,1.0
TSTD3,0.44568393,0.035292454,0.6558255697297151,1.0
PROSER2,0.44549376,0.073138155,0.6559629648388579,1.0
AP001020.2,0.44545648,0.47301853,0.655989906421474,1.0
HSPBP1,0.44533715,0.41825435,0.6560761224929974,1.0
GNG10,0.44526258,0.17008817,0.6561300098643399,1.0
AL645504.1,0.4450836,3.0463176,0.6562593468559983,1.0
ANAPC4,0.44474798,-0.001922104,0.656501881484767,1.0
AGGF1,0.4446697,0.06989893,0.6565584781080849,1.0
USP49,0.44461375,0.038408414,0.6565989054741923,1.0
AL512662.2,0.4445429,1.7697902,0.6566501149145286,1.0
MASP2,0.44402832,0.22710612,0.6570221055520034,1.0
BIN3,0.44382325,0.11238786,0.6571703863852909,1.0
SCGB2B2,0.44353986,0.2416144,0.6573753057474304,1.0
ROGDI,0.44334966,0.4799346,0.6575128318681799,1.0
RASL10B,0.44332358,0.27065003,0.6575317089074957,1.0
PUM1,0.44298053,0.022416929,0.6577798274360951,1.0
USP30,0.4427195,0.23124257,0.6579686385351522,1.0
NOP53-AS1,0.44264492,0.036640014,0.6580225885716622,1.0
ERGIC3,0.44261882,-0.019727934,0.6580414715052103,1.0
MYH7B,0.4425517,0.11333188,0.6580900286217793,1.0
B4GALT7,0.44245103,0.38001865,0.6581628670009885,1.0
GET3,0.44241372,0.40192267,0.6581898450019195,1.0
NUCB1-AS1,0.44211915,0.3163075,0.6584029868528797,1.0
DHX33,0.44207066,0.0800514,0.6584380634887775,1.0
AC068205.2,0.44202965,1.1312526,0.6584677443062665,1.0
MIR1915HG,0.44176865,0.36901003,0.6586566348426646,1.0
SMC1B,0.44141066,0.13733284,0.658915720139748,1.0
TMED2-DT,0.44132492,0.35906076,0.6589777987393626,1.0
KPNA4,0.4412727,0.032423213,0.6590155868634833,1.0
NUS1,0.4412727,0.02071743,0.6590155868634833,1.0
MLIP,0.44041878,0.84239376,0.6596338161216078,1.0
DOP1A,0.4403554,0.028973958,0.6596797201468763,1.0
AP006623.1,0.4403442,0.10589626,0.6596878209902393,1.0
GABPB2,0.44030693,0.062334884,0.6597148240896428,1.0
CACYBP,0.44019505,0.024718856,0.6597958360478414,1.0
ATP2C2,0.44006827,0.3913496,0.6598876544230992,1.0
FAM86C1,0.4400161,0.86491543,0.6599254634784597,1.0
ZNF555,0.43975133,0.73363286,0.6601172227713437,1.0
HSD17B1,0.43957606,0.5500511,0.6602441743038611,1.0
AC087045.2,0.43953505,0.59056723,0.6602738877771768,1.0
IFIT2,0.43947166,0.45009854,0.660319809653244,1.0
AC015871.1,0.43930015,0.13231875,0.6604440752612168,1.0
MRPS18B,0.43911743,0.24780269,0.6605764554478708,1.0
C6orf58,0.43902048,0.84750515,0.6606467023093727,1.0
INPP5F,0.43896827,-0.026042324,0.6606845287809808,1.0
AC016745.2,0.43859538,0.81374985,0.660954743067975,1.0
MRNIP,0.43783095,0.041438956,0.6615088204909718,1.0
AP005059.2,0.4376669,0.042972554,0.6616277686110863,1.0
LINC02163,0.4375364,2.4687104,0.6617223925336795,1.0
SEC14L2,0.4374208,0.020013371,0.6618062068061635,1.0
OSTC,0.4370964,0.011979436,0.6620414501401646,1.0
SLC38A7,0.437074,0.23079397,0.6620576750482627,1.0
TRUB1,0.43705538,-0.032572925,0.6620711959262098,1.0
HECTD3,0.43698823,0.83506024,0.6621198719990522,1.0
NKRF,0.4368764,0.027406206,0.662201001959722,1.0
SLC12A7,0.43674216,0.6025863,0.6622983631463013,1.0
LRRC8E,0.43670112,1.6764462,0.6623281135363852,1.0
SNX19,0.43664894,0.050685428,0.6623659784399428,1.0
SLC25A32,0.4365706,0.063697286,0.6624227774136278,1.0
SUCLG1,0.43655196,0.062875316,0.6624363012650029,1.0
TMEM186,0.4361045,0.63355327,0.6627609067113664,1.0
ZNF740,0.43608212,0.278832,0.6627771386470555,1.0
MICAL1,0.43594044,0.6598699,0.6628799445838041,1.0
ATP6V1A,0.43573162,0.01152147,0.6630314596444721,1.0
AC017083.1,0.4354855,0.93071616,0.663210048664856,1.0
TWISTNB,0.43536618,0.043096624,0.6632966441715025,1.0
NDUFB9,0.4353401,0.029496156,0.6633155875382959,1.0
CYP46A1,0.43461668,0.45488054,0.6638406750321479,1.0
WDR61,0.43404618,0.1320315,0.6642549068963132,1.0
FKBP8,0.4338299,0.18400635,0.6644119627911546,1.0
ISCU,0.43379635,0.16311501,0.6644363348543834,1.0
GOSR1,0.43374413,0.0018034327,0.6644742476579761,1.0
BSN,0.43370312,0.34345943,0.6645040368916217,1.0
EIF4A3,0.43339735,-0.0059477305,0.6647261187847026,1.0
ANK1,0.4332333,0.33574292,0.6648452968130398,1.0
DIPK1A,0.4330543,-0.022333426,0.6649753188692391,1.0
ZNF805,0.4330543,0.119680636,0.6649753188692391,1.0
COG7,0.43297228,0.15031148,0.665034915680094,1.0
NOMO2,0.43295363,0.48213685,0.6650484607050666,1.0
FAM184B,0.43286785,0.04364442,0.6651107692281459,1.0
ICAM5,0.43274108,0.25328308,0.6652028817167782,1.0
POU5F1B,0.43258074,0.032754116,0.6653193841602667,1.0
ZBTB1,0.43200275,-0.013836597,0.6657394018753786,1.0
MEST,0.43165225,0.7740626,0.6659941733950323,1.0
RPP38,0.43165225,0.017607795,0.6659941733950323,1.0
FAM86B1,0.43121597,0.9751347,0.6663113364762708,1.0
ZNF350-AS1,0.43099597,0.25704315,0.6664712960507804,1.0
RNF40,0.43077597,0.23974514,0.6666312707934028,1.0
MFN2,0.43066412,0.13728079,0.6667126196979805,1.0
RNMT,0.43054107,0.019734295,0.6668021080196616,1.0
RNF170,0.43026885,0.15121652,0.6670000838769953,1.0
PLA2G15,0.43019426,1.0681318,0.6670543278852268,1.0
AC105206.2,0.4297207,0.30497286,0.6673988179397812,1.0
FBXL3,0.42947087,0.07915334,0.6675805850419134,1.0
KIAA0930,0.42939258,0.18790573,0.6676375608352545,1.0
AC097634.3,0.4293478,0.446143,0.6676701192916163,1.0
PVALEF,0.42932546,0.3146945,0.6676863987543668,1.0
CALN1,0.42890036,0.49335998,0.6679957382494892,1.0
DNAJC27,0.42875493,0.2642976,0.6681015778699262,1.0
KANK4,0.4286878,1.7766755,0.66815042915149,1.0
HMOX2,0.42860204,0.024705978,0.6682128522790043,1.0
GNAL,0.42860204,0.2997647,0.6682128522790043,1.0
AC021683.6,0.42835593,0.4860891,0.6683919922528878,1.0
DSCAML1,0.42817324,0.04638522,0.6685250023284031,1.0
AL109838.1,0.42794204,0.06729312,0.6686933157045307,1.0
SUV39H1,0.4279346,0.5913889,0.6686987454455773,1.0
HNRNPA3,0.4275617,0.02273896,0.6689702545866925,1.0
ABHD10,0.42752442,0.13908702,0.6689974078822949,1.0
LRRC47,0.4274722,0.111522704,0.6690354232233611,1.0
MEF2B,0.42732677,0.4702202,0.6691413275750954,1.0
SEMA4D,0.42678237,0.027153475,0.6695378484428504,1.0
SPAG7,0.42677492,0.05494168,0.6695432808755244,1.0
AC090857.2,0.42669287,5.6434755,0.6696030387760359,1.0
SLC25A37,0.42659593,0.02738303,0.6696736644461851,1.0
AC093458.1,0.42659593,2.7781703,0.6696736644461851,1.0
AC009948.3,0.42658848,4.588689,0.6696790973110395,1.0
TEX52,0.42645422,0.8679458,0.6697768918337406,1.0
CRYZL1,0.42640203,0.02878612,0.669814924549053,1.0
JAG2,0.42596948,-0.010579497,0.6701300853224033,1.0
LIMA1,0.42596203,0.0069380077,0.6701355196382515,1.0
AC114947.2,0.42554438,1.1132164,0.6704398688706158,1.0
SS18L1,0.42545116,0.026655376,0.6705078113535473,1.0
AGPAT1,0.4252871,0.25277027,0.6706273966681693,1.0
AC005343.4,0.42523864,1.0990721,0.6706627302899939,1.0
C12orf49,0.42501116,0.23293468,0.6708285362415869,1.0
ISX,0.4249776,0.90836746,0.6708530007719349,1.0
AC012467.2,0.4246793,1.2624133,0.6710704785964932,1.0
KCNK6,0.42467183,0.75278234,0.671075915895196,1.0
SAMD11,0.42455998,0.33273375,0.6711574774420477,1.0
AC027644.3,0.42451522,1.3921715,0.6711901031454852,1.0
CADM2-AS2,0.4243176,2.4590955,0.6713342074148905,1.0
SCO2,0.4242766,0.65932196,0.6713641173626734,1.0
SLC35A3,0.4242132,0.021497417,0.671410342851245,1.0
TP53INP2,0.42415726,0.38514042,0.6714511310793567,1.0
EGFL8,0.4241386,0.058924533,0.67146472737044,1.0
FN3K,0.42373216,0.35886395,0.6717611532293996,1.0
AC012213.3,0.42343011,1.0571451,0.6719814660659672,1.0
DCAF11,0.42332572,0.15727687,0.6720576301443733,1.0
BCO2,0.42257994,0.9591766,0.6726017571361688,1.0
TUBA1C,0.42255384,0.4695807,0.6726208046887594,1.0
CCDC121,0.42190504,0.46779332,0.6730943399121235,1.0
CLPTM1,0.42175215,0.061199732,0.673205938930217,1.0
MED17,0.42142773,0.08223736,0.6734427704355053,1.0
AC010333.1,0.42133823,2.8783877,0.6735081089638186,1.0
NBR2,0.42122266,0.11940816,0.6735925082092512,1.0
TDG,0.4205701,0.031598512,0.67406903261701,1.0
AC009118.3,0.42045078,0.13854738,0.6741561826588941,1.0
C17orf75,0.4203762,0.11616247,0.6742106536554922,1.0
ARHGAP35,0.42033145,0.04075934,0.6742433370731706,1.0
SAMD3,0.4202494,0.2882297,0.674303258268784,1.0
STRAP,0.4202345,-0.02574765,0.6743141532535806,1.0
AC004982.2,0.4202345,0.4932522,0.6743141532535806,1.0
ACSF2,0.42021585,1.2369455,0.6743277720806085,1.0
OSBPL7,0.42007416,0.4704722,0.6744312786526547,1.0
AC012184.4,0.41999212,-0.048693866,0.6744912063263299,1.0
KIRREL3,0.41991383,0.48452556,0.6745484119409773,1.0
GNL3,0.41985416,-0.030628776,0.6745919984337654,1.0
APCDD1L,0.41983923,0.2533265,0.6746028952275644,1.0
SEZ6,0.41972366,0.48680574,0.6746873476930084,1.0
SMUG1,0.4195745,0.052271534,0.6747963246706705,1.0
AL354892.1,0.41955584,0.8288336,0.67480994727246,1.0
RPAP1,0.419444,-0.044800196,0.6748916851208346,1.0
FAM171A2,0.4193545,0.8141488,0.674957078161021,1.0
MTFMT,0.41932467,0.060108464,0.6749788763864795,1.0
AC074117.1,0.41907483,0.25413814,0.6751614472276374,1.0
MKKS,0.41893312,0.06383965,0.6752650033650007,1.0
GNAI2,0.41886228,0.2401485,0.6753167837390703,1.0
ATG9A,0.41871312,-0.046193805,0.675425800075453,1.0
JOSD2,0.4187094,0.98653066,0.6754285255711061,1.0
GRIA4,0.41851178,0.6378312,0.6755729829293262,1.0
WNK2,0.4184521,-0.022560766,0.6756165950460903,1.0
AL162430.2,0.41837752,0.5980998,0.6756711117231755,1.0
CUBN,0.4183477,0.97591233,0.6756929188703099,1.0
ZNF142,0.41827685,-0.020220378,0.675744711935441,1.0
RBM39,0.4180904,0.05165601,0.675881016808904,1.0
NSFL1C,0.41779956,0.020503527,0.6760936736267855,1.0
LXN,0.417367,0.07100399,0.6764099802748875,1.0
VPS35,0.41730735,0.14472888,0.6764536132609204,1.0
FIG4,0.41676295,-0.023907406,0.676851814426938,1.0
HS1BP3,0.41665107,0.11733021,0.6769336477785006,1.0
ZNF350,0.41651312,0.17579511,0.6770345808317473,1.0
CCDC38,0.41651312,0.06232533,0.6770345808317473,1.0
ZNF182,0.41643852,0.1658806,0.6770891416540425,1.0
HDHD3,0.41614768,0.27316415,0.6773019450497164,1.0
NR4A1,0.41602835,0.19715022,0.6773892564592997,1.0
AL079301.1,0.41581953,2.389986,0.6775420618551306,1.0
AC019118.2,0.41572258,1.3579828,0.6776130117281326,1.0
AC234582.1,0.41561818,0.6106382,0.6776894224817271,1.0
SPTAN1,0.41539073,0.03686667,0.6778559002460375,1.0
AL354989.1,0.41487986,0.13326316,0.6782298502560243,1.0
ADCY2,0.41445103,1.684581,0.6785438110962754,1.0
EIF3I,0.4143653,0.08821824,0.6786066099622636,1.0
FLCN,0.4143429,0.3434083,0.6786229926421826,1.0
C2orf74,0.41432053,0.22904512,0.6786393754739721,1.0
AC051619.6,0.41428325,0.25728694,0.678666680531093,1.0
MRPS18C,0.4138134,-0.03481991,0.6790107603812798,1.0
DARS-AS1,0.41376492,0.49793085,0.6790462644918474,1.0
ACP2,0.41345546,0.4834078,0.6792729613670496,1.0
AC090337.2,0.41342187,4.3447413,0.6792975446996596,1.0
TP53RK,0.41321307,0.2015028,0.679450515320978,1.0
POLR2C,0.41310865,0.07588188,0.6795270055818736,1.0
AC005899.6,0.41309002,1.5459298,0.6795406649042308,1.0
AP001330.1,0.41252324,1.0094178,0.6799559584959303,1.0
RNF123,0.41241136,0.1987283,0.6800379358147988,1.0
POLD4,0.41235542,1.1706449,0.6800789258925677,1.0
MFSD11,0.41203848,0.055964604,0.6803112208546245,1.0
PIGW,0.41203475,0.44138765,0.6803139539171329,1.0
AC012640.4,0.41194153,0.6717859,0.6803822818444789,1.0
AC108067.1,0.4116432,0.9322625,0.6806009488425862,1.0
EIF2B2,0.41141576,0.028260374,0.6807677004736072,1.0
RRH,0.41130763,0.29256707,0.68084698131264,1.0
DOK1,0.41126287,0.23773561,0.680879788208583,1.0
LINC-PINT,0.4112256,0.69905514,0.6809071277497233,1.0
SLC36A4,0.41092354,0.072023675,0.681128593480848,1.0
SPOPL,0.41074082,0.032016657,0.6812625799227858,1.0
SZT2,0.4106812,0.11298397,0.6813063327757343,1.0
AL121852.1,0.41061404,0.3673702,0.6813555560167204,1.0
AC011407.1,0.41033813,2.120615,0.6815579324805321,1.0
ERRFI1,0.41033065,0.1374113,0.6815634024327883,1.0
AC087477.2,0.41017404,0.54145646,0.6816782752964373,1.0
HACD2,0.40986827,0.2249299,0.6819025721534557,1.0
WRAP73,0.40968183,0.10566073,0.6820393523273439,1.0
SAMD4A,0.4096222,0.049793728,0.6820831241897889,1.0
LANCL1,0.40921575,0.042445067,0.6823813484632799,1.0
MSH3,0.4090666,0.017802821,0.6824908010080006,1.0
MYO1F,0.40904048,1.4100708,0.682509955890001,1.0
MOCS2,0.40888387,0.300499,0.6826248894764029,1.0
FMC1,0.40860793,0.50207037,0.6828274094161229,1.0
MRPL11,0.40857065,0.22483736,0.6828547787272559,1.0
ZNF32,0.40852216,0.28236717,0.6828903594551012,1.0
CDK4,0.40850726,0.050346505,0.6829013075131222,1.0
ASB1,0.40836927,0.0225184,0.6830025802118955,1.0
AC105345.1,0.40819776,0.35868642,0.6831284947669694,1.0
RBM10,0.4079852,-0.031219669,0.6832845315549889,1.0
AC061958.1,0.4079815,0.7426785,0.6832872691632934,1.0
C6orf99,0.40797776,0.49251956,0.6832900067757628,1.0
AL512770.1,0.40782487,0.12387234,0.6834022524724521,1.0
AP001453.2,0.40776148,1.8116463,0.6834487954237627,1.0
ASB3,0.40773538,0.024915127,0.6834679605181098,1.0
GTF2F1,0.4074296,0.05730157,0.6836924810956175,1.0
RNF39,0.4071425,1.4101872,0.6839033368600136,1.0
MCRIP1,0.40695605,0.13444242,0.6840402693888117,1.0
LNX1,0.4069262,0.25186855,0.6840621795577158,1.0
TCTE3,0.40678078,0.3321769,0.6841689954395687,1.0
PRPF38A,0.40638554,0.05232057,0.6844593474506752,1.0
RRN3,0.4062625,0.037332978,0.6845497495803252,1.0
HDAC3,0.4060574,0.035745498,0.6847004298390682,1.0
LIG3,0.40600893,0.09441954,0.6847360470067175,1.0
ANAPC1,0.40554282,0.017747335,0.6850785555382217,1.0
CRIPAK,0.4055167,0.6721827,0.6850977379310699,1.0
AC013468.1,0.4054906,0.71313787,0.6851169205269608,1.0
TERB1,0.40537873,1.3515929,0.6851991339517176,1.0
LGALSL,0.40532655,0.6709057,0.6852375014925618,1.0
DDX49,0.40525943,0.097237825,0.6852868323808471,1.0
BROX,0.40510654,0.17460942,0.6853992021908278,1.0
LINC02482,0.40503567,0.22609481,0.6854512783652708,1.0
ARMCX3,0.40488282,0.21826524,0.6855636583594615,1.0
LINC02306,0.40479705,1.6196578,0.6856267038411666,1.0
AC100771.2,0.40475976,0.41900864,0.6856541156028925,1.0
AL590064.1,0.4046479,1.4246943,0.6857363533703,1.0
ZBED6CL,0.40456957,0.30281854,0.6857939220225283,1.0
NDUFA10,0.40424517,0.030349446,0.6860324401505424,1.0
SPECC1,0.40418923,0.028178088,0.6860735671279425,1.0
EXTL1,0.40387973,0.90315086,0.6863011532063559,1.0
AL358781.2,0.4036299,0.31451088,0.6864848880224328,1.0
STIMATE,0.40362617,0.22547153,0.6864876304734826,1.0
LINC01640,0.40315634,0.59334964,0.686833212319786,1.0
CNTROB,0.4031526,0.27818763,0.6868359552947814,1.0
ILKAP,0.4029326,-0.0016094465,0.6869977981170294,1.0
ARL10,0.40275735,0.001952239,0.6871267340223806,1.0
PIP,0.4027499,1.6033866,0.6871322208585604,1.0
AARSD1,0.4026716,0.0023834244,0.6871898336333944,1.0
PLEKHG5,0.40260822,0.8638836,0.6872364738769319,1.0
ZNF324,0.40259328,0.11715639,0.6872474482248792,1.0
ANKRD29,0.40254483,1.277714,0.6872831153108159,1.0
AC100803.4,0.4024926,0.1482571,0.6873215267971047,1.0
TIGD5,0.40229124,0.48089844,0.6874696929466748,1.0
CDK5RAP3,0.40218684,0.1949051,0.6875465245646781,1.0
ANGPTL2,0.40213838,0.06246812,0.6875821974840747,1.0
RPP40,0.40187734,0.5541673,0.6877742943864498,1.0
AC092123.1,0.40186617,0.42840195,0.6877825275612426,1.0
ATCAY,0.40157905,1.167067,0.6879938583782762,1.0
AC064852.1,0.401456,0.30431736,0.6880844361889673,1.0
AC068722.1,0.40112785,1.9133058,0.6883259988904614,1.0
GPR137,0.401016,0.097717054,0.6884083570803949,1.0
TICAM2,0.40089667,0.18713497,0.6884962098886436,1.0
ZSCAN32,0.40069157,0.07719773,0.6886472167214297,1.0
MYRFL,0.40058345,0.81805724,0.6887268435030447,1.0
AL031595.3,0.40053123,1.5150189,0.6887652852528965,1.0
FAM13A-AS1,0.40051258,0.19797266,0.6887790146440751,1.0
TXNDC17,0.4001024,0.13433872,0.6890810871808215,1.0
CELA3A,0.40009123,3.5057938,0.6890893262174238,1.0
SYPL2,0.3999048,2.1408103,0.6892266489222996,1.0
PBX2,0.39981157,0.24380966,0.6892953141146403,1.0
LINC02516,0.39977056,2.0905592,0.6893255276100758,1.0
PDZRN4,0.3996214,1.2981689,0.6894353990422517,1.0
LINC01578,0.39931935,0.005422478,0.6896579087489385,1.0
LZTFL1,0.39931563,0.442193,0.6896606559501035,1.0
GDF7,0.39908445,0.55831766,0.6898309904099307,1.0
OSGIN2,0.39884952,0.05660353,0.6900040882984464,1.0
SMG8,0.3987824,0.35330513,0.6900535478174639,1.0
PABPC4,0.39870408,-0.045681085,0.6901112522628405,1.0
TRMT44,0.3984468,0.0079859095,0.6903008652665945,1.0
MTMR14,0.3983685,0.05808552,0.6903585774310748,1.0
CHD4,0.39804408,0.028959628,0.6905976898597032,1.0
AC107071.1,0.39777935,0.54965246,0.6907928504722534,1.0
AL139275.1,0.3977607,0.5609784,0.6908065949521872,1.0
AC027601.6,0.3977495,0.5973625,0.6908148416890736,1.0
THAP5,0.3976712,0.0742244,0.6908725698746484,1.0
ARL2BP,0.3976488,0.37566933,0.6908890639721557,1.0
CACNA1H,0.39733934,2.2364924,0.6911172473733626,1.0
SHC3,0.39730203,1.1427611,0.691144741243962,1.0
MADCAM1,0.39724612,1.1025069,0.6911859828135756,1.0
ZNF345,0.39719763,-0.056032035,0.6912217262484784,1.0
AC093675.1,0.3971939,2.6347525,0.6912244757719779,1.0
SLC29A1,0.3971007,0.22709729,0.6912932151828672,1.0
DAAM2,0.39709696,0.1231131,0.6912959648122351,1.0
GLRX2,0.39702612,0.20097734,0.6913482085437589,1.0
ZNF415,0.39670542,0.5230513,0.6915846985471336,1.0
CUEDC2,0.39656,0.08582302,0.6916919539308668,1.0
AL645768.1,0.39649287,1.020442,0.6917414585020442,1.0
MEIOB,0.39639592,0.4343938,0.6918129674306771,1.0
AL354892.3,0.3962393,0.96454227,0.6919284876589544,1.0
ALDH5A1,0.39618337,0.20256934,0.6919697466208297,1.0
MAGOHB,0.39569864,-0.023822287,0.6923273625775459,1.0
AC138811.1,0.39560542,0.22531867,0.6923961427440701,1.0
AC006504.1,0.39553457,1.1263359,0.6924484173671216,1.0
WEE2-AS1,0.3954227,0.64011604,0.6925309592281073,1.0
TP53TG1,0.39536303,0.7617347,0.6925749830469794,1.0
COMMD5,0.39522135,0.25472885,0.6926795437784592,1.0
AC044810.2,0.3948932,1.9571885,0.6929217068988669,1.0
AC104041.1,0.39468437,1.321183,0.6930758270432898,1.0
AC112722.1,0.39456508,0.051278908,0.6931639014007936,1.0
ACBD4,0.39448676,0.42594647,0.693221702451531,1.0
ADAMTSL4,0.3944532,0.16907735,0.6932464748770297,1.0
CROT,0.3942966,0.34519973,0.6933620838649776,1.0
SLC5A12,0.39400202,1.2964483,0.6935795582077848,1.0
AC105053.1,0.3939908,1.0209593,0.6935878172247236,1.0
PHLDA1,0.39389014,1.3224409,0.6936621500151088,1.0
DDX20,0.39347625,0.19125943,0.6939677713391263,1.0
NKAPD1,0.3931742,0.22621365,0.6941908237234851,1.0
ERMARD,0.39307725,0.014811773,0.6942624264020624,1.0
HIGD1C,0.39298403,0.66340196,0.6943312777048143,1.0
AC108058.1,0.39250675,0.014165417,0.6946838358826485,1.0
TBC1D10C,0.3919847,2.1321502,0.6950695220212004,1.0
PLEKHH3,0.3919213,0.8872359,0.6951163607139957,1.0
LINC02323,0.39188403,0.87412345,0.6951439134298261,1.0
BRD3,0.3918691,0.059124485,0.695154934628895,1.0
HDHD5,0.39186165,-0.010052837,0.6951604452525862,1.0
SCN3B,0.3917647,1.6219877,0.6952320848259623,1.0
YBEY,0.39175725,0.22848101,0.6952375956750891,1.0
AL583856.2,0.39173114,1.8735989,0.6952568837738231,1.0
ALKBH1,0.391623,0.07384286,0.6953367937123189,1.0
GSTO2,0.391403,0.67367625,0.6954993795498379,1.0
ULK4,0.3908847,0.024623958,0.6958824760959852,1.0
GOLGA6L9,0.39042604,0.33497784,0.6962215399355873,1.0
DDX6,0.39019483,-0.000855826,0.6963924731852216,1.0
LZIC,0.39012772,0.023865895,0.6964421018560277,1.0
PIK3AP1,0.3900867,0.042608354,0.6964724311279469,1.0
AP004147.1,0.39002332,1.4621608,0.6965193045936023,1.0
HOXC4,0.38984433,1.3867165,0.6966516594576628,1.0
AC090844.2,0.38976976,1.6135315,0.6967068100436657,1.0
AC010336.6,0.3896355,0.25194526,0.6968060851381964,1.0
AP1G1,0.38957587,0.014902442,0.6968502090692958,1.0
ZNF701,0.3895572,0.21943927,0.6968639980080933,1.0
CTNNBIP1,0.38948265,0.11687543,0.6969191547647384,1.0
C19orf18,0.3891284,1.9089602,0.6971811712334912,1.0
TMEFF2,0.389065,0.40061057,0.6972280622019973,1.0
AP002748.4,0.38873687,0.4965096,0.6974708104055657,1.0
ZNF12,0.3884311,-0.046450116,0.6976970354675103,1.0
THUMPD1,0.38825956,0.043808226,0.6978239539754028,1.0
LINC01992,0.388226,0.7212445,0.6978487868461583,1.0
PCDHB3,0.38765177,0.2455653,0.6982737549703255,1.0
HLX,0.38753244,0.652182,0.6983620719113145,1.0
LINC00640,0.38728634,0.6596251,0.6985442384990659,1.0
GNB4,0.38688362,0.050064735,0.6988423667285548,1.0
NPHP1,0.38686872,0.53460723,0.6988534094071928,1.0
HCG25,0.38683143,0.014136253,0.6988810163825575,1.0
CKM,0.38682768,3.0490687,0.6988837771019965,1.0
SMPDL3A,0.38674194,0.53035825,0.698947274748094,1.0
IPO5,0.38662633,0.00014367106,0.6990328618643076,1.0
NPHP3-AS1,0.3863243,1.3045212,0.6992565107688345,1.0
ZNF768,0.38609684,0.5653989,0.6994249549500906,1.0
SNX3,0.38603345,0.038171247,0.6994719010466681,1.0
AC110813.1,0.3860185,0.21192886,0.6994829473540025,1.0
GSTM3,0.385888,0.39974338,0.6995796052559167,1.0
HINFP,0.38582462,0.08014977,0.6996265551362545,1.0
C5AR1,0.38539207,0.9315798,0.6999469496676833,1.0
JAK1,0.38536972,0.014156292,0.6999635232519146,1.0
AP005671.1,0.38536224,1.5464193,0.6999690478117468,1.0
GPKOW,0.38534734,0.20071104,0.6999800969790426,1.0
AC116362.1,0.3852653,0.86393046,0.7000408685342929,1.0
AC079209.2,0.38509378,0.670429,0.7001679425378671,1.0
BCDIN3D-AS1,0.38504156,0.61659807,0.7002066189008668,1.0
MPND,0.38501173,0.41555202,0.7002287200287796,1.0
AC079328.2,0.38458663,1.3593186,0.700543688674566,1.0
AC134043.2,0.3844524,1.0719316,0.7006431631584544,1.0
AL008727.1,0.38444495,1.8752275,0.7006486896692141,1.0
AC107959.1,0.38420257,0.56256664,0.7008283098930127,1.0
LINC00970,0.3840758,0.3301875,0.7009222717507559,1.0
XRRA1,0.38402358,-0.069696374,0.7009609632574348,1.0
AL157893.2,0.3838409,0.17117071,0.7010963896386846,1.0
HS6ST2-AS1,0.3838185,1.1973237,0.7011129731136851,1.0
AC105285.1,0.38376257,0.43894756,0.7011544324241998,1.0
LAP3,0.38369545,0.09524581,0.7012041847715162,1.0
RASSF3,0.38355374,0.006686418,0.7013092217122621,1.0
NUDT12,0.38303918,0.2808742,0.701690719651926,1.0
DNAJC12,0.3829907,0.138809,0.7017266617408064,1.0
UCP2,0.3827073,0.67289394,0.7019367980733149,1.0
CX3CL1,0.3826663,0.19426906,0.7019672144309785,1.0
CKMT2,0.38257307,-0.061406303,0.7020363442920317,1.0
USP18,0.38251713,0.32022902,0.7020778233921317,1.0
ZFYVE21,0.38240153,0.105631165,0.7021635496778276,1.0
AL592295.4,0.38228968,0.33749357,0.7022465142075751,1.0
AC005520.5,0.38215545,0.23506016,0.7023460763266344,1.0
AC096642.1,0.38190186,1.1079063,0.7025341520415979,1.0
DIRC3,0.38173407,0.29009253,0.7026586239270225,1.0
DPP3,0.38168186,0.16667198,0.7026973501398837,1.0
EIF3J,0.38165203,0.024514565,0.702719479750832,1.0
MAP3K14-AS1,0.38153273,0.33431837,0.7028080007139277,1.0
AL606760.2,0.3812978,0.342344,0.7029822881363531,1.0
AARS,0.38118967,0.03878938,0.7030625209278627,1.0
CD2BP2,0.38116357,0.12783521,0.703081887959282,1.0
SERINC1,0.38047746,0.08069665,0.7035910332791884,1.0
EDEM2,0.38041407,0.029380318,0.7036380805906344,1.0
TM4SF20,0.38032085,0.6628824,0.7037072698743243,1.0
SEC62-AS1,0.38026863,0.08723707,0.7037460169447302,1.0
MINDY1,0.3801717,0.65598744,0.703817977830426,1.0
AL445231.1,0.3799778,0.46859816,0.7039619075583308,1.0
LINC02092,0.37996286,2.1067157,0.7039729795151741,1.0
TRAPPC6A,0.3799517,0.24127328,0.7039812835239854,1.0
CCNB3,0.37992185,1.028461,0.704003427720033,1.0
AL158212.5,0.37986964,0.09986086,0.7040421806670032,1.0
AC079336.5,0.3797727,0.7965502,0.7041141524644869,1.0
PPP6R2,0.37976524,0.03695093,0.704119688866371,1.0
AC100763.1,0.37930286,0.12028436,0.7044629763959596,1.0
FCHO1,0.37926185,1.8595244,0.7044934322304788,1.0
EIF3M,0.37925065,-0.012253177,0.7045017384493948,1.0
RBMS2,0.3792283,0.010881397,0.7045183509929438,1.0
AL359378.1,0.37901574,3.3074303,0.7046761771855409,1.0
LINC02802,0.37881437,2.787368,0.7048257084649867,1.0
AC119396.1,0.37870252,0.3088483,0.7049087863269874,1.0
FAM91A1,0.37870252,-0.023753481,0.7049087863269874,1.0
IER5,0.3783408,0.092808284,0.7051774288304559,1.0
ZNF646,0.3782252,0.30614433,0.7052632914049368,1.0
ITIH2,0.37797537,0.46755815,0.7054488781796739,1.0
MUC6,0.37776285,0.8245836,0.7056067792336154,1.0
C1orf131,0.37762487,-0.008261986,0.7057092831954899,1.0
AC023403.1,0.37762114,0.83463156,0.7057120536469661,1.0
LYPLA1,0.37750927,0.040760413,0.7057951690050983,1.0
DUSP5,0.37696487,0.31934172,0.7061997138396859,1.0
TADA1,0.3769537,0.03387198,0.7062080272757195,1.0
DCAF4,0.37684926,0.11056802,0.70628562103574,1.0
ZNF711,0.37650248,-0.037751228,0.7065433650740349,1.0
CTSO,0.37638316,1.1253762,0.7066320589783729,1.0
TNNT3,0.37627876,6.777781,0.7067096694123782,1.0
AC007529.2,0.37624893,0.5254908,0.7067318443821649,1.0
AL590101.1,0.37594315,0.54666346,0.7069591521694893,1.0
AP1G2,0.37581265,0.9741081,0.7070561817440492,1.0
DNALI1,0.37567842,1.5432838,0.7071559885572136,1.0
AL353743.2,0.37563738,1.2628069,0.7071864860875,1.0
C19orf12,0.37559637,0.048189275,0.7072169840876859,1.0
VPS16,0.37552553,0.15986352,0.7072696635583026,1.0
AC005828.1,0.3753018,0.24340805,0.7074360289816932,1.0
PDRG1,0.3747872,0.20220397,0.7078187224589318,1.0
AC093525.7,0.3747462,0.34394997,0.7078492301889266,1.0
DHRS1,0.37470892,0.22002614,0.7078769648958558,1.0
EFHB,0.37452248,1.4241161,0.7080156442426652,1.0
HARS,0.37445536,-0.014318765,0.7080655711783519,1.0
FAM199X,0.37436587,0.11475247,0.7081321423778743,1.0
AC091059.1,0.37436214,0.6387146,0.7081349162262596,1.0
DVL2,0.37430993,0.5041661,0.7081737505102139,1.0
ERCC6,0.3739221,-0.07972668,0.7084622575129075,1.0
GPSM1,0.37388855,0.09653154,0.7084872264325878,1.0
LINC01828,0.3738177,1.0260049,0.708539939625195,1.0
PCYOX1,0.3734896,-0.03060556,0.7087841031419351,1.0
AC012443.2,0.37345976,0.67420954,0.7088063013095329,1.0
AL356019.2,0.37342992,2.449873,0.7088284997244337,1.0
CSNK1G3,0.3733255,0.0025412142,0.7089061961238492,1.0
GDPD3,0.3733106,1.0721853,0.7089172958567233,1.0
AC091826.2,0.37318382,1.5526774,0.709011646081291,1.0
SDF2,0.37312415,0.26660004,0.7090560477317085,1.0
AC016542.1,0.37309432,1.6455449,0.7090782489275929,1.0
DDX19A,0.3730831,-0.06792967,0.7090865744397543,1.0
ATP6V0D1,0.37299365,0.09574709,0.7091531797878547,1.0
AC010638.1,0.37294143,0.10830416,0.7091920339343567,1.0
VIPR1-AS1,0.37288177,0.8582059,0.7092364395994882,1.0
HTATSF1,0.37287432,0.25760907,0.7092419903770937,1.0
AKR7A2,0.37278855,0.24384871,0.7093058254289203,1.0
AC010320.2,0.37276617,0.04858727,0.7093224783868091,1.0
AL355334.2,0.37273633,0.16886827,0.7093446825467036,1.0
AC021097.1,0.3726394,0.2572621,0.7094168477713588,1.0
TOM1L1,0.37259465,0.035722088,0.7094501556775077,1.0
LY6G5B,0.3724306,0.070338,0.7095722894173655,1.0
C2CD3,0.37242684,0.025706526,0.7095750652709272,1.0
ZNF217,0.37237465,0.125818,0.7096139276255407,1.0
SMIM18,0.37232617,0.32096738,0.7096500147741374,1.0
AC005037.1,0.3721621,-0.022331152,0.7097721607249552,1.0
FAM151B,0.3720726,0.61808825,0.7098387889328922,1.0
FMO2,0.37199056,0.28088874,0.709899866739161,1.0
ASB13,0.37180412,0.07645716,0.7100386868664883,1.0
RYR2,0.37178177,0.21704555,0.71005534592854,1.0
AC068658.1,0.37161022,2.6195502,0.7101830700073212,1.0
SNX1,0.3716065,-0.018740324,0.7101858467081602,1.0
AP002961.1,0.3711404,0.087941915,0.7105329646019367,1.0
TRIM27,0.3710136,0.010615113,0.7106273910605485,1.0
AC105180.1,0.37086073,2.6240344,0.7107412641680431,1.0
HBG2,0.37077123,2.5007305,0.7108079245928902,1.0
AP001469.3,0.37060344,0.20857589,0.7109329188509135,1.0
MARC2,0.37056616,-0.041314848,0.710960696408426,1.0
UBE4A,0.37042445,0.14980668,0.7110662546272144,1.0
IKBKG,0.37029767,0.18749133,0.7111607061511284,1.0
TMEM35B,0.37018582,0.90370965,0.7112440494135546,1.0
IPMK,0.3700814,0.11555986,0.7113218395724386,1.0
NIPSNAP3B,0.3696414,0.3954509,0.7116497025448647,1.0
GALNTL6,0.36949223,0.751315,0.711760854641142,1.0
SYCE1L,0.36948106,0.7788214,0.71176919129534,1.0
PM20D2,0.36897767,-0.016553288,0.7121443763839086,1.0
BTBD17,0.36847055,1.2644516,0.71252241109134,1.0
TMEM253,0.36834374,0.55762345,0.7126169308099646,1.0
AC092844.1,0.36817223,0.38087264,0.7127448174549068,1.0
AC011477.9,0.36816478,0.526428,0.7127503779270506,1.0
CSTF2,0.36795968,0.03083183,0.712903296892925,1.0
AC008147.1,0.36793357,0.495368,0.7129227601347274,1.0
SLC25A34,0.36791867,1.1104392,0.7129338820711107,1.0
RDH11,0.3673668,0.022443773,0.7133454366058585,1.0
FAM104B,0.3668224,0.51178837,0.7137515113560274,1.0
AC004917.1,0.36680746,0.8872495,0.7137626378335532,1.0
PKD1,0.36671796,0.0019020021,0.7138293979769891,1.0
ATP13A4,0.36643457,1.055064,0.7140408195502095,1.0
ARFGAP2,0.36641967,0.10590277,0.7140519476097654,1.0
KIF1C,0.36634135,0.24357465,0.7141103709201863,1.0
SLC12A9,0.36582306,0.060791984,0.7144971198402302,1.0
AC009951.6,0.36581558,1.4225469,0.7145026851083147,1.0
AP001107.1,0.3657895,0.10096304,0.714522163666174,1.0
HPF1,0.36560306,0.1419402,0.7146613016301965,1.0
ZBTB7B,0.3655993,0.20054463,0.7146640844862331,1.0
AC074011.1,0.36556575,1.5442249,0.7146891303612786,1.0
SF3A3,0.36533457,0.091597,0.7148616769597289,1.0
AC104123.1,0.36517796,0.16060798,0.7149785716460312,1.0
GPRASP1,0.36483863,0.9301993,0.7152318663981557,1.0
VPS45,0.36476406,0.014272714,0.7152875397788275,1.0
DCAF10,0.36451796,0.028810415,0.7154712726790048,1.0
THBS3,0.3643464,0.35677022,0.7155993386910544,1.0
NPW,0.36376846,0.12082585,0.7160309243737697,1.0
STARD13,0.36369014,0.6772208,0.7160894042559423,1.0
HNRNPLL,0.36361185,0.0024140517,0.716147885803593,1.0
PCMTD2,0.36359692,0.0065001682,0.7161590253348068,1.0
BAIAP2L2,0.36335453,1.4598992,0.716340051182627,1.0
RUVBL1,0.3631569,0.025878336,0.7164876686743015,1.0
AC016394.2,0.36314946,0.58118165,0.7164932393531651,1.0
TPD52,0.36311963,0.007023315,0.7165155222194863,1.0
LINC01001,0.36307114,1.3209802,0.7165517323920539,1.0
AC046130.2,0.3630003,0.29366997,0.7166046560983286,1.0
CCNDBP1,0.3622993,0.4162306,0.7171283955717437,1.0
C5orf24,0.36226198,0.066015765,0.7171562577827602,1.0
TNFAIP3,0.36192265,0.29537785,0.7174098211949872,1.0
GNL2,0.36188537,-0.051448364,0.7174376872058092,1.0
ME2,0.36184436,0.03739675,0.7174683402520287,1.0
ASB8,0.36173624,0.03590451,0.717549155009076,1.0
CPEB4,0.36171386,-0.036851253,0.7175658756983563,1.0
AL359894.1,0.36169147,0.95494425,0.7175825965229523,1.0
OTUD5,0.36166537,0.023449149,0.7176021043226617,1.0
AL390242.1,0.36118808,-0.011806065,0.717958850834709,1.0
C22orf31,0.36116943,1.6267189,0.7179727874940056,1.0
FRMPD3,0.36115453,0.979682,0.7179839368890122,1.0
FAAH2,0.36102775,0.38049838,0.7180787091712497,1.0
AC015795.1,0.36068097,-0.024039304,0.7183379613942382,1.0
DTD2,0.36058402,0.16920222,0.7184104463118778,1.0
PTRH1,0.3605579,0.2778295,0.7184299619149943,1.0
MUC1,0.3604796,2.6469512,0.7184885098263031,1.0
ADCY7,0.36030436,-0.026517443,0.7186195516160181,1.0
BTBD7,0.3602447,0.0221123,0.718664163475157,1.0
ZBTB14,0.36014774,0.48514795,0.7187366597912316,1.0
ETFB,0.3600806,-0.057976995,0.7187868510314142,1.0
AL121917.1,0.36002842,0.96312386,0.7188258895013336,1.0
DOK3,0.3600023,0.8562777,0.7188454090114484,1.0
AC004160.1,0.35985687,0.5439206,0.7189541639252122,1.0
HMGCL,0.35980093,0.22026153,0.7189959942538078,1.0
AP002336.2,0.35965553,0.005690967,0.719104757047639,1.0
STAMBP,0.35955486,-0.011755547,0.7191800576990417,1.0
HOGA1,0.35937214,1.0347397,0.7193167213987781,1.0
USB1,0.35910738,-0.108579315,0.7195147602317042,1.0
TSPEAR,0.35831314,0.33748642,0.7201089896566053,1.0
ZNF780A,0.35824603,0.340106,0.7201592139827813,1.0
AL022311.1,0.35820127,0.18764175,0.7201926975378391,1.0
LINC00667,0.35814533,0.2448401,0.7202345527363669,1.0
SNX16,0.3580782,0.23626596,0.720284780081351,1.0
PMVK,0.35795888,-0.023623696,0.720374076119661,1.0
ATP6V1D,0.35794398,-0.06375536,0.7203852383926563,1.0
PHOX2A,0.35758975,3.466425,0.7206503598865914,1.0
B3GALT5-AS1,0.35738093,2.0928817,0.7208066577664338,1.0
BX890604.2,0.3571982,0.113574296,0.7209434279799913,1.0
LINC01562,0.3568887,1.2042165,0.7211751203387826,1.0
CRTC1,0.35678804,0.05468963,0.721250495660049,1.0
DTX3,0.35648972,0.21059102,0.7214738458392662,1.0
CCDC57,0.35636666,0.022438034,0.7215659847091547,1.0
AL035634.1,0.35617277,0.04388681,0.72171118143073,1.0
GBX1,0.35617277,0.87585485,0.72171118143073,1.0
CDK10,0.35613176,0.050382856,0.7217418974070071,1.0
TTLL9,0.35612056,0.52708143,0.72175027456932,1.0
ZNF627,0.3560982,0.12134575,0.721767028994063,1.0
ENTPD1,0.356046,-0.055295996,0.7218061231708871,1.0
LINC01278,0.355826,0.04156807,0.721970885184583,1.0
METAP1,0.35534498,0.026717912,0.7223311724756091,1.0
AC092040.1,0.3553114,0.28985757,0.722356311097418,1.0
AC105219.1,0.35530022,0.68096393,0.7223646907046354,1.0
TMEM14A,0.355248,0.4421583,0.7224037959786744,1.0
ANXA2,0.35497954,0.48810902,0.7226049202701998,1.0
AC010551.3,0.35489005,1.2589667,0.7226719659610831,1.0
AC024257.3,0.35487887,2.274751,0.722680346822177,1.0
TRAP1,0.354767,0.0245662,0.7227641572628714,1.0
AC020928.2,0.3547446,2.0565953,0.7227809197501821,1.0
MTRES1,0.3547297,0.14019524,0.7227920948156342,1.0
DMAC2L,0.35466632,0.083279334,0.7228395895034126,1.0
TMEM42,0.35429344,0.6410671,0.7231189916291132,1.0
AL359644.1,0.35400257,0.24888802,0.7233369509149348,1.0
AL157896.1,0.35386834,0.95538205,0.7234375550787837,1.0
COG2,0.35386088,-0.00039928313,0.7234431443391401,1.0
SEC22B,0.35384223,0.075287946,0.7234571175545619,1.0
AP000462.3,0.35376394,0.07513188,0.7235158060659268,1.0
AHRR,0.35372666,0.268711,0.7235437535475466,1.0
NORAD,0.35359988,0.055916112,0.7236387777421911,1.0
POLDIP3,0.35338733,0.038254276,0.7237980925663873,1.0
PTPMT1,0.35323444,0.6579924,0.7239126948398246,1.0
AC137932.2,0.35322323,0.2782396,0.7239210806150542,1.0
NPR2,0.35314122,0.40340063,0.7239825773124781,1.0
C8orf37,0.35303307,0.31848457,0.7240636438629002,1.0
AC064856.1,0.35302562,0.1264694,0.7240692347735693,1.0
AC008969.1,0.35294357,0.4681825,0.7241307357623599,1.0
VIPAS39,0.35292494,0.021798242,0.7241447135081673,1.0
MYH1,0.35269,0.30861938,0.7243208409842888,1.0
SLC1A4,0.35261917,0.028125996,0.7243739616591849,1.0
NAPA,0.35259306,-0.044476546,0.7243935327686915,1.0
TMEM134,0.3525334,0.15265767,0.7244382674096325,1.0
TH2LCRR,0.35252222,0.16352868,0.724446655259562,1.0
FUT9,0.3525185,1.6904209,0.7244494512168891,1.0
MIIP,0.35248122,0.08860623,0.724477410992294,1.0
FMO4,0.3524775,0.47807,0.7244802069900472,1.0
AC008869.1,0.3524439,2.4533658,0.7245053711351912,1.0
AC104781.1,0.3523619,3.686601,0.7245668847429692,1.0
AC004947.1,0.3523619,3.9917257,0.7245668847429692,1.0
COPS2,0.35184357,-0.022311999,0.7249555799946765,1.0
AC105105.1,0.35163102,1.1607074,0.7251149935123398,1.0
NMRK1,0.3515005,-0.037563145,0.7252128849101627,1.0
C9orf43,0.35135883,0.7893543,0.725319172083869,1.0
GLIDR,0.350971,0.3624535,0.725610090350475,1.0
SMO,0.3509524,0.1577247,0.7256240778035622,1.0
AC016747.2,0.3508144,0.38551706,0.7257275878006824,1.0
AL157823.2,0.35064662,0.6953016,0.7258534850896758,1.0
IGF1,0.35057202,-0.059349008,0.7259094418183234,1.0
AC099753.1,0.3505049,0.6467416,0.7259598041249687,1.0
UBXN6,0.35046762,0.11190636,0.7259877836961887,1.0
PMS1,0.35038558,0.026749931,0.7260493400399175,1.0
L3MBTL2,0.35036695,0.29783213,0.726063330364815,1.0
ZKSCAN3,0.3503483,0.482442,0.726077320781102,1.0
NAA10,0.350311,-0.016950117,0.7261053018878286,1.0
AL096678.1,0.34964356,2.2832541,0.7266062254932284,1.0
PPP1R7,0.34948695,0.14171898,0.7267237775829678,1.0
BIVM,0.34942728,0.17104855,0.7267685610240332,1.0
DOCK2,0.34938997,1.331769,0.7267965511488164,1.0
AC093298.2,0.34905812,0.9448158,0.7270456793207216,1.0
PIGM,0.34888285,0.24955817,0.7271772530355204,1.0
ZNF596,0.34871507,0.14370005,0.727303235407821,1.0
AL109615.2,0.34868523,0.18166958,0.7273256330458746,1.0
ANKRD53,0.34833845,-0.074487194,0.7275860226798287,1.0
EDF1,0.3480103,-0.09235803,0.7278324418366577,1.0
RFESD,0.34784624,0.20210612,0.7279556619696481,1.0
LATS2,0.34782013,-0.03985778,0.7279752658210983,1.0
RPS10-NUDT3,0.3476188,0.0904071,0.7281265015137157,1.0
PHF2,0.34760386,0.00030960242,0.7281377045788058,1.0
MYH4,0.3475069,0.5687117,0.7282105259175966,1.0
LINC00951,0.34723097,1.0488904,0.7284178000777295,1.0
AF131216.1,0.3470893,0.40643087,0.7285242458787469,1.0
ERBB2,0.34707436,-0.016505744,0.7285354510044841,1.0
LINC00626,0.3469774,2.280739,0.7286082857355853,1.0
DHX58,0.3468208,1.4444824,0.7287259470152098,1.0
AC092598.1,0.3465747,0.77704376,0.7289108562234061,1.0
AC104237.3,0.34656724,1.4217386,0.72891645977901,1.0
USP25,0.34650758,0.02132831,0.728961288745205,1.0
AC005332.6,0.34619436,0.35169944,0.7291966560192662,1.0
AC012354.1,0.3458513,0.9142715,0.7294544685091975,1.0
SOX9,0.34573942,0.72410756,0.7295385444145939,1.0
EID1,0.3457208,0.091053255,0.7295525573816669,1.0
TMC6,0.3453852,0.11336347,0.7298048062302043,1.0
CALHM2,0.3451279,0.31493375,0.72999821681732,1.0
ARNT2,0.34506825,-0.012642906,0.7300430681026255,1.0
THAP11,0.34487808,0.2987741,0.7301860377363228,1.0
PKDREJ,0.34487808,2.8015783,0.7301860377363228,1.0
TUBB3,0.34483704,1.0247416,0.7302168755535112,1.0
TMEM135,0.34474382,0.024210196,0.730286963123763,1.0
TYSND1,0.34471026,0.2868956,0.7303121952004875,1.0
GIPC1,0.34454247,0.17221458,0.7304383599620453,1.0
AC106779.1,0.3445052,0.5833763,0.7304663975664141,1.0
AC104129.1,0.34444925,0.66848063,0.7305084546482865,1.0
AP005131.1,0.34441197,3.596633,0.730536493153031,1.0
AC090607.3,0.3443896,3.35339,0.7305533164287232,1.0
AC002451.1,0.34427026,1.7729154,0.7306430427547911,1.0
AL596202.1,0.34406146,0.2672572,0.7308000726941383,1.0
AF127577.3,0.34393093,0.6480968,0.7308982221359058,1.0
MDH2,0.34392348,0.015173451,0.7309038308085187,1.0
SPTLC2,0.34383026,0.024993334,0.7309739404298762,1.0
GRPEL1,0.34362143,0.22875938,0.7311309941355963,1.0
ATP1B3,0.34353197,0.021730624,0.7311983063168415,1.0
FAM71D,0.34328586,0.18939318,0.7313834254844193,1.0
PCDH15,0.34305093,0.33353767,0.7315601447345924,1.0
USP12-AS1,0.34271908,-0.004189387,0.7318098200083931,1.0
AC113143.3,0.34261465,0.66613007,0.7318883754065825,1.0
PRSS3,0.3426072,0.74531585,0.7318939866139917,1.0
FAM32A,0.34259227,0.19645374,0.7319052090718212,1.0
PSMD7,0.34253263,-0.017274141,0.7319500994765756,1.0
TMEM185A,0.34252143,0.19136873,0.731958516529603,1.0
GSN,0.3422455,0.050813623,0.7321661473779071,1.0
ORMDL3,0.34212616,0.5351654,0.7322559397647355,1.0
RALBP1,0.34195837,-0.06591881,0.7323822165104782,1.0
WDR91,0.34190992,0.42629898,0.7324186978083915,1.0
DNAJB13,0.34186143,1.5265492,0.7324551797109551,1.0
C9orf135,0.34168988,2.2456212,0.7325842743739975,1.0
PROSER1,0.3416265,-0.03488779,0.7326319851862175,1.0
TMEM183A,0.34153703,-0.08916385,0.7326993433859548,1.0
ACOT12,0.34133938,1.065278,0.7328481000365238,1.0
AC080013.3,0.3413021,1.3057228,0.7328761684545897,1.0
CDH17,0.34119022,1.5094783,0.7329603758519664,1.0
OCLN,0.34104854,1.1347606,0.7330670431691306,1.0
AL450992.2,0.34062716,0.09713706,0.7333842685347782,1.0
AC025211.1,0.34056377,0.19872324,0.7334319966464279,1.0
C1orf56,0.34032142,0.2187932,0.7336144959853139,1.0
ZBTB41,0.34031394,-0.020686775,0.7336201115883649,1.0
PIWIL4,0.34018344,0.67340636,0.7337183869485902,1.0
ZNF497,0.3401536,0.43785328,0.7337408505007608,1.0
ZNF576,0.34010887,0.30365372,0.7337745462563994,1.0
KCTD15,0.3399336,-0.041232098,0.733906526236298,1.0
C16orf89,0.3399075,0.35460272,0.7339261835018873,1.0
YY2,0.33987394,0.5580177,0.7339514573853405,1.0
MAP7D1,0.3396353,0.23075767,0.7341311910910795,1.0
CCDC15-DT,0.3395346,0.5584884,0.7342070206182005,1.0
DNAJA4,0.33940783,0.5126292,0.7343025133396697,1.0
AC131391.1,0.3392997,2.4751983,0.7343839662610986,1.0
AL135978.2,0.33921766,0.044879284,0.7344457601261747,1.0
TDRD7,0.3391431,0.7065598,0.7345019378593796,1.0
BACH1-AS1,0.33907226,0.05697047,0.7345553080220208,1.0
CPEB2-DT,0.3389641,0.63689077,0.7346367702157454,1.0
CCDC60,0.33872172,0.35415533,0.7348193687369886,1.0
GLRB,0.3386546,-0.03297757,0.7348699371323173,1.0
KLF10,0.33859494,0.2071436,0.7349148877820285,1.0
AC023983.1,0.33854276,0.038351487,0.7349542203454266,1.0
ZCWPW1,0.3384197,0.42424017,0.7350469355665427,1.0
CCDC107,0.33800206,0.36744806,0.7353616341899538,1.0
NFYC-AS1,0.33786038,0.7533116,0.7354684170332408,1.0
AL442163.1,0.33778578,0.048017282,0.7355246205832067,1.0
PIK3R2,0.3375434,0.06741578,0.7357072918973488,1.0
TRPC4AP,0.337178,0.014919318,0.7359827322824102,1.0
AC093110.1,0.33696917,0.19857012,0.7361401420287343,1.0
B9D1,0.33691323,0.061814778,0.7361823072347013,1.0
AC127024.6,0.33673427,0.56855315,0.7363172412328649,1.0
AL009178.3,0.33650678,1.6306235,0.736488731590012,1.0
TNNI2,0.33646205,3.234673,0.7365224689433709,1.0
PARM1,0.33605188,1.6068687,0.7368317516765306,1.0
C5orf51,0.33589152,0.21685264,0.7369526647016973,1.0
SGCB,0.33573118,0.053052176,0.7370735842390649,1.0
TMEM44-AS1,0.33570135,0.41983,0.7370960816154486,1.0
NEU3,0.33564544,0.13677266,0.737138264803396,1.0
FITM2,0.3356305,0.09542022,0.7371495137872696,1.0
PCNP,0.33548883,0.03149463,0.7372563819423827,1.0
COMMD7,0.33504507,0.24354365,0.7375910808642001,1.0
FAM76B,0.33495933,0.22209337,0.7376557763121743,1.0
AC009318.1,0.33457524,0.10073091,0.7379455221973032,1.0
UBP1,0.33420983,0.0018505242,0.7382212373163859,1.0
PWP1,0.3340271,0.0038915721,0.7383591075061042,1.0
AC006296.3,0.33388913,3.3098555,0.7384632191438487,1.0
LRSAM1,0.33378473,0.043769296,0.7385420095173257,1.0
MAF,0.33375117,1.3945711,0.7385673355776996,1.0
AC087623.3,0.3336654,2.4485047,0.7386320590206932,1.0
AC099684.1,0.3335983,1.6066558,0.7386827134419859,1.0
BZW1,0.33340812,0.021124328,0.7388262404610402,1.0
DERL1,0.3330837,0.1103581,0.7390711016712797,1.0
MED31,0.33289352,0.3048994,0.7392146533047936,1.0
PLLP,0.33252436,0.35041013,0.7394933382974778,1.0
AC025423.4,0.3323603,0.20380858,0.7396172092777613,1.0
ZNF562,0.33235657,0.019266069,0.7396200246058292,1.0
ZSWIM4,0.33227453,0.5995324,0.7396819627059943,1.0
AC007193.2,0.33223352,0.6587642,0.7397129323892262,1.0
MTRF1,0.3320508,0.007142572,0.7398508933774832,1.0
FAM8A1,0.33158842,0.26251432,0.7402000565274217,1.0
ZNF784,0.33150268,0.82303506,0.7402648265481877,1.0
ZSCAN5A,0.33139825,0.018163193,0.7403436794937055,1.0
AC079322.1,0.33127895,2.134834,0.7404338004865878,1.0
AC005261.1,0.33110368,0.08217571,0.7405661721533157,1.0
LINC00893,0.33095825,0.93786275,0.740676018304199,1.0
TMEM132D,0.3306898,0.4408591,0.7408788250866889,1.0
GLYR1,0.33057046,-0.004471751,0.7409689672151163,1.0
AC007686.2,0.33050334,0.93017244,0.7410196737249963,1.0
AC069360.1,0.33049962,1.1370984,0.7410224907863064,1.0
RPUSD3,0.33045486,0.42911577,0.7410562957928106,1.0
ILF2,0.33034673,0.015832221,0.7411379932887587,1.0
DGAT2L6,0.3302796,0.96074694,0.7411887035473281,1.0
ZNF234,0.33011553,0.042889517,0.7413126666893513,1.0
CA10,0.33000368,0.8884679,0.741397190863243,1.0
CDK20,0.32968298,0.6228223,0.7416395107855347,1.0
SMIM10L1,0.32965314,0.11857705,0.7416620534764835,1.0
AP001020.1,0.32957858,0.7928503,0.7417184111736757,1.0
OSMR,0.32946298,0.056544736,0.7418057683417905,1.0
SUMO4,0.3291908,0.64314765,0.7420114935227358,1.0
PCYT1B,0.3290938,1.9071572,0.7420847699580085,1.0
USPL1,0.32899314,0.0071154824,0.7421608671922937,1.0
SOGA3,0.32890737,0.5047864,0.7422256927503869,1.0
AL353784.1,0.32884774,0.95804095,0.742270789869345,1.0
GNS,0.32876197,0.052022483,0.7423356185279326,1.0
IFT81,0.32872093,-0.0050643305,0.7423666241847535,1.0
KIAA1257,0.32866874,-0.0310478,0.7424060865344255,1.0
MHENCR,0.32855687,0.17431125,0.7424906509921794,1.0
AL356417.3,0.32852703,2.9595718,0.7425132020392194,1.0
LINC02241,0.32845992,0.4455051,0.7425639427030881,1.0
APOM,0.32838163,0.60967785,0.7426231415580938,1.0
AP000266.1,0.32830703,1.304998,0.7426795228352738,1.0
STPG4,0.32822502,0.05350988,0.7427415438346001,1.0
LINC02257,0.3278633,0.95439184,0.7430150199678218,1.0
FREM2,0.32782602,0.0937118,0.7430432152283077,1.0
PPT1,0.32777753,-0.005597006,0.743079869582209,1.0
SCAMP2,0.32745686,-0.053704984,0.7433223668979381,1.0
ARMC5,0.3274382,0.38084123,0.7433364663626256,1.0
PCYOX1L,0.32742703,0.21931712,0.7433449260827547,1.0
WDR54,0.32736364,0.33040842,0.7433928650820858,1.0
ASIP,0.32725176,0.016085701,0.7434774657429237,1.0
MRPL4,0.32694975,0.044474393,0.7437059029947116,1.0
YIPF7,0.3266477,0.31153706,0.7439343628060204,1.0
Z93403.1,0.3266477,0.16812868,0.7439343628060204,1.0
EIF3C,0.32645008,0.09227083,0.7440838610563361,1.0
GRIN2A,0.32642397,0.45793423,0.7441036068294613,1.0
BCKDHA,0.32639787,0.10461832,0.7441233527708273,1.0
AC008280.3,0.32625243,2.41196,0.7442333689520074,1.0
AL135923.2,0.3259616,2.0978765,0.7444534169719361,1.0
PARTICL,0.32573786,0.82265633,0.7446226988770891,1.0
AC079600.3,0.3257304,1.9188546,0.7446283418197792,1.0
CRYM,0.3255365,1.4142162,0.7447750631403638,1.0
Z83745.1,0.3255216,0.76102805,0.7447863497794722,1.0
AC027808.2,0.3254097,1.1037685,0.7448710013193827,1.0
TSSK3,0.32533514,0.23519327,0.7449274373913568,1.0
AC003092.1,0.32531276,1.3318183,0.7449443684799754,1.0
AL050403.2,0.32518226,0.13138093,0.7450431356193701,1.0
AL136146.2,0.32513377,1.1445912,0.7450798216245448,1.0
AC108063.1,0.32512632,0.7291292,0.745085465676663,1.0
AL603839.3,0.32503682,-0.011941829,0.7451531953694439,1.0
GTF2A2,0.32502192,0.15479842,0.7451644838431318,1.0
CARD8,0.32494733,0.093549885,0.7452209270323993,1.0
PGM2L1,0.32489514,0.46601874,0.745260438078768,1.0
CEL,0.32487276,1.0473138,0.7452773715895067,1.0
SLC7A7,0.32432088,0.4272542,0.7456951037972193,1.0
SLC41A3,0.32413444,0.23066583,0.7458362464465692,1.0
GON7,0.3237392,0.6892306,0.7461354970677332,1.0
TFAP2E,0.32334766,0.08478829,0.7464319623245276,1.0
SCN7A,0.3231575,1.691476,0.7465759732807098,1.0
AKR1C3,0.323109,1.8106396,0.7466126833715392,1.0
LCAT,0.32301953,0.38407192,0.7466804573574715,1.0
SERPINF2,0.32287782,0.7794676,0.7467877701752295,1.0
ZNF117,0.32286665,0.3343691,0.7467962424489207,1.0
AL008729.1,0.32277715,1.2920773,0.7468640217399687,1.0
CALCR,0.3227175,0.19303198,0.7469092090217587,1.0
TBC1D17,0.32262054,0.20620723,0.746982640210232,1.0
SNPH,0.3225907,0.3610088,0.7470052348841821,1.0
TBCCD1,0.32250866,0.076753,0.7470673713586298,1.0
AL353626.1,0.32240054,0.8447675,0.7471492810412301,1.0
MIF4GD,0.32224393,0.59644824,0.7472679139200165,1.0
NDST2,0.32212088,0.062373333,0.7473611296679864,1.0
PDIA4,0.32198662,0.025819432,0.7474628237888711,1.0
PTPRU,0.3217256,0.16952205,0.7476605749389451,1.0
HYPK,0.32166222,0.15601486,0.7477086027250404,1.0
AC026347.1,0.32160628,0.21251258,0.7477509809966356,1.0
KHDC1,0.32155034,-0.020044459,0.7477933600305526,1.0
AC109454.2,0.32151678,0.34907144,0.7478187878167681,1.0
GCC2-AS1,0.32149816,0.19359873,0.747832914483221,1.0
AC073343.2,0.32145712,0.035435766,0.747863993447474,1.0
AL392086.3,0.32136017,0.6029644,0.7479374544464388,1.0
AC016074.2,0.32122967,0.51285505,0.7480363478669372,1.0
AC078962.3,0.3211551,0.1311302,0.74809286025453,1.0
AC073896.3,0.32089406,0.029953452,0.7482906642683351,1.0
WDTC1,0.32089034,-0.043064192,0.7482934901600282,1.0
HHLA3,0.320868,1.1414973,0.7483104455811938,1.0
PGLYRP1,0.32083067,0.25118443,0.7483387048869556,1.0
AF123462.1,0.3207785,2.3209546,0.7483782684829834,1.0
COASY,0.3207412,0.0223736,0.7484065286000705,1.0
PCA3,0.32068154,1.4562606,0.7484517454904193,1.0
KRT80,0.32064423,2.0913832,0.7484800064862129,1.0
ZNF610,0.32053983,1.2555459,0.7485591390719544,1.0
GPC5-AS1,0.32053983,2.6876476,0.7485591390719544,1.0
MSL3,0.32052118,0.15352654,0.7485732701695456,1.0
MYO18B,0.32032728,1.0542415,0.7487202385896388,1.0
BMPR1B-DT,0.32030118,1.2955933,0.7487400234972911,1.0
CYP2R1,0.32026017,0.16360268,0.7487711144006548,1.0
LINC02131,0.32016695,0.9609058,0.7488417770635074,1.0
AC011511.2,0.32016322,0.020609409,0.7488446036138936,1.0
PUF60,0.31999168,-0.014643095,0.7489746285788741,1.0
CBFA2T3,0.319809,0.9316945,0.7491131412830652,1.0
BLOC1S5,0.3195405,0.04895418,0.7493166848378873,1.0
USP35,0.31952184,0.33747134,0.7493308204555726,1.0
ZNF883,0.31945473,0.411816,0.7493817093764645,1.0
AC004834.1,0.31902218,0.15756531,0.7497096863652026,1.0
GFER,0.31882083,0.30280784,0.7498623807507725,1.0
PGLS,0.31879473,0.21753804,0.7498821751852722,1.0
ZNF706,0.31860456,0.029195346,0.7500263967503814,1.0
TRIM61,0.3185039,0.6063763,0.7501027528817376,1.0
IL18BP,0.31843677,0.19416387,0.7501536583296439,1.0
AL162171.3,0.3181571,0.3041249,0.7503657760716587,1.0
RICTOR,0.31807134,0.01990048,0.7504308292948381,1.0
AC090164.5,0.31804895,2.9791403,0.7504477999927566,1.0
DVL3,0.31800795,0.010615277,0.7504789132525748,1.0
BIRC6-AS1,0.31789607,0.13856836,0.7505637696601347,1.0
TAC4,0.31784013,0.3757889,0.7506061989956072,1.0
ZNF564,0.31756046,0.10658613,0.7508183569851216,1.0
TRAPPC2,0.31755674,0.14846896,0.7508211858856408,1.0
UBA1,0.31722116,0.10785707,0.7510758006453746,1.0
AC012254.3,0.3171354,0.67222035,0.7511408732116646,1.0
EME2,0.31702724,0.2529093,0.7512229237526882,1.0
ABCC4,0.31693777,0.011524717,0.7512908297760028,1.0
SFTPB,0.31686318,0.18452838,0.7513474196000998,1.0
AC022558.1,0.31681097,0.68946886,0.7513870332726633,1.0
BORCS5,0.3166208,0.012155357,0.7515313457625045,1.0
IGFBP5,0.31653506,1.0371832,0.7515964307091421,1.0
SLC9A3-AS1,0.31646046,0.47358117,0.7516530277511603,1.0
PICK1,0.31645674,0.01674225,0.751655857638327,1.0
N4BP2L2-IT2,0.3163113,0.145549,0.7517662258421509,1.0
GTPBP8,0.31617707,0.041619908,0.75186810869042,1.0
CFD,0.31616962,0.4086055,0.751873768975466,1.0
ART3,0.31605402,0.57322276,0.751961505100176,1.0
MRPL23,0.3160354,0.34463605,0.7519756563882555,1.0
U95743.1,0.31577063,0.19718182,0.7521766136755941,1.0
SNAPC1,0.31572217,0.030775037,0.7522134104919564,1.0
COPB2,0.31537163,0.07515383,0.7524794965330832,1.0
AC005899.1,0.31524485,2.5745673,0.752575747665789,1.0
AC018690.1,0.3150957,0.8589323,0.7526889892175623,1.0
AC006427.2,0.3150435,1.6951034,0.7527286250181769,1.0
AC005726.1,0.31480858,0.13106522,0.7529069941865085,1.0
AC025031.1,0.31477502,0.9789344,0.7529324765733447,1.0
Z97832.2,0.31475264,1.1121433,0.7529494649807879,1.0
GHDC,0.3147079,0.5745674,0.7529834421545647,1.0
AC063960.2,0.31451774,0.005238811,0.7531278504803063,1.0
CIAO2A,0.31448418,0.057968467,0.7531533351992729,1.0
AC015712.2,0.314294,0.23422973,0.7532977536864771,1.0
EAF1,0.31409264,0.111690044,0.7534506767874238,1.0
ZNF598,0.314074,0.04520381,0.7534648368231293,1.0
AC009236.2,0.31402552,0.54942966,0.7535016533040033,1.0
AL591926.2,0.31383163,0.2525357,0.7536489248311231,1.0
REPIN1,0.31361163,0.25291097,0.7538160322241392,1.0
SMIM12,0.31302246,0.24506587,0.754263596920203,1.0
ARRDC1,0.313015,0.29661682,0.7542692628254639,1.0
STX8,0.31297025,0.013461664,0.7543032585347739,1.0
AC139768.1,0.3129367,0.19894546,0.7543287556291922,1.0
ZNF736,0.31290686,-0.0072515947,0.7543514199379179,1.0
TIMM17B,0.31288823,0.31835186,0.7543655852383032,1.0
MLLT11,0.3126943,0.1072258,0.7545129092600636,1.0
TMEM129,0.31268314,0.11614869,0.754521408995447,1.0
KRTAP3-1,0.31267568,6.387284,0.7545270755022198,1.0
SERPINB9P1,0.31267196,1.594745,0.7545299087605613,1.0
CRAT,0.31267196,1.5837841,0.7545299087605613,1.0
PLA1A,0.3125228,2.3974733,0.7546432418025639,1.0
PAK5,0.31241092,0.19089667,0.7547282450511849,1.0
AC005323.2,0.3123848,-0.0030900296,0.754748079570023,1.0
AC022210.2,0.3123848,-0.03082052,0.754748079570023,1.0
C5orf64,0.3123289,1.3222288,0.754790582654971,1.0
LRRC17,0.3123289,1.3608258,0.754790582654971,1.0
SERPINE3,0.31210515,0.17691296,0.7549606024186781,1.0
AC024270.5,0.3120082,0.2890266,0.7550342813371401,1.0
NIBAN1,0.31198585,1.1398113,0.7550512844810116,1.0
AP003059.2,0.31191126,0.7637364,0.7551079624843692,1.0
U73166.1,0.31187397,1.2302649,0.755136301980476,1.0
RASGEF1C,0.31177703,0.27307585,0.755209986212658,1.0
GFM2,0.31162786,-0.014195944,0.7553233509187613,1.0
AC104806.2,0.31153092,0.021588268,0.7553970408035775,1.0
MRPS16,0.31143025,0.025005242,0.7554735672704642,1.0
AC024560.5,0.31124008,0.51268065,0.7556181238096564,1.0
GTF2H3,0.31111702,-0.04921005,0.7557116649536088,1.0
C2CD2,0.31104243,-0.0061340365,0.7557683582989846,1.0
XACT,0.31085226,1.3672673,0.7559129322815462,1.0
LINC01885,0.31065837,0.18756434,0.7560603498478501,1.0
ATXN7L3B,0.31034142,0.06561465,0.7563013399891346,1.0
ZDHHC8,0.31031904,0.07543805,0.7563183519539224,1.0
AC007365.1,0.3102482,0.49953493,0.7563722239549195,1.0
OTUD6B,0.31018853,-0.008569141,0.7564175907689594,1.0
UNC5CL,0.31009158,1.0205197,0.756491313632382,1.0
LINC02641,0.3100543,1.5583999,0.7565196691700513,1.0
AL512785.1,0.31000954,1.8392268,0.7565536962479917,1.0
AC010680.2,0.3100021,5.354354,0.7565593674735409,1.0
IFT52,0.3099126,-0.08042685,0.7566274232027349,1.0
AL035420.1,0.30968142,1.5749098,0.756803242571719,1.0
ZNF436-AS1,0.30959192,0.11211902,0.7568713050623253,1.0
AL354733.2,0.3094987,0.7876274,0.7569422054953072,1.0
AC009509.1,0.30941293,1.2096623,0.7570074357003741,1.0
CELF2-DT,0.30935326,0.86450917,0.7570528142552879,1.0
SGTB,0.30893192,-0.0954561,0.7573733241362759,1.0
AC113137.1,0.3089207,0.8784634,0.7573818338169513,1.0
AC100793.3,0.30844715,0.5642685,0.757742103926565,1.0
AC093151.2,0.30843598,0.6164753,0.757750614880681,1.0
AL451123.1,0.30841732,-0.02150099,0.7577647998694641,1.0
ABHD5,0.3083092,0.11114361,0.7578470744127672,1.0
IL17B,0.30814886,0.72188264,0.7579690727498818,1.0
TIMM8A,0.30813393,0.02965273,0.7579804217388979,1.0
SLC16A7,0.30792138,0.3207838,0.7581421504987352,1.0
LINC01362,0.30789527,-0.06225467,0.7581620126552919,1.0
TOX4,0.30779833,-0.07530032,0.7582357877770938,1.0
LINC01293,0.30774987,0.3878645,0.7582726761636208,1.0
AL162595.1,0.30774614,0.15579095,0.7582755137546102,1.0
RAMAC,0.3076007,1.1069007,0.7583861823427217,1.0
AL355488.1,0.30758205,0.117780104,0.758400370981328,1.0
MRPS30-DT,0.30745527,0.057639524,0.758496855881475,1.0
ITGB1BP2,0.30726138,0.6144283,0.7586444282971484,1.0
BUD13,0.307239,-0.055438712,0.7586614564494475,1.0
C9orf57,0.3070451,1.6312019,0.7588090386716488,1.0
TMC2,0.30695188,0.6710468,0.7588799947910795,1.0
CLN3,0.3069407,0.020192184,0.7588885096618652,1.0
IFT88,0.30691832,0.017795378,0.7589055394911459,1.0
AC013564.1,0.30684003,1.25783,0.7589651448144769,1.0
UHMK1,0.30680647,0.024870178,0.7589906903914884,1.0
ELMO2,0.30678037,0.027193885,0.7590105593554557,1.0
FASTK,0.30675426,0.19404982,0.759030428478526,1.0
AL022476.1,0.30653426,0.75324035,0.7591979031217567,1.0
NID1,0.30623966,0.5650792,0.7594221665157096,1.0
NKIRAS2,0.30612037,0.13248788,0.7595130131425998,1.0
AL136439.1,0.30596372,0.56921786,0.7596322543762049,1.0
EIF4G2,0.30588916,0.008060475,0.7596890379244617,1.0
DYNLT1,0.30572137,-0.02189002,0.759816805643835,1.0
CYP4V2,0.30572137,0.28166163,0.759816805643835,1.0
MRPL16,0.30566916,0.014288641,0.7598565569379405,1.0
FO704657.1,0.3055722,0.6451187,0.7599303824526719,1.0
OPA3,0.30556476,-0.027510028,0.7599360614290198,1.0
COL6A6,0.30535594,0.26757106,0.7600950780199014,1.0
AC079089.1,0.30534476,0.15697992,0.7601035970520473,1.0
FUT11,0.3052627,0.33987996,0.760166070843524,1.0
UNC45A,0.3052217,0.15574716,0.7601973083259733,1.0
APBB3,0.305121,0.48266533,0.76027398380447,1.0
STEAP1,0.3048861,0.25560886,0.7604529024131745,1.0
AC073548.2,0.3048861,0.28357887,0.7604529024131745,1.0
TMEM132B,0.304819,0.80903417,0.760504024369862,1.0
NHP2,0.30470338,-0.032414008,0.7605920701913926,1.0
IRX6,0.30464,2.6537716,0.7606403547005549,1.0
AC010463.3,0.30417016,1.2848791,0.7609982571768026,1.0
AC004672.1,0.3040732,0.26005265,0.7610721164376388,1.0
AC008277.1,0.3040732,0.105919085,0.7610721164376388,1.0
AC035140.1,0.30405828,0.89714396,0.7610834795941206,1.0
LRWD1,0.30383456,0.16700101,0.76125393312412,1.0
SNX12,0.30376372,-0.011779839,0.761307912491298,1.0
AP002892.1,0.303581,0.21180944,0.7614471277988734,1.0
AC073073.2,0.3035288,0.31572992,0.761486905019599,1.0
SMAD4,0.30352506,-0.011874077,0.7614897462737703,1.0
ICAM1,0.30350643,0.77739817,0.7615039525928622,1.0
NFATC2,0.30336472,0.69175434,0.7616119232447471,1.0
TMEM167B,0.30320066,0.41958973,0.7617369476925742,1.0
GMPPA,0.30315965,0.37574172,0.7617682047764665,1.0
C11orf87,0.30297694,0.41191015,0.761907445598737,1.0
NFKBIL1,0.30266,0.2813386,0.7621490040817649,1.0
PDCD4-AS1,0.3025705,2.1668663,0.762217213026163,1.0
POLR2M,0.30243623,0.22793286,0.7623195299056789,1.0
TMEM254-AS1,0.3023281,0.87143755,0.7624019548574342,1.0
CRX,0.30231318,-0.06606635,0.762413324027795,1.0
AL592078.2,0.302302,1.9096133,0.7624218509392087,1.0
AL390195.2,0.302302,1.0166429,0.7624218509392087,1.0
ATP6V1E1,0.30217522,-0.008730301,0.7625184912836223,1.0
AC026979.2,0.30211556,1.1478195,0.762563970373942,1.0
AC079174.2,0.30176878,1.4203213,0.7628283338119473,1.0
TXK,0.30176133,0.670119,0.7628340193511653,1.0
TCEAL9,0.30172402,0.26069072,0.7628624472391758,1.0
AJUBA,0.30169794,1.5622667,0.76288234695109,1.0
AC009271.1,0.3014369,1.2238983,0.7630813526872011,1.0
AC100830.3,0.30133623,0.7450682,0.7631581162279109,1.0
AC008915.2,0.30127284,0.9776653,0.7632064500224649,1.0
TEX14,0.30125794,-0.012979842,0.7632178228141635,1.0
ZNF71,0.30070606,0.3227418,0.7636386520126539,1.0
LYRM4,0.3006464,0.031728927,0.7636841512466375,1.0
TMEM218,0.30048233,0.40748763,0.7638092783478208,1.0
AC015871.7,0.30020267,0.3996003,0.7640225773971503,1.0
PPP2CA,0.30009452,-0.049435616,0.764105057831451,1.0
RAB5C,0.29982606,0.055103905,0.7643098484111137,1.0
EAF1-AS1,0.29959112,0.65194076,0.7644890536921227,1.0
GLYCTK,0.29955384,0.1938302,0.7645175001349609,1.0
AL596244.1,0.29953146,2.6760314,0.7645345681531844,1.0
AL049780.1,0.29950163,-0.0030521383,0.7645573256887404,1.0
SH2D6,0.29948673,1.9249165,0.7645687045327665,1.0
PRUNE2,0.2994345,1.0963823,0.764608530887122,1.0
AL022324.3,0.29940468,1.4703081,0.7646312890834184,1.0
AC009283.1,0.29934502,1.2547872,0.7646768060857896,1.0
PLCE1-AS1,0.29934502,3.6731827,0.7646768060857896,1.0
AC069029.1,0.2993264,0.23167364,0.7646910303157485,1.0
LNX1-AS1,0.29929283,1.3305368,0.7647166341297136,1.0
AC012074.1,0.2991064,1.1390773,0.7648588822229474,1.0
ZMYM5,0.29906908,-0.04640431,0.7648873327936814,1.0
PLOD3,0.2989423,0.053245343,0.764984067107203,1.0
AC068700.1,0.29891995,1.495453,0.7650011382490401,1.0
SPRED3,0.2988901,1.3782918,0.7650238999490835,1.0
CAMSAP2,0.29886773,0.012204612,0.7650409713573012,1.0
AC007496.1,0.2984128,1.3371439,0.7653881147380881,1.0
SERPINA10,0.29837552,0.044968758,0.765416571204302,1.0
TMEM41A,0.29824874,0.1724152,0.7655133255574424,1.0
TMEM139,0.29824874,0.81316483,0.7655133255574424,1.0
OMA1,0.29821146,0.19505772,0.7655417834164625,1.0
DCAF1,0.29808095,-0.011695001,0.7656413884148361,1.0
AC012170.3,0.29769686,0.11426727,0.7659345341710556,1.0
ZNF529-AS1,0.29729414,-0.0037398937,0.766241946302665,1.0
AC138956.2,0.29726806,0.070844464,0.7662618724336743,1.0
AL158195.1,0.29721212,0.25254115,0.7663045718064572,1.0
LINC01185,0.29720467,0.47134635,0.7663102651097963,1.0
C12orf56,0.2971077,0.45573443,0.7663842792014317,1.0
APBA3,0.2970667,0.6548339,0.7664155934974239,1.0
GLRX3,0.2970555,0.015185368,0.7664241338261911,1.0
PLCD4,0.2970033,0.1291499,0.766463989069,1.0
SIRT4,0.29679075,0.30174842,0.7666262632219544,1.0
AL359643.2,0.2967572,0.1473722,0.7666518863925759,1.0
TGIF2,0.29655585,-0.0011491294,0.7668056307742586,1.0
C14orf28,0.29654092,1.3303958,0.7668170196122688,1.0
GNA13,0.29649246,0.011623855,0.766854033683681,1.0
AC156455.1,0.29648498,0.8747205,0.7668597282034257,1.0
CPSF6,0.29641786,0.009557506,0.7669109794476973,1.0
LINC01762,0.29641414,1.7641553,0.7669138267689455,1.0
PALB2,0.2964067,-0.07211272,0.7669195214208832,1.0
ADAMTS9-AS1,0.2963582,0.18436234,0.7669565369653006,1.0
ATG4B,0.2962053,0.011687299,0.7670732817805657,1.0
FHL3,0.29605246,0.9825476,0.7671900318827133,1.0
MRPL27,0.2957877,-0.06985574,0.7673922213863915,1.0
NAV3,0.29562363,-0.1321589,0.7675175298715251,1.0
AC092718.6,0.2956087,0.52884424,0.7675289218534249,1.0
PSMD12,0.2955938,-0.0021052845,0.7675403138855534,1.0
COQ10A,0.29555652,0.26591483,0.7675687941856106,1.0
ARLNC1,0.2954372,0.7757212,0.7676599332548861,1.0
ZNF793,0.29541853,0.036173865,0.767674174024722,1.0
AC097468.2,0.29537007,0.7083495,0.7677112003933668,1.0
AC005332.3,0.29534024,0.5015576,0.7677339861145064,1.0
AC116616.1,0.2953104,0.67026186,0.7677567720363947,1.0
KCTD21-AS1,0.29505312,0.16429086,0.7679533089426006,1.0
NAPB,0.2948853,0.0054875547,0.7680814932250121,1.0
ZNF878,0.2944863,0.4499915,0.7683863124288756,1.0
AC097500.1,0.2943931,1.5720155,0.7684575370325508,1.0
SLC22A25,0.2942738,1.212245,0.7685487073774699,1.0
ACBD7,0.29420665,0.079217,0.7685999921034227,1.0
DMD-AS3,0.29405004,3.5456696,0.7687196604020012,1.0
RGS21,0.2940053,1.6301432,0.768753852356805,1.0
TMEM128,0.29395682,-0.12339183,0.7687908941487832,1.0
XDH,0.29393074,0.715705,0.7688108399477137,1.0
LARS2,0.29386732,0.010457465,0.768859280382189,1.0
AC007220.1,0.2937443,1.4227991,0.7689533143896465,1.0
HCRTR1,0.29355037,0.55362034,0.7691014960866566,1.0
ZNF17,0.29293138,0.47702196,0.7695745940741899,1.0
AC010226.1,0.29248393,0.07966052,0.7699166460535025,1.0
MYRIP,0.2922863,0.2938279,0.7700677332678244,1.0
SLC35A1,0.29222664,0.0071147927,0.7701133462176755,1.0
DUSP11,0.29196936,0.18168648,0.7703100611717553,1.0
FDX1,0.29194325,-0.010887553,0.7703300185871547,1.0
TGFBRAP1,0.29173815,0.040006295,0.7704868321418518,1.0
LINC01655,0.29148832,3.9320526,0.7706778722391661,1.0
AC012157.2,0.29148832,1.1831566,0.7706778722391661,1.0
AL121900.1,0.2914212,-0.04562968,0.7707291988158247,1.0
AL136988.2,0.29141748,-0.03704824,0.7707320503217447,1.0
FCF1,0.2912385,0.123536035,0.7708689262491927,1.0
AC093849.1,0.29118627,1.8539518,0.7709088497389135,1.0
CPO,0.29118627,1.2571635,0.7709088497389135,1.0
SLA2,0.2911341,0.38186404,0.7709487738355192,1.0
RGMB-AS1,0.29110053,0.13268071,0.7709744396466203,1.0
AC005609.5,0.29097748,0.72203064,0.771068549765649,1.0
PQBP1,0.29067916,0.051071297,0.7712967094924985,1.0
SLC66A3,0.2906717,0.32673237,0.7713024137392431,1.0
DDA1,0.29057476,0.4035586,0.771376570072066,1.0
ZNF713,0.29050392,-0.012027403,0.7714307625595408,1.0
C8orf34,0.29028016,0.77700514,0.7716019040519456,1.0
LIPT1,0.2902578,0.53060436,0.7716190188126463,1.0
TMEM177,0.2900005,0.096930064,0.7718158465471476,1.0
NGLY1,0.28995577,0.0073082093,0.7718500789570462,1.0
DNAAF2,0.28993338,-0.11338581,0.7718671953285553,1.0
KCNC4,0.28987744,0.44060287,0.7719099867430647,1.0
AP002762.3,0.2898551,0.614377,0.7719271035031424,1.0
LYSMD3,0.2898327,0.12887709,0.7719442203742222,1.0
AL390198.1,0.28977677,-0.025229452,0.7719870130375035,1.0
RASD1,0.28975442,0.1598071,0.7720041302970283,1.0
TIGD7,0.2896351,0.08614542,0.7720954242217389,1.0
AL391152.1,0.28962016,0.50734246,0.7721068361842017,1.0
AP003059.1,0.28950083,0.5217328,0.7721981336584216,1.0
UBLCP1,0.28945982,0.1040177,0.7722295178936495,1.0
STAT5B,0.2893405,-0.00094975915,0.7723208196055853,1.0
CLK2,0.28929204,0.041390702,0.7723579118265507,1.0
AL031291.1,0.28880727,1.6897333,0.7727288626321034,1.0
ZNF302,0.288412,0.18713626,0.7730313686549011,1.0
NOSIP,0.2883449,0.12517372,0.7730827410287175,1.0
AL353796.1,0.28830016,0.62997967,0.7731169898303007,1.0
AC036214.4,0.2882554,0.24102123,0.7731512390737085,1.0
GPR153,0.28822556,0.9721072,0.7731740721480742,1.0
AL109936.6,0.288192,0.06984932,0.773199759591398,1.0
FAM106C,0.28805405,0.4966911,0.7733053661349358,1.0
MBD4,0.28799066,0.11569801,0.7733538894676698,1.0
OOSP3,0.28784522,0.88658744,0.7734652110485013,1.0
AL591684.1,0.28779304,0.1978041,0.7735051737783973,1.0
MMP17,0.28775573,0.14854483,0.7735337189530649,1.0
ATP6V0E1,0.28769234,0.056595907,0.7735822464529187,1.0
AC092329.4,0.28752828,0.33329976,0.7737078511499329,1.0
CLINT1,0.28750217,0.008423969,0.7737278342617805,1.0
NUP210L,0.2874537,-0.06810752,0.7737649461530591,1.0
ITGB1-DT,0.28739032,0.5916221,0.7738134778680861,1.0
SLC33A1,0.28738284,0.031800874,0.7738191875397497,1.0
ZNF527,0.28736794,0.043381758,0.7738306069197879,1.0
AC027097.1,0.28722623,0.18554002,0.7739390934710028,1.0
AL158163.1,0.28708082,0.99078405,0.7740504395226407,1.0
GPR146,0.28704354,0.116057195,0.7740789905411763,1.0
AC007996.1,0.28670794,0.47346625,0.7743359634554304,1.0
AC120053.1,0.28650284,0.7174498,0.7744930146328326,1.0
HCFC1R1,0.2864581,0.39976993,0.7745272815708466,1.0
AC092115.3,0.28615978,-0.06527533,0.7747557390461004,1.0
LINC00374,0.2861486,3.4583638,0.7747643065809302,1.0
LINC02286,0.2860964,3.1677377,0.7748042887727382,1.0
NAGK,0.28602555,0.24899352,0.7748585512738847,1.0
ZNF280B,0.285951,0.22572291,0.7749156708840823,1.0
EGLN3,0.28590623,0.48438188,0.774949943234913,1.0
EIF2S1,0.28577945,-0.0043546357,0.7750470506097891,1.0
CLCC1,0.2857459,-0.09052522,0.7750727560921342,1.0
FBRSL1,0.2857347,-0.0073488466,0.7750813246410294,1.0
AC093912.1,0.28524622,0.82506746,0.7754555113056364,1.0
FTSJ1,0.28523505,0.083246194,0.7754640810769227,1.0
AP4E1,0.28520894,0.033577967,0.7754840773162618,1.0
XXYLT1-AS2,0.2850635,0.16802372,0.7755954876601915,1.0
AC111182.1,0.28496283,0.72957516,0.7756726206040339,1.0
PROS1,0.2848174,0.3326933,0.7757840387628937,1.0
AASDHPPT,0.28481367,0.12636036,0.7757868956994548,1.0
SAP25,0.28472418,0.29694095,0.7758554630870848,1.0
PRKG1-AS1,0.28469062,0.30855215,0.7758811763079144,1.0
AL355773.1,0.2846869,0.13964087,0.7758840333476162,1.0
HEATR9,0.2845601,0.48417783,0.7759811745018211,1.0
AL024498.1,0.28453028,0.2873197,0.7760040317533604,1.0
ATP5MC1,0.28446317,-0.015811052,0.7760554612786374,1.0
STKLD1,0.28438485,0.6094849,0.7761154636325251,1.0
AC078923.1,0.28436622,0.50602764,0.7761297501042199,1.0
AC022960.1,0.28397095,0.1492282,0.7764326411210503,1.0
TEKT5,0.28396723,1.5247316,0.7764354987454272,1.0
ZNF581,0.28394857,0.26617503,0.7764497869126987,1.0
LINC02127,0.2839374,1.9315436,0.7764583598493702,1.0
ZNF880,0.28353468,0.27751535,0.7767670036971399,1.0
AC009113.1,0.2835123,1.1252313,0.7767841516113918,1.0
RASA4B,0.28345263,1.0051041,0.7768298799144756,1.0
LINC02507,0.28329602,1.2464058,0.776949920389043,1.0
ITPRID2,0.28324756,-0.080635354,0.7769870768535486,1.0
LINC01968,0.2831618,0.87248313,0.7770528164635646,1.0
AC016549.1,0.2831506,0.34309876,0.777061391313016,1.0
AC079061.1,0.28308722,1.2055159,0.7771099826395813,1.0
RALGAPB,0.2830462,-0.020250488,0.7771414245508483,1.0
THRA,0.2828374,0.31600162,0.7773014981213068,1.0
AC130371.1,0.282774,0.17958845,0.7773500937547382,1.0
AL049840.6,0.28276652,0.96205926,0.7773558109453557,1.0
LAMB4,0.28271434,0.26823276,0.7773958316172401,1.0
TMEM127,0.28267705,-0.054493595,0.7774244181730788,1.0
HHEX,0.2824794,0.88455063,0.7775759319487119,1.0
AP001830.1,0.28246078,0.79309887,0.77759022613785,1.0
ALOX12-AS1,0.2823899,0.12905812,0.7776445447430658,1.0
CBR3-AS1,0.28233773,0.13227093,0.777684569673904,1.0
GALT,0.28222585,0.09540253,0.7777703393692396,1.0
WDR46,0.2817672,0.065912426,0.7781220234206434,1.0
MRPS7,0.28167024,0.12700695,0.7781963689604243,1.0
MTCP1,0.28129363,0.004958097,0.7784851920440632,1.0
TNFRSF1A,0.2811482,2.5245104,0.77859672598031,1.0
CC2D1B,0.28105125,0.013037606,0.7786710844714299,1.0
SLC23A1,0.2810177,0.24678165,0.778696824421226,1.0
LHPP,0.2809655,0.12952746,0.7787368648256269,1.0
BMPER,0.28094685,1.3384086,0.7787511651123907,1.0
CD300E,0.28086108,1.586006,0.7788169473962206,1.0
AC090531.1,0.28083873,3.3369203,0.7788341082526193,1.0
LINC01479,0.2808089,2.9609208,0.7788569895622125,1.0
LYSMD1,0.2807604,0.21239226,0.7788941720990937,1.0
AC020661.3,0.28069702,0.09617193,0.7789427961801136,1.0
KDELR1,0.28067464,0.076958016,0.7789599578270536,1.0
AC019183.1,0.28067464,2.3411758,0.7789599578270536,1.0
NAPA-AS1,0.2806672,0.066129155,0.7789656783999825,1.0
TRIM45,0.28064853,0.20231341,0.77897997988469,1.0
AC073349.4,0.28061497,-0.016981816,0.7790057227457384,1.0
ERP27,0.28043228,0.1654472,0.7791458825748769,1.0
SLC35B3,0.28025702,0.02270327,0.7792803283428128,1.0
MOGS,0.2802421,0.01882527,0.7792917708408066,1.0
CCDC134,0.28019735,0.0140268635,0.779326098621752,1.0
AC024937.3,0.27988786,0.833998,0.7795635442201496,1.0
ALDH6A1,0.27980956,0.4058782,0.7796236240786831,1.0
PIGQ,0.27965295,0.32926115,0.7797437877446389,1.0
SPINK4,0.27944785,0.16835192,0.7799011528843509,1.0
AC132872.2,0.2793397,0.6020602,0.7799841308625965,1.0
C22orf39,0.27925768,0.3557267,0.7800470813457512,1.0
ZDHHC4,0.27918684,0.11596757,0.7801014488326913,1.0
RRP9,0.27917564,-0.012222755,0.7801100332710457,1.0
AC073611.1,0.27908614,0.2157535,0.7801787097429349,1.0
PAPPA2,0.27871326,0.4469197,0.7804648801666053,1.0
AC012615.6,0.27855292,0.7216006,0.7805879425953219,1.0
CYP3A5,0.2785082,0.01391645,0.7806222865797984,1.0
UBE2M,0.27850446,0.040591218,0.7806251485978252,1.0
AC093765.3,0.27844852,2.5108843,0.7806680792248736,1.0
C7,0.27841124,1.0096134,0.7806967000143715,1.0
TMEM43,0.2783292,0.040310115,0.780759666797112,1.0
TRDN,0.27826208,2.164914,0.7808111861432935,1.0
DNLZ,0.27824715,1.6620002,0.7808226350175693,1.0
KMT5C,0.27813157,0.41312167,0.7809113654040808,1.0
AL138889.1,0.27811292,2.808425,0.7809256770239414,1.0
OR4D9,0.27809802,1.9714596,0.7809371263732607,1.0
AL133331.1,0.2779936,1.8108783,0.7810172731481233,1.0
AC079742.1,0.27787054,0.18301824,0.7811117348334786,1.0
C11orf24,0.27764308,0.19177772,0.7812863543300819,1.0
HIST2H2BE,0.27735597,0.44647124,0.7815067914071282,1.0
C19orf57,0.2771658,0.77106,0.7816528048508591,1.0
THAP3,0.27714714,0.17598855,0.7816671203087051,1.0
CRISPLD1,0.27696443,0.07800586,0.7818074157094352,1.0
HIST1H2AK,0.27677053,0.63205165,0.7819563083895977,1.0
AC006064.1,0.27657664,0.36390856,0.7821052090604395,1.0
CYCS,0.2763417,-0.0033921364,0.7822856186476672,1.0
PCDHGB1,0.27622613,0.533191,0.7823743959191993,1.0
ZC3H12A,0.2761963,0.41054437,0.7823973066430275,1.0
CCNJ,0.27605087,0.07411493,0.7825089991245314,1.0
GSAP,0.2759651,0.15820304,0.7825748711516098,1.0
AC011815.2,0.27578986,0.57719624,0.7827094840545857,1.0
PSMD9,0.275719,0.0878501,0.7827639038836584,1.0
CAPN11,0.2756407,3.593756,0.7828240533525805,1.0
LINC01311,0.27563325,1.1513337,0.7828297819411474,1.0
AC000072.1,0.27558476,2.1760418,0.7828670180538501,1.0
CXCL8,0.27549154,1.5592079,0.7829386273609559,1.0
CCDC69,0.27547288,1.3042588,0.7829529494430841,1.0
LINC01547,0.27547288,1.0573763,0.7829529494430841,1.0
AL590138.1,0.27547288,2.1972816,0.7829529494430841,1.0
GAS1RR,0.2754468,2.6954494,0.7829730004816405,1.0
GAL,0.27525288,0.5440205,0.7831219555660689,1.0
AL356020.1,0.27515966,1.1116109,0.7831935714176514,1.0
MAPK4,0.2751,0.03829218,0.7832394065267712,1.0
AKR7A3,0.27470848,0.6879433,0.7835402180912079,1.0
AC105114.2,0.27458915,-0.15087914,0.7836319004315709,1.0
RFLNB,0.27449965,0.5414627,0.783700664158292,1.0
LINC02442,0.2739366,0.56143224,0.7841333413335543,1.0
IFT22,0.27391797,0.028447378,0.7841476695346288,1.0
SPHK2,0.27383593,0.12531778,0.7842107144886052,1.0
AC124944.3,0.2737166,0.1605061,0.7843024187679422,1.0
CR786580.1,0.2733549,1.5338746,0.7845804156598413,1.0
AC114939.1,0.27320203,0.39367488,0.7846979277673541,1.0
AC117480.1,0.27298948,1.6868225,0.784861306413004,1.0
UNC50,0.27296337,0.16663218,0.7848813711109299,1.0
ZBTB20-AS4,0.27295965,1.7046926,0.7848842375080183,1.0
DM1-AS,0.2729149,1.6256541,0.7849186345006336,1.0
FAM50A,0.2726837,0.13110887,0.7850963589861262,1.0
SYNE4,0.27266133,1.1551362,0.7851135587246365,1.0
AC093525.4,0.27254948,0.81819844,0.7851995589908846,1.0
CXCL17,0.2725271,0.59695005,0.7852167593588175,1.0
LINC00592,0.27248982,1.1007184,0.7852454268717591,1.0
SELENOO,0.272322,0.014745798,0.7853744342841149,1.0
AC103853.1,0.27231827,0.48251563,0.7853773011824704,1.0
LSS,0.27218032,-0.0057122908,0.7854833784678508,1.0
LINC02256,0.27197522,0.22368917,0.7856410682802898,1.0
SH3GLB2,0.27191556,0.3520263,0.78568694333215,1.0
CGNL1,0.27188572,0.64649045,0.7857098811371772,1.0
AL356295.1,0.27184844,0.77377003,0.7857385536550774,1.0
CHN2,0.2717142,0.34468582,0.7858417771258354,1.0
AC087473.1,0.27143082,0.6697026,0.7860597057041929,1.0
MTHFSD,0.27138978,0.07742617,0.7860912493875931,1.0
AC092377.1,0.27135995,1.0260774,0.7861141904687994,1.0
DCTPP1,0.2713525,0.17962027,0.7861199257681184,1.0
CHST12,0.27130404,-0.047264848,0.7861572054965833,1.0
SNAI2,0.27125928,0.5199887,0.786191617988796,1.0
DDAH2,0.2711176,0.40984532,0.7863005936361306,1.0
BIRC2,0.270961,0.009949389,0.7864210452749139,1.0
PTK2,0.2708491,0.06891871,0.7865070852894454,1.0
PBX4,0.27080438,0.05380833,0.7865415020252572,1.0
AL669841.1,0.27077454,0.37290016,0.7865644467474951,1.0
LINC00519,0.27071115,0.008574319,0.7866132048975978,1.0
MKLN1-AS,0.27064776,0.3982496,0.7866619638844229,1.0
AC132938.1,0.2705769,1.2227359,0.786716460212586,1.0
PRKX-AS1,0.27056572,0.044548664,0.7867250649914855,1.0
WDR11-AS1,0.27055082,0.038370755,0.7867365380705311,1.0
AC009055.1,0.27041656,2.2045557,0.7868397978650815,1.0
BRINP2,0.27025995,1.9839387,0.7869602723628794,1.0
AL135926.2,0.27025622,2.9294767,0.7869631408654654,1.0
C6orf136,0.27018538,0.36366114,0.7870176429637945,1.0
SNRNP35,0.27009588,-0.056967203,0.7870864892107983,1.0
AC011468.5,0.2700847,1.443888,0.7870950951086941,1.0
AC092813.1,0.2700735,1.688047,0.7871037010325913,1.0
AL731769.2,0.27006233,1.4521083,0.7871123069824886,1.0
SDR39U1,0.26997656,0.28936014,0.7871782867953793,1.0
EPS8L1,0.26993182,1.1239088,0.7872127116520813,1.0
LIPG,0.26990944,0.16057044,0.7872299242363617,1.0
NKAIN4,0.2698535,1.3007946,0.7872729561517927,1.0
ZBTB22,0.26981622,1.3006173,0.7873016444562624,1.0
FAAP20,0.26964095,-0.07406796,0.7874364833529393,1.0
AC093833.1,0.26959994,0.89165145,0.787468042312923,1.0
KLHL9,0.2693352,0.3260041,0.7876717494484343,1.0
ZNF823,0.26921588,0.25991017,0.7877635658647946,1.0
AC011451.3,0.26893994,-0.03629239,0.7879759026225421,1.0
ZNF227,0.26885417,0.14413649,0.7880419023931208,1.0
AC002401.1,0.26874232,0.21542948,0.7881279913373963,1.0
CIAPIN1,0.26856706,0.044266935,0.7882628692199682,1.0
OAT,0.26850367,0.010506561,0.7883116564007066,1.0
STX4,0.26834333,0.08877703,0.7884350629758206,1.0
PRKACA,0.26824263,0.062376376,0.7885125535392941,1.0
CAPS,0.26789212,1.412567,0.7887823518222243,1.0
HLX-AS1,0.26784366,-0.0709567,0.7888196663455902,1.0
MSGN1,0.26764974,1.2434334,0.7889689292830959,1.0
MSANTD4,0.26762366,-0.116577394,0.7889890229625439,1.0
AC068989.1,0.2675901,2.759257,0.7890148578995116,1.0
LHCGR,0.2675528,1.500964,0.7890435636571349,1.0
AC100847.1,0.26750806,2.5204258,0.7890780109443127,1.0
AC006480.2,0.26742974,0.37718713,0.7891382946890191,1.0
FASTKD3,0.26722094,0.32406121,0.7892990575125449,1.0
ZNF543,0.26706806,0.710798,0.7894167645541362,1.0
MIS18A-AS1,0.2670084,0.28807938,0.7894627003132685,1.0
ZNF554,0.26684433,0.77314687,0.7895890274236158,1.0
C6orf132,0.26679212,0.52711564,0.7896292235733018,1.0
TTC5,0.26671007,0.0024741695,0.7896923900824462,1.0
C1orf53,0.2666728,0.99450475,0.7897211025889628,1.0
GFPT1,0.2665423,-0.011650027,0.7898215986099507,1.0
GABRR2,0.26653856,0.26139227,0.7898244699762127,1.0
P3H2,0.26640058,0.11651279,0.7899307125338226,1.0
AL353135.2,0.26637074,0.14723639,0.7899536844111327,1.0
LINC00471,0.26627007,0.6208959,0.7900312158445774,1.0
DNAJC27-AS1,0.26622534,-0.057633534,0.7900656749266506,1.0
AF235103.3,0.26618057,0.6773121,0.7901001344192231,1.0
A3GALT2,0.2661433,0.6661558,0.790128850976563,1.0
AL360270.1,0.26587483,0.13049346,0.7903356185999737,1.0
AL157832.2,0.26578534,0.5009873,0.7904045444217711,1.0
ZNF433,0.26561007,-0.06038821,0.7905395289047195,1.0
NUDT22,0.2655989,0.08548787,0.7905481451489293,1.0
SYT9,0.26552057,1.2623888,0.7906084595751448,1.0
AC010319.4,0.26551312,0.4074753,0.7906142038716228,1.0
RPS6KL1,0.26544973,-0.022452231,0.7906630308508984,1.0
PIGL,0.26524836,0.031154616,0.7908181337635762,1.0
AC119674.1,0.2652148,0.27468246,0.7908439850545943,1.0
ALDH3B1,0.26511413,0.29680067,0.7909215403080871,1.0
AC004862.1,0.26490906,0.819014,0.791079529634451,1.0
AC011912.1,0.26485312,0.12979543,0.7911226191225433,1.0
AC115837.2,0.26479346,1.774964,0.7911685819467553,1.0
BCAR4,0.26472634,1.6172563,0.7912202909919354,1.0
ERVK13-1,0.26449886,0.0040966687,0.7913955340320986,1.0
PHKA1-AS1,0.26443547,0.018352224,0.7914443741353786,1.0
GPT,0.2643833,1.1846088,0.791484596011644,1.0
HHIP-AS1,0.26435718,1.1607265,0.7915047071579607,1.0
ANGPTL3,0.26423785,0.5143689,0.7915966455938674,1.0
AC006449.6,0.26418564,0.685375,0.791636869571198,1.0
SLC8A1-AS1,0.26415208,0.75460833,0.7916627281352899,1.0
YPEL3,0.26411852,0.45182812,0.7916885869286154,1.0
ZNF75D,0.2638053,-0.008973123,0.7919299467155412,1.0
AL132857.1,0.26374936,0.47977933,0.7919730487768689,1.0
NEK8,0.26357412,0.042633753,0.792108106019312,1.0
Z93943.1,0.26353684,0.5619325,0.7921368424078621,1.0
GABARAPL1,0.26345852,-0.0873876,0.792197189742956,1.0
KCNH7,0.26339513,0.5016314,0.7922460432594434,1.0
RBPMS,0.2630968,-0.082015954,0.7924759531088252,1.0
KBTBD4,0.26303717,-0.026097044,0.792521937244705,1.0
PNPLA6,0.26301107,0.37800327,0.7925420555310851,1.0
ZNF487,0.2629924,0.4785247,0.7925564258202034,1.0
NEIL1,0.2627575,0.028965035,0.7927374974987389,1.0
AC005280.2,0.26271275,2.217975,0.7927719886098163,1.0
RBFADN,0.2626158,0.44541502,0.7928467207413503,1.0
SLC37A2,0.26255614,1.1470108,0.7928927106911603,1.0
NRIP2,0.26255614,-0.04284549,0.7928927106911603,1.0
ZBTB46-AS1,0.26246664,3.3506007,0.7929616969666098,1.0
MED29,0.26241446,0.2847942,0.7930019397089756,1.0
RHCE,0.26237342,0.31874955,0.7930335593933022,1.0
PPP2R1B,0.2622802,0.12794472,0.7931054235776859,1.0
AC009652.1,0.26223546,2.5519998,0.7931399190103511,1.0
AP001429.1,0.26221308,1.264115,0.7931571668784779,1.0
AL354793.1,0.2621907,0.030098924,0.79317441484779,1.0
AC009495.1,0.2620863,1.3556424,0.7932549067089063,1.0
LINC02755,0.26206392,1.1176813,0.7932721552514503,1.0
AC006960.2,0.26200426,1.7723624,0.7933181518593018,1.0
EAF2,0.26191851,0.38465407,0.7933842732427154,1.0
AL035411.3,0.26184765,1.1667477,0.7934388963754183,1.0
AC008915.1,0.26178053,0.95900375,0.7934906455411541,1.0
GBA,0.26158664,0.139333,0.7936401482379134,1.0
AC008649.2,0.26154935,0.034007777,0.7936688996260621,1.0
COG8,0.2614263,0.009967732,0.7937637811962437,1.0
TPRG1,0.26140392,0.23406853,0.7937810327187946,1.0
AL139317.1,0.26134798,0.8389873,0.793824161966568,1.0
AP000692.1,0.26134798,0.7570275,0.793824161966568,1.0
DPF3,0.26111308,0.5863723,0.7940053116904295,1.0
FKBP1A,0.26099747,0.044855177,0.7940944529359099,1.0
POF1B,0.2609863,0.21409701,0.7941030796507976,1.0
XKR9,0.26096764,0.14472462,0.7941174575649125,1.0
DNAH12,0.26085204,0.08489746,0.7942066021936774,1.0
MECR,0.26036358,-0.02567209,0.7945833398080078,1.0
AC008264.2,0.26023307,0.1981648,0.7946840030106963,1.0
CD247,0.2601883,0.67813945,0.7947185168958822,1.0
ZNF212,0.26011002,0.11273095,0.794778917161819,1.0
ARPC5L,0.2600056,-0.0038549583,0.794859452763405,1.0
AL022068.1,0.25999442,0.9033681,0.7948680817075473,1.0
ASPHD1,0.2598639,0.025315722,0.794968754576654,1.0
AL162718.1,0.25980425,2.17261,0.7950147775969614,1.0
HECW1,0.2597856,1.0317836,0.7950291599371131,1.0
AC100778.3,0.25969982,0.38249707,0.7950953195989754,1.0
IL16,0.2594873,2.1706212,0.7952592868502973,1.0
LRATD1,0.25946864,1.6552423,0.7952736703740559,1.0
MAFTRR,0.25931576,1.2363232,0.7953916178930862,1.0
MFSD3,0.25930086,0.15409037,0.7954031252185124,1.0
VPS9D1-AS1,0.25927848,0.24071991,0.795420386290099,1.0
LINC02754,0.2592561,0.6785386,0.795437647461815,1.0
AL133523.1,0.2592412,0.115354426,0.7954491549652494,1.0
TAOK1,0.25913304,0.02645068,0.7955325856957088,1.0
MORN4,0.2591144,0.07147478,0.7955469705407274,1.0
FNTA,0.2591107,0.019107962,0.7955498475180705,1.0
CDR2,0.25909948,-0.027466659,0.7955584784667777,1.0
AC125494.2,0.2590771,1.1253532,0.79557574043924,1.0
ASCL5,0.2590212,0.72928977,0.7956188958081274,1.0
LINC02631,0.2589951,0.6923032,0.7956390351942502,1.0
NUTM2B,0.25890186,0.78762746,0.7957109626845865,1.0
RASSF8-AS1,0.2588907,0.01607622,0.795719594100098,1.0
KCNJ8,0.25888693,0.11903769,0.7957224712441568,1.0
AL391244.2,0.25884593,0.66169745,0.7957541200121079,1.0
RHBDD1,0.2585961,0.013019172,0.7959468970351412,1.0
CD3EAP,0.2585588,0.09290271,0.7959756707936195,1.0
AL355297.4,0.2584842,0.70873606,0.7960332191427907,1.0
DYRK1B,0.25823814,0.13356386,0.7962231365644141,1.0
CARM1,0.25786898,0.019248122,0.7965080353253235,1.0
KCNH4,0.25778693,0.4331648,0.796571349845586,1.0
DUSP10,0.2575893,0.38508663,0.7967238857783004,1.0
PCSK6-AS1,0.25758186,0.44093758,0.7967296420033134,1.0
IGFBPL1,0.25746253,0.17034498,0.7968217431071446,1.0
AC007216.2,0.25721642,1.1740859,0.7970117105685894,1.0
ACTR2,0.25714183,-0.040773045,0.7970692788407135,1.0
RWDD2B,0.25708592,0.06681843,0.7971124557693172,1.0
AC021054.1,0.2569554,2.4617639,0.7972132043503313,1.0
TIMM23B-AGAP6,0.25692183,-0.06305228,0.797239111674476,1.0
C22orf15,0.25692183,-0.010668981,0.797239111674476,1.0
AC010096.1,0.25691065,2.4034455,0.7972477474988322,1.0
AC048382.6,0.25688455,1.7017348,0.7972678978521797,1.0
ZNF557,0.25678015,-0.010079623,0.7973485006165665,1.0
AL096869.2,0.25671676,0.36952126,0.797397439063587,1.0
KBTBD3,0.2565415,0.3090812,0.7975327436199726,1.0
AP001107.2,0.25635132,1.0124234,0.7976795703397712,1.0
AC005519.1,0.2562171,0.9782141,0.7977832170402228,1.0
MTA1,0.25620964,-0.066459134,0.7977889752947909,1.0
IMMT,0.25613877,0.022031624,0.7978436792618953,1.0
FAM178B,0.2561276,0.76948506,0.7978523168211394,1.0
AL731563.3,0.25594115,0.46795002,0.7979962797845925,1.0
ADM5,0.25587776,0.09860155,0.7980452287573512,1.0
RNASEH2C,0.25587404,0.0037194125,0.7980481081334173,1.0
SLC35E1,0.25584048,0.034011327,0.7980740226416358,1.0
FKRP,0.25579572,0.037862588,0.7981085756653686,1.0
TMEM165,0.2556503,0.008403456,0.7982208757235371,1.0
TMEM70,0.25537065,0.20944963,0.7984368491068946,1.0
AC078883.1,0.25531098,0.01351877,0.7984829254255433,1.0
PHOSPHO2,0.25521404,0.12935212,0.7985578009401998,1.0
CSNK1E,0.25521404,-0.004580296,0.7985578009401998,1.0
TAF5L,0.25506487,-0.056257546,0.7986729976570845,1.0
FBXL22,0.25496045,1.7911853,0.7987536379667094,1.0
ANKRD61,0.25491944,0.18709527,0.7987853186757142,1.0
AC008474.1,0.25472555,0.006618921,0.798935086510858,1.0
PFKFB4,0.25468078,0.84132,0.7989696493696817,1.0
SNX8,0.2545391,0.003745223,0.7990791010208362,1.0
SIRT6,0.2544496,0.29613173,0.7991482304135833,1.0
AC097382.2,0.25437132,0.72292846,0.7992087199235796,1.0
SLIT3,0.25432655,0.98373425,0.7992432858988563,1.0
AC091978.1,0.254114,0.16832872,0.7994074796522564,1.0
Z82173.1,0.25406927,0.53928006,0.7994420478885188,1.0
HDDC3,0.25406927,0.4004261,0.7994420478885188,1.0
GUCY1A2,0.25404316,0.032025054,0.7994622128744973,1.0
AC022613.3,0.25402826,0.48985657,0.799473735783664,1.0
AC135050.3,0.25399467,0.06497935,0.7994996624889161,1.0
LINC02426,0.25396487,1.29526,0.7995227086346718,1.0
CCDC36,0.2539201,0.23421556,0.7995572781806703,1.0
AL133338.1,0.25389773,0.9713575,0.7995745631009663,1.0
AL033397.2,0.25387537,-0.049607318,0.7995918481194495,1.0
AC012645.4,0.25380078,0.85822165,0.7996494655567511,1.0
AC092042.4,0.25373366,0.29746804,0.7997013221827749,1.0
LRRC43,0.2536591,0.9398646,0.7997589416919173,1.0
ZSWIM8-AS1,0.25344282,0.5952883,0.7999260444313502,1.0
ZNF281,0.25333467,0.069474064,0.800009599236393,1.0
AC064807.1,0.25313705,0.22516757,0.8001623087593379,1.0
AC008840.1,0.2530811,0.058018375,0.8002055298229684,1.0
VSTM2L,0.2528201,0.493756,0.800407236207511,1.0
TK2,0.25267467,0.043725614,0.8005196212538204,1.0
DUXB,0.25251806,0.45755157,0.8006406559220482,1.0
KIAA1191,0.2524696,0.18119167,0.8006781200038646,1.0
JCHAIN,0.2524062,0.425696,0.8007271121872874,1.0
RXRB,0.25239873,0.04447079,0.800732876025112,1.0
TEPSIN,0.2523167,-0.07348971,0.8007962789571752,1.0
FKBP11,0.2522906,0.077079326,0.8008164528926153,1.0
PRRT1,0.25227195,0.44104496,0.8008308629278396,1.0
MED9,0.252175,0.080830775,0.8009057962034605,1.0
PPP1R12A-AS1,0.25211906,0.24542762,0.8009490277727916,1.0
AL159169.2,0.25203332,1.0254496,0.8010153173631204,1.0
DCDC2,0.25196618,1.5396448,0.801067197172464,1.0
LINC02606,0.25177228,1.8905282,0.8012170771050051,1.0
DPY19L3,0.25175366,0.008618687,0.8012314890226747,1.0
LINC02019,0.2517499,2.71855,0.8012343714143264,1.0
CEP89,0.251694,-0.0900591,0.8012776076137774,1.0
SBDS,0.25167534,0.043653402,0.8012920198155299,1.0
DDTL,0.2516679,0.014099718,0.8012977847151666,1.0
AL358176.4,0.25160822,2.3848953,0.8013439043017534,1.0
ARMC12,0.25152618,1.3430791,0.801407319863713,1.0
AC023494.1,0.25140685,0.37572291,0.8014995630168785,1.0
ATP6AP1,0.25138077,0.035769235,0.8015197415755484,1.0
AC006511.6,0.25137702,1.0530521,0.8015226242375957,1.0
CAPN8,0.25136212,1.6226888,0.801534154912805,1.0
BRF2,0.25125024,0.051709473,0.8016206363546821,1.0
AC048382.1,0.25103024,0.35467663,0.8017907236136611,1.0
AP002954.1,0.25096685,0.7395827,0.8018397335505407,1.0
NSUN5,0.25076923,0.021620277,0.8019925342399288,1.0
ADAMTSL1,0.25070584,0.2979089,0.8020415473861594,1.0
INO80C,0.24994887,0.061730318,0.8026268821486998,1.0
AC124283.2,0.249796,0.42683607,0.8027451159240802,1.0
C9orf24,0.2496021,0.3997595,0.8028950774509979,1.0
ADGRE5,0.24956481,1.0101559,0.8029239170384317,1.0
MUC20,0.24940446,0.43236813,0.8030479303221139,1.0
AC007494.2,0.24927768,0.1005725,0.8031459908482417,1.0
CTDNEP1,0.24918446,0.24987948,0.8032180961535258,1.0
FAM86B2,0.24917701,1.9104133,0.8032238646503154,1.0
AC134349.1,0.24914345,2.5287335,0.8032498230185181,1.0
LINC00311,0.2491248,0.35672197,0.8032642444279724,1.0
BX640514.1,0.24908751,6.2103558,0.8032930874478281,1.0
RUBCNL,0.24907632,2.4279778,0.8033017404060268,1.0
JPH3,0.24905396,0.06522447,0.8033190463947526,1.0
AC090360.1,0.24903904,0.08078289,0.8033305837741431,1.0
LINC02580,0.24903531,1.8014601,0.8033334681256872,1.0
AC126118.1,0.24897192,2.21133,0.8033825025117083,1.0
AL356776.2,0.24894582,1.6905764,0.8034026933661937,1.0
ABCA8,0.24887496,1.2489057,0.8034574977754014,1.0
AC093928.1,0.2488004,1.1719861,0.8035151876711619,1.0
TEX12,0.2487109,1.5332125,0.8035844169590225,1.0
AL161729.1,0.24862887,0.8307079,0.8036478784932173,1.0
ZNF449,0.24861395,0.27326503,0.8036594170930583,1.0
NXPH4,0.24822615,0.841513,0.8039594357002222,1.0
AL022069.1,0.24822615,0.7977137,0.8039594357002222,1.0
AC025165.1,0.24811801,0.3826464,0.8040430998863853,1.0
AC010969.3,0.24803971,0.66652685,0.8041036856984382,1.0
AC135050.4,0.24801733,0.14280374,0.8041209961466097,1.0
AC112250.2,0.24796885,0.18234845,0.804158502447158,1.0
PPP1CB,0.24785326,-0.03067176,0.8042479423676789,1.0
ZNF488,0.24784207,0.17373818,0.8042565979798693,1.0
TRIM34,0.24783462,0.60843915,0.8042623684013284,1.0
SYNPR,0.2478197,0.6219946,0.8042739092762421,1.0
PLOD1,0.24780852,0.09472033,0.8042825649604225,1.0
LINC01117,0.2477041,0.56389713,0.8043633525030471,1.0
HARS2,0.24766682,0.3166376,0.8043922057032387,1.0
PCDHGA10,0.24754749,0.5217988,0.8044845377343073,1.0
TENM1,0.2474953,0.5110632,0.8045249338556,1.0
EPHA6,0.24736105,0.1433874,0.8046288119924399,1.0
MAPK13,0.24734613,0.45828548,0.8046403542206009,1.0
PCDHGA5,0.24707393,0.19228564,0.8048510073619866,1.0
AC037459.2,0.24694715,0.0025376445,0.8049491246209874,1.0
AC025287.4,0.24690986,0.057804275,0.8049779832230294,1.0
HSD17B8,0.24658918,0.40961084,0.8052261781647372,1.0
GPR161,0.24655189,0.046589345,0.8052550393159417,1.0
ALPK1,0.24644749,0.1747902,0.8053358519507923,1.0
AL513128.2,0.2464251,5.3937817,0.8053531692145397,1.0
RGS1,0.24641766,4.9861817,0.8053589416570062,1.0
ARHGEF3-AS1,0.24641019,1.4694468,0.8053647141100806,1.0
OR51B2,0.24640274,4.587297,0.8053704865737629,1.0
LINC01290,0.24639527,0.27623057,0.8053762590480527,1.0
MAPK15,0.24639527,2.3882778,0.8053762590480527,1.0
AC068831.1,0.24626477,0.6670201,0.8054772790648934,1.0
ZNF793-AS1,0.24620883,1.2442129,0.8055205743518485,1.0
AC131025.3,0.24608952,0.23885062,0.8056129396232596,1.0
TEX53,0.24607833,0.21753235,0.8056215990065305,1.0
RIN3,0.24605222,1.0891386,0.8056418043268618,1.0
AC104083.1,0.2460373,0.22556809,0.8056533502824581,1.0
CD19,0.24602985,1.1088587,0.8056591232761454,1.0
MCIDAS,0.24600002,1.1300366,0.8056822153568157,1.0
AC099508.2,0.24600002,1.3481352,0.8056822153568157,1.0
TMPRSS5,0.24594782,1.1439114,0.8057226269057386,1.0
TSPYL1,0.24589935,-0.055156227,0.8057601523800513,1.0
ZMYM1,0.24580985,-0.035376612,0.8058294313538925,1.0
AC076966.2,0.24579866,0.7699212,0.8058380913327914,1.0
ZNF568,0.24577256,0.083089724,0.8058582980428222,1.0
AC118344.1,0.24574646,0.9986504,0.8058785048824825,1.0
AC117465.1,0.24574646,1.0143044,0.8058785048824825,1.0
ZNF710-AS1,0.2456085,0.24486384,0.8059853146164594,1.0
AC104964.4,0.24557494,-0.09509275,0.8060112959099098,1.0
FTCD,0.24548917,0.23736367,0.8060776935214715,1.0
ZNF843,0.24548544,0.6519418,0.8060805804058631,1.0
LINC02341,0.24543324,0.7489882,0.8061209970647999,1.0
LINC02237,0.24514984,0.5906521,0.8063404108179493,1.0
MAP4K2,0.24508272,0.36874327,0.80639237946655,1.0
IL18,0.2448851,0.28040513,0.806545403228758,1.0
WBP2NL,0.24485153,0.11513723,0.8065713891316695,1.0
SLC38A8,0.24481797,0.40806156,0.8065973752481116,1.0
USP21,0.2445495,0.24226671,0.8068052718634544,1.0
ARMCX6,0.24400508,0.5295643,0.8072268818888506,1.0
CARHSP1,0.24387458,-0.018752398,0.8073279611127375,1.0
RAB4B,0.24360237,0.5602007,0.8075387938449392,1.0
COL15A1,0.24360237,2.0304577,0.8075387938449392,1.0
GABRG3-AS1,0.24353525,0.70215017,0.8075907821473258,1.0
AC109347.2,0.2435017,1.4875844,0.8076167766172095,1.0
ZNF385C,0.24348678,0.17631984,0.8076283297831226,1.0
ZNF774,0.24344203,0.49351552,0.807662989532599,1.0
CHMP1B,0.24343456,0.116901524,0.8076687661942201,1.0
PGM5P4-AS1,0.24342339,0.0807436,0.8076774312063156,1.0
ZNF574,0.24337491,0.26130494,0.8077149798647085,1.0
TRUB2,0.24337117,-0.07617991,0.8077178682413961,1.0
BCL10,0.24326678,0.25763053,0.8077987438527136,1.0
CSMD1,0.24316609,-0.026303854,0.8078767329947992,1.0
RGMA,0.24314,0.06449156,0.8078969527137111,1.0
ELL3,0.2431027,0.76923543,0.8079258382490412,1.0
PRNCR1,0.24303931,0.23454238,0.8079749442600209,1.0
IMPG1,0.24300575,0.7779065,0.8080009418662492,1.0
IGSF23,0.242961,0.78985614,0.8080356056710187,1.0
SULT1A1,0.24293117,0.4891947,0.8080587150835652,1.0
TMEM116,0.24291626,0.04568218,0.8080702698526412,1.0
SGCZ,0.2428827,0.07963255,0.8080962682361286,1.0
AC073476.3,0.24279694,0.67370284,0.8081627095121968,1.0
USP11,0.24259558,-0.018557988,0.8083187075099451,1.0
CHROMR,0.24253964,-0.028508391,0.80836204163975,1.0
MED1,0.2424949,-0.03992486,0.8083967093668676,1.0
AL023755.1,0.24234948,0.44849393,0.808509382077603,1.0
LINC02446,0.2421332,0.44296473,0.8086769539653778,1.0
AC138409.3,0.24212947,0.31750694,0.8086798432128328,1.0
CDK3,0.24186473,0.34106508,0.8088849864474723,1.0
LCMT1-AS2,0.24174167,0.51830745,0.8089803391840376,1.0
RBM12B,0.24170065,0.017333355,0.8090121240599566,1.0
RFNG,0.24166709,0.09722393,0.8090381301019116,1.0
IL6ST,0.24165218,0.04760074,0.8090496884104841,1.0
COIL,0.24131659,-0.0036082887,0.8093097613626876,1.0
AC089998.4,0.24124946,1.0162753,0.8093617784815578,1.0
MSH4,0.24113014,0.28882846,0.8094542554391484,1.0
AC025048.4,0.24111149,0.28572035,0.8094687052041614,1.0
NOXRED1,0.2410854,0.5446672,0.8094889349843061,1.0
AC100793.2,0.24098845,2.1436632,0.8095640752821442,1.0
KLB,0.24097353,0.030406654,0.8095756354838037,1.0
AC092919.1,0.2409437,1.1894085,0.8095987560117703,1.0
AC093895.1,0.24088404,0.1288641,0.8096449975662259,1.0
AP000281.2,0.24083182,1.6886752,0.8096854594715328,1.0
PRMT9,0.24078335,0.013505014,0.8097230316962477,1.0
AC022167.2,0.24066404,0.047344998,0.8098155190406562,1.0
DPEP1,0.24062301,1.1865004,0.8098473121787771,1.0
PPFIA3,0.24056335,0.0905235,0.8098935573034594,1.0
EFCAB11,0.24052607,0.14170496,0.809922460843448,1.0
SNRNP40,0.24039929,-0.05430719,0.8100207348182471,1.0
AC112484.3,0.2403769,0.7681026,0.810038077595356,1.0
AC097468.4,0.24035454,0.49729398,0.8100554204657341,1.0
RELA-DT,0.24033216,0.70724523,0.8100727634293735,1.0
CACNG6,0.24029487,0.84526765,0.8101016685759976,1.0
RSPH10B,0.23995927,0.65002584,0.8103618265459989,1.0
AC073896.2,0.23994063,-0.0004027728,0.8103762803811211,1.0
AL023581.1,0.23985487,0.61308503,0.8104427688554262,1.0
SPTBN4,0.23970571,0.9579572,0.8105584042421309,1.0
ZNF22,0.23948199,0.1815224,0.8107318650734284,1.0
ARHGEF19,0.23945215,0.39056075,0.8107549938866763,1.0
MYORG,0.23944096,0.7821381,0.8107636672342386,1.0
GALNS,0.23942979,0.30849442,0.8107723406050329,1.0
H6PD,0.23942979,0.14794931,0.8107723406050329,1.0
ATF6B,0.2391874,0.059288844,0.8109602693416189,1.0
NUAK1,0.23907927,-0.22242074,0.8110441179856814,1.0
SNHG8,0.23897485,-0.015711788,0.8111250773541512,1.0
SLC35G2,0.23893757,0.036871497,0.8111539919039108,1.0
LINC00457,0.23876604,-0.0704759,0.8112870021503549,1.0
PLEKHM3,0.23875113,-0.027738381,0.8112985685162393,1.0
LINC00538,0.23872876,1.8490624,0.811315918142294,1.0
AL162584.1,0.23872502,0.029873913,0.8113188097556459,1.0
CAMLG,0.23869893,0.027987465,0.8113390511211801,1.0
AC025262.1,0.23862435,1.1655756,0.8113968842890074,1.0
AL365356.1,0.23855723,-0.008397907,0.8114489350200292,1.0
AP000695.2,0.2385535,2.4091263,0.8114518267517473,1.0
PPP1R32,0.23853113,1.3393427,0.8114691771960728,1.0
OIT3,0.23847893,2.359477,0.8115096619262397,1.0
AC025259.1,0.23845282,0.13530856,0.811529904480337,1.0
SLC25A24,0.23844536,0.139999,0.8115356880903639,1.0
AC083964.1,0.2384379,1.5642573,0.8115414717106756,1.0
Z69733.1,0.23838943,1.2585505,0.8115790654933711,1.0
AL160313.1,0.23838197,0.73195064,0.8115848491908086,1.0
AC009478.1,0.23837079,2.0413427,0.8115935247562441,1.0
PLA2G12B,0.23836705,2.0450013,0.8115964166165301,1.0
AC023511.3,0.23836705,2.050117,0.8115964166165301,1.0
AC083862.3,0.23831485,1.5636283,0.8116369029304085,1.0
SEC11A,0.23829249,-0.046257026,0.8116542543619826,1.0
CD36,0.23818435,0.5142426,0.8117381209185318,1.0
CNGA4,0.23816569,1.5787344,0.811752580888012,1.0
LINC02313,0.23815078,1.111181,0.8117641489098266,1.0
NAALAD2,0.2381023,0.52681243,0.8118017452644967,1.0
MARVELD3,0.238024,1.0752017,0.8118624787540574,1.0
SDHA,0.23793077,-0.09447012,0.8119347820032834,1.0
STN1,0.23784502,0.10804942,0.8120013024089914,1.0
AC007637.1,0.23783755,0.90355104,0.8120070868562301,1.0
LAIR1,0.2377145,0.7771143,0.8121025317167326,1.0
COX6B2,0.23771077,0.11928944,0.8121054240288234,1.0
MPHOSPH6,0.23747958,-0.007983832,0.8122847523838782,1.0
PPME1,0.2372745,-0.09019759,0.8124438422306364,1.0
AL512380.2,0.23710297,0.1856717,0.8125769051388392,1.0
MRPL50,0.23706569,0.25161883,0.8126058325742492,1.0
MICOS13,0.23703586,-0.078596376,0.8126289747066939,1.0
LOXL1,0.23690161,0.14743192,0.8127331163274356,1.0
KANSL1-AS1,0.23689789,0.38669452,0.8127360091975186,1.0
PARP14,0.2367711,0.07207232,0.8128343683005769,1.0
RNASEL,0.23675992,0.36026454,0.8128430471867415,1.0
PINK1-AS,0.23667789,0.595784,0.8129066930542422,1.0
ZNF547,0.23656602,0.17118208,0.8129934848649789,1.0
AC009404.1,0.2364728,0.21139558,0.8130658131285116,1.0
FNDC8,0.23628263,0.5521276,0.8132133677295353,1.0
VMAC,0.23620805,-0.17720075,0.8132712340891493,1.0
TSR2,0.23617822,-0.058155872,0.8132943809184343,1.0
UBQLNL,0.23606636,0.8237796,0.813381182980518,1.0
FABP1,0.23582025,3.9255445,0.8135721555844639,1.0
SPEG,0.23579788,1.5156051,0.8135895172800456,1.0
L1CAM,0.23576805,3.554701,0.8136126663499635,1.0
KCNK3,0.23564126,1.8149506,0.8137110517132474,1.0
AC008443.5,0.23562635,1.4529064,0.8137226266551385,1.0
AC097459.1,0.23561144,0.9585379,0.8137342016377096,1.0
TNNT1,0.23545483,1.4755452,0.8138557414101366,1.0
PIK3C2G,0.23545483,1.0931752,0.8138557414101366,1.0
AP002433.2,0.23542126,0.051690936,0.813881786230281,1.0
UGT3A2,0.23532803,0.8161053,0.8139541340324873,1.0
LINC02207,0.2352982,0.9814744,0.8139772856644288,1.0
C1QTNF3,0.23518634,1.0757439,0.8140641057313626,1.0
AC002347.2,0.23517889,0.80078727,0.8140698938170523,1.0
SP2,0.23515278,0.01842226,0.8140901521969091,1.0
SDHC,0.23511922,-0.0002533402,0.8141161988680059,1.0
AC007773.1,0.23510803,0.11564641,0.814124881137378,1.0
TMEM269,0.23499244,-0.04961529,0.8142145992578096,1.0
SEC61A2,0.23492533,-0.112771355,0.8142666947687786,1.0
UBE2J1,0.23486939,-0.029197633,0.8143101083220925,1.0
PCNT,0.234806,-0.04961776,0.8143593110386328,1.0
FMO5,0.23461583,-0.016520502,0.8145069235816793,1.0
TTC21B,0.23457481,0.00720612,0.8145387624448082,1.0
AL162231.2,0.2343287,0.5207188,0.8147298020550311,1.0
AC004593.1,0.23409006,-0.08589373,0.814915063107972,1.0
CPT1C,0.23398192,1.0897949,0.8149990129306046,1.0
EEF2KMT,0.23381785,0.30801773,0.8151263891312882,1.0
AC130650.2,0.23359784,0.10243958,0.8152971967054832,1.0
ZNF761,0.23350462,0.11392081,0.8153695754445865,1.0
MYL5,0.2335009,0.2834241,0.8153724706269256,1.0
C14orf178,0.23343006,0.8367768,0.8154274795702794,1.0
SLC25A25-AS1,0.2333592,0.16078901,0.8154824894233847,1.0
CNBD1,0.23335548,0.70947963,0.8154853847040072,1.0
NAPG,0.2332809,0.0023606573,0.8155432908454654,1.0
IFNG-AS1,0.23323242,1.6563098,0.8155809303776643,1.0
TRPC5OS,0.23318022,3.8699787,0.8156214657344066,1.0
AMIGO1,0.23316531,1.5688612,0.8156330473555404,1.0
NMRK2,0.23314293,3.542727,0.8156504198627617,1.0
AC010245.1,0.2331392,0.48848295,0.8156533152894423,1.0
AL136164.1,0.23312801,3.3692317,0.8156620015845862,1.0
GSG1L,0.23312056,0.2520167,0.8156677924606007,1.0
LINC00534,0.23305717,-0.05344724,0.8157170153131764,1.0
RBL2,0.23304598,0.013119406,0.8157257017744188,1.0
AC093849.4,0.23303479,0.15876505,0.8157343882583067,1.0
RUNDC1,0.2330087,0.17042965,0.8157546568087719,1.0
ZNF506,0.23296767,-0.058782812,0.8157865076371319,1.0
AC005920.1,0.23295276,1.6911806,0.8157980898319993,1.0
GPN2,0.23293039,0.10923918,0.815815463199756,1.0
ST13,0.23288937,-0.028948864,0.8158473146091217,1.0
ABTB1,0.23287818,1.0896566,0.8158560014099385,1.0
TAGLN3,0.23279615,1.4609815,0.8159197053073373,1.0
SMIM30,0.23275512,0.3442715,0.8159515577122831,1.0
SERHL2,0.23265445,-0.022146396,0.8160297421772245,1.0
TTC36,0.23261343,1.0385034,0.8160615956324713,1.0
SPDYE1,0.23259479,-0.031404182,0.8160760745762383,1.0
AP000224.1,0.23256496,0.23741136,0.8160992410168646,1.0
AC066613.2,0.23254631,-0.056697845,0.8161137201238731,1.0
AC080038.2,0.23243445,0.81404895,0.8162005960840653,1.0
AL591848.4,0.2323897,0.17950173,0.8162353471006997,1.0
AC011477.2,0.23233376,0.8154927,0.8162787863796515,1.0
AC114689.3,0.23223682,0.6643219,0.8163540824669996,1.0
IL32,0.23203918,0.118043475,0.8165075758946299,1.0
ATN1,0.23184901,-0.06699987,0.8166552837631118,1.0
AL162464.2,0.23130088,0.34101564,0.8170810663943453,1.0
PET117,0.2312636,0.097973496,0.8171100331617518,1.0
SCARF2,0.2311107,0.13332759,0.8172287995193185,1.0
AC008892.1,0.23074155,0.22706486,0.8175155941166247,1.0
PDPN,0.23073035,0.2716262,0.8175242852435547,1.0
AC010300.1,0.23070426,0.40632346,0.8175445646269607,1.0
LINC01060,0.2306968,1.1112978,0.8175503587589359,1.0
AC234917.2,0.23059985,2.2797523,0.817625683381649,1.0
AL355482.1,0.2305551,3.9854798,0.8176604491601588,1.0
MVK,0.23052527,0.11946625,0.8176836265450929,1.0
IL6R,0.23048799,1.5453005,0.8177125985003947,1.0
SCN11A,0.23039477,0.009447659,0.8177850294779511,1.0
AC025165.5,0.23036121,1.8112843,0.8178111050107302,1.0
PLCE1-AS2,0.23033883,1.4990593,0.8178284888112439,1.0
NEAT1,0.23022696,1.2863249,0.8179154091574371,1.0
AC016831.5,0.23021205,1.0948924,0.817926998706092,1.0
VASH1-AS1,0.23019713,0.4758045,0.8179385882945421,1.0
BEST2,0.23012255,1.3270298,0.8179965368336355,1.0
TRIM17,0.23010764,-0.03257336,0.8180081266608056,1.0
RGS5,0.230089,-0.019131506,0.8180226140007059,1.0
RNF215,0.23007408,0.23133859,0.8180342039173734,1.0
KDM1B,0.2300368,-0.0419222,0.8180631788830419,1.0
AC109446.3,0.22993238,-0.12934966,0.8181443101090287,1.0
STK19,0.22993238,0.058348794,0.8181443101090287,1.0
CELF4,0.22968255,0.58497304,0.8183384534474701,1.0
FAM98A,0.22952221,0.06906859,0.8184630587736216,1.0
AC244090.1,0.22945882,0.68921965,0.8185123226094662,1.0
TAF8,0.22929475,0.033169173,0.8186398323351401,1.0
C4orf19,0.22919035,0.1164741,0.818720977385682,1.0
NPNT,0.2289778,0.16012515,0.8188861715233015,1.0
GUCY1A1,0.22882119,-0.001498272,0.8190078986644639,1.0
POPDC2,0.22876525,0.33585432,0.8190513737007892,1.0
SLC41A1,0.22872424,0.12533289,0.8190832557476534,1.0
AC090607.1,0.22867577,0.28801778,0.8191209349159345,1.0
ZNF682,0.22862728,-0.07288951,0.8191586145018948,1.0
TMEM179B,0.22859372,0.10189036,0.8191847006137298,1.0
ZNF385A,0.2285266,0.3670108,0.8192368734377359,1.0
DNAJC9,0.22837372,-0.0066150287,0.8193557145239063,1.0
RHOBTB2,0.22826558,0.27393383,0.8194397753587093,1.0
AL031600.3,0.22817236,0.6081624,0.8195122432610512,1.0
SLC22A14,0.22795609,0.75879484,0.8196803747298972,1.0
PRKAG3,0.22793745,3.961806,0.8196948692102413,1.0
TMPRSS11F,0.22790016,3.649802,0.8197238583557178,1.0
AL078621.4,0.22784422,1.2069993,0.819767342535832,1.0
VWA5A,0.22775847,2.651635,0.8198340193549403,1.0
PDE1A,0.22773236,0.90355235,0.8198543125584256,1.0
AC068790.3,0.2276988,1.3805834,0.8198804039972978,1.0
AL445190.1,0.22769508,1.7222482,0.8198833030583692,1.0
AL121749.2,0.22765405,0.13190266,0.8199151928926004,1.0
AC093765.2,0.22763541,1.6765536,0.8199296883702397,1.0
AL512634.1,0.2275683,1.3360078,0.8199818725990952,1.0
AC016907.2,0.22747508,0.71131176,0.8200543520169974,1.0
RILPL1,0.22746016,-0.07088538,0.8200659488665092,1.0
KRT8,0.22735202,0.63027793,0.8201500272019568,1.0
AC003666.1,0.22724761,-0.080948286,0.8202312082458795,1.0
CLDN11,0.22705744,0.5761979,0.8203790786674486,1.0
CCDC17,0.22699031,0.70728385,0.8204312697527493,1.0
MUL1,0.22698286,0.35512343,0.8204370688113152,1.0
AC055807.1,0.226912,0.6609381,0.820492160357246,1.0
SEL1L,0.22680014,0.06626589,0.8205791488118594,1.0
PRH2,0.22674048,0.1009416,0.8206255435568135,1.0
CFL2,0.22670692,0.5934839,0.8206516408766695,1.0
SYNGR2,0.2266398,0.087548204,0.8207038361120179,1.0
TBC1D4,0.22638251,0.0105214035,0.8209039252010598,1.0
TMEM184A,0.22628929,0.19032976,0.8209764241248332,1.0
MEN1,0.226252,-0.06389925,0.8210054241226026,1.0
AC021739.2,0.22623336,-0.09940852,0.8210199242132383,1.0
U91319.1,0.22619608,0.25061274,0.8210489245779875,1.0
AC124947.1,0.22612895,0.35026613,0.8211011258509155,1.0
AC048341.2,0.22603573,0.40748143,0.8211736289332064,1.0
SLC52A2,0.22602081,0.46944112,0.8211852295681642,1.0
STK11,0.22601336,-0.054177657,0.8211910299003087,1.0
AC021148.2,0.22579336,0.38771895,0.8213621440955629,1.0
NQO2,0.22572997,0.019500228,0.8214114497635474,1.0
NPAS3,0.22567776,0.87733644,0.8214520549610632,1.0
TMSB4X,0.22558081,0.14797626,0.8215274658826945,1.0
MRPL20-AS1,0.22547267,0.07872424,0.821611580010175,1.0
AL670729.3,0.22528996,1.0625533,0.8217537085404771,1.0
CTRC,0.22525267,3.7080395,0.8217827150819765,1.0
LERFS,0.22524895,0.24204873,0.8217856157495271,1.0
AC013762.1,0.22521539,2.0932958,0.821811721867113,1.0
MRPL52,0.2251669,-0.022546861,0.8218494310519648,1.0
ANKRD34A,0.22514826,1.1623673,0.8218639346942017,1.0
LINC02780,0.22511843,2.7977562,0.8218871406484143,1.0
FLT3LG,0.22509606,0.2824323,0.8219045452163444,1.0
DIRC3-AS1,0.22505131,1.7529786,0.8219393546151507,1.0
NDUFV2-AS1,0.2250252,-0.015181989,0.8219596602596729,1.0
AC087749.1,0.22492453,0.092090845,0.8220379831485065,1.0
CRB2,0.2248425,0.8400472,0.8221018031100888,1.0
AC000113.1,0.22483876,1.144126,0.8221047040454064,1.0
PTPRQ,0.22468589,1.0516584,0.822223644487041,1.0
TPR,0.22466724,0.016965816,0.8222381496985138,1.0
TSPEAR-AS1,0.22465606,0.7634939,0.8222468528545621,1.0
TAF9,0.22416012,0.42818016,0.822632714736805,1.0
ZNF181,0.2241452,0.91102993,0.8226443202703858,1.0
NUAK2,0.22373876,0.47171372,0.8229605859865334,1.0
AC131182.1,0.22351876,0.07990124,0.8231317876868377,1.0
WNT5A,0.22346282,0.016040778,0.8231753148854579,1.0
CCDC174,0.22319435,0.18566988,0.823384253009672,1.0
U2AF2,0.22279163,-0.043591425,0.8236976836674692,1.0
DPYSL4,0.22273943,1.0046316,0.8237383156276424,1.0
AL138720.1,0.22264993,-0.18879959,0.8238079715156599,1.0
LRIT3,0.22263129,0.85135937,0.823822483333712,1.0
LINC01346,0.22254552,3.2142038,0.8238892384725147,1.0
COL22A1,0.22251196,1.8723285,0.8239153603954246,1.0
GRAP2,0.22245976,1.8871664,0.8239559948854394,1.0
AC060765.1,0.22232552,1.6195295,0.8240604857406951,1.0
PLSCR2,0.2223106,1.5711144,0.824072096028259,1.0
RHBG,0.22228451,1.281463,0.8240924141241306,1.0
SNX17,0.22225094,0.0626173,0.8241185375634714,1.0
TMEM268,0.22195263,-0.18723424,0.8243507544735784,1.0
AL117339.4,0.22177738,0.5529521,0.8244871890796328,1.0
ZNF776,0.22164313,-0.07453606,0.8245916957689157,1.0
FLVCR1-DT,0.22163196,0.52057505,0.8246004048000709,1.0
WDR5,0.22163196,-0.037886553,0.8246004048000709,1.0
RHEBL1,0.22153874,0.7641257,0.8246729808993004,1.0
PIGT,0.22127026,0.044392098,0.8248820084374546,1.0
PDC,0.22109872,0.668927,0.8250155603111375,1.0
AC025188.1,0.22089364,0.058519896,0.8251752485473024,1.0
ZNF70,0.22081533,0.059078097,0.8252362223280938,1.0
MTHFS,0.22077058,-0.15349358,0.8252710649619354,1.0
WFS1,0.22071093,0.14880782,0.8253175223424684,1.0
EPHX1,0.22067736,-0.051138088,0.8253436548878655,1.0
ATP7B,0.22066991,-0.0034387961,0.8253494621464594,1.0
DRG2,0.2205655,0.24536663,0.825430764770117,1.0
CD59,0.22055805,0.14752571,0.8254365721720333,1.0
BRF1,0.22049466,-0.07166606,0.8254859354739666,1.0
ZNF329,0.22046855,0.1116632,0.8255062617400242,1.0
AL135910.1,0.2203828,0.26259232,0.8255730488662866,1.0
AL390728.6,0.22030449,-0.03659821,0.8256340295188276,1.0
ZNF672,0.22024482,0.109233685,0.8256804916745029,1.0
CERK,0.2202038,-0.15532225,0.8257124347606912,1.0
AC011290.1,0.22003974,1.2795202,0.8258402099901064,1.0
AC108471.2,0.22001736,0.5492284,0.8258576342425121,1.0
NOX1,0.21994278,0.63568276,0.8259157157032729,1.0
ZNF429,0.21990922,-0.077276796,0.8259418526714521,1.0
LINC02640,0.2199055,3.1304004,0.8259447567909352,1.0
AC106886.3,0.21989058,2.929539,0.8259563732926805,1.0
P2RX1,0.21986821,3.159046,0.825973798116734,1.0
COL9A3,0.21984583,2.7880645,0.825991223026503,1.0
AC079584.1,0.21983838,2.9937665,0.8259970313488056,1.0
PAQR8,0.219816,1.7921255,0.8260144563728489,1.0
AC011455.1,0.21980855,2.6123009,0.8260202647332405,1.0
AC003035.1,0.21974888,2.0352037,0.8260667319591211,1.0
AP000812.1,0.21969669,1.6822778,0.8261073912815199,1.0
ZMIZ2,0.21968922,0.017650314,0.8261131997942182,1.0
PGBD4,0.21953261,0.05274767,0.826235180758732,1.0
DAPK3,0.21934989,0.16036266,0.8263774971844864,1.0
AC069224.1,0.21925667,0.8684819,0.8264501098035408,1.0
AC005695.2,0.21921939,0.05826742,0.826479155266765,1.0
LINC00235,0.21915227,0.76435995,0.8265314376988647,1.0
HSD17B10,0.21910752,0.22539116,0.8265662930808602,1.0
GSTT2B,0.21857803,0.75922835,0.8269787743641761,1.0
AL390866.1,0.21846616,0.42508343,0.8270659244095901,1.0
CXXC4-AS1,0.21833564,0.111509375,0.827167602154424,1.0
FBXW8,0.21833192,-0.005057352,0.827170507275429,1.0
LRRC8B,0.21819395,-0.009532208,0.8272779984149806,1.0
ALG6,0.21816784,0.15749012,0.8272983349405892,1.0
MPRIP-AS1,0.21801497,0.2326802,0.8274174512015016,1.0
CCDC157,0.21796276,0.11531232,0.8274581259561449,1.0
AC010973.2,0.21772039,-0.18097809,0.8276469790923169,1.0
TMEM140,0.21766445,0.0056445226,0.8276905620009632,1.0
ZFYVE9,0.21760479,0.011278102,0.8277370510216966,1.0
Z84485.1,0.21755631,0.24212445,0.8277748237954645,1.0
ZNF699,0.217437,0.2917231,0.827867804627857,1.0
EGLN3-AS1,0.21722817,2.732709,0.8280305268887385,1.0
LDHD,0.21720953,1.8290702,0.8280450560210781,1.0
ADAMTS5,0.21714987,1.7630883,0.8280915496399395,1.0
AC112206.2,0.21705665,0.8660198,0.8281641971252338,1.0
NXNL2,0.21689631,1.3375754,0.8282891542381967,1.0
ARSI,0.21687393,1.2876176,0.8283065904599914,1.0
AC127496.5,0.21680681,0.9759851,0.8283588996329627,1.0
TAGLN,0.21679936,0.7704632,0.8283647118102849,1.0
PATZ1,0.21670614,-0.04503697,0.8284373648196097,1.0
AL158163.2,0.21669123,0.9408614,0.8284489894373224,1.0
ZSCAN12,0.2165719,0.013714412,0.828541987731382,1.0
AC018761.2,0.21656817,0.7141056,0.828544893966803,1.0
ZNF808,0.21652342,0.038925286,0.8285797689749048,1.0
CADM4,0.21652342,-0.026710546,0.8285797689749048,1.0
FITM1,0.21650478,0.69351214,0.8285943003280095,1.0
AL049869.2,0.21643393,0.691806,0.8286495200047184,1.0
AL355112.1,0.21638545,0.560596,0.8286873023766724,1.0
AC005972.3,0.2163519,0.80216336,0.8287134596355746,1.0
FNDC3A,0.21627359,0.012873186,0.8287744939782122,1.0
AL157886.1,0.21613562,0.5473807,0.828882033191921,1.0
SYCP3,0.2159902,0.09940131,0.8289953888075983,1.0
FAM114A1,0.21592307,0.11769898,0.8290477079851177,1.0
ALMS1-IT1,0.21591562,0.009483483,0.8290535212738739,1.0
CEP250,0.2158746,-0.03572745,0.8290854945293482,1.0
AC007220.2,0.2158485,0.58433133,0.829105841293877,1.0
CDC37L1-DT,0.21575901,0.40972733,0.8291756024996171,1.0
SHFL,0.21573663,0.3867454,0.8291930430115446,1.0
ANKZF1,0.2156807,0.0488895,0.8292366446596346,1.0
AP001267.1,0.2155502,0.5615578,0.8293383838838317,1.0
MRPS36,0.21530782,0.17069367,0.8295273357494439,1.0
TAB1,0.21526307,-0.022949617,0.8295622202493697,1.0
P4HA1,0.21500951,0.0066804,0.8297599054273068,1.0
AL592148.3,0.21500951,0.50410354,0.8297599054273068,1.0
LMAN2,0.21478577,0.049346652,0.8299343424762603,1.0
CSRP2,0.21477087,0.033103146,0.8299459719109992,1.0
IQANK1,0.21475968,0.9772858,0.8299546940115012,1.0
TRGV1,0.21466273,3.1181934,0.8300302864268226,1.0
MIR4290HG,0.21466273,3.2198656,0.8300302864268226,1.0
THOC1,0.21465154,-0.009880057,0.8300390087298384,1.0
LILRB3,0.2146329,0.18726175,0.8300535459480732,1.0
NOTCH4,0.21461798,0.7992329,0.8300651757645462,1.0
DNAJC30,0.21458443,0.5361754,0.8300913429877231,1.0
AL133257.1,0.21456577,2.8635514,0.8301058804153595,1.0
AC009974.2,0.21442407,1.2558541,0.8302163667655866,1.0
UIMC1,0.21441662,0.006992309,0.8302221819296606,1.0
AC062022.2,0.2143756,-0.020687835,0.8302541654982754,1.0
NPIPA9,0.21436441,1.2116687,0.8302628883385277,1.0
ZNF688,0.21426001,0.8490626,0.8303443025227598,1.0
ZNF765,0.21422645,0.048862077,0.8303704717545245,1.0
FAM243B,0.2140661,0.8838863,0.8304955051248342,1.0
AC104984.5,0.21373424,0.057886735,0.8307543087543406,1.0
C14orf132,0.21355152,0.3567798,0.8308968039835358,1.0
USP6,0.21342102,1.1336093,0.8309985896945149,1.0
AP001029.2,0.21319729,0.27646524,0.831173086079874,1.0
MMAA,0.21299219,0.056951147,0.8313330484119404,1.0
ADGRE2,0.2128766,1.0105156,0.8314232120786883,1.0
SAP30L,0.21271999,0.78595823,0.8315453728437155,1.0
MBD1,0.21270508,0.00419676,0.8315570074145912,1.0
SMPD3,0.21264169,0.054166406,0.8316064547525794,1.0
AC009065.4,0.21244779,0.21620561,0.8317577095702264,1.0
NFKB1,0.21240677,-0.0044245985,0.8317897065802811,1.0
SEPSECS-AS1,0.21238439,0.7492502,0.8318071596123582,1.0
SDAD1,0.21236575,0.0004676389,0.8318217038691068,1.0
SGO1-AS1,0.21236575,-0.038987417,0.8318217038691068,1.0
LYSMD2,0.21235457,0.17150056,0.831830430450798,1.0
AL355388.2,0.21229117,0.24105504,0.8318798814719204,1.0
SHD,0.21200033,2.9757488,0.832106782920945,1.0
AC011632.1,0.21199286,3.0862157,0.8321126010908704,1.0
RARRES2,0.21194066,0.9572488,0.8321533285378868,1.0
ASB10,0.21188846,2.412277,0.83219405643552,1.0
AL158058.2,0.21184371,2.2787678,0.8322289664206366,1.0
AC010132.4,0.21179524,1.6163881,0.8322667859446125,1.0
FBN3,0.21177658,1.2243991,0.8322813320187671,1.0
AC073569.3,0.2117132,1.4499184,0.8323307891004715,1.0
C2orf81,0.21170202,0.90641284,0.832339516889679,1.0
SMARCC2,0.21161625,0.012999583,0.8324064306268737,1.0
TBC1D13,0.21157897,0.0972116,0.8324355239349076,1.0
AC092164.1,0.21135896,-0.05623083,0.8326071791231419,1.0
AC009236.1,0.2110793,0.6006776,0.8328253963923754,1.0
AC006111.2,0.21088167,0.3500214,0.832979611031746,1.0
PPEF1,0.21076234,0.47561708,0.8330727248695742,1.0
ZKSCAN7-AS1,0.2107176,0.022433998,0.833107643162557,1.0
EID2B,0.21045285,0.39894894,0.8333142497973094,1.0
SRSF8,0.21026267,0.3179088,0.8334626644852359,1.0
TMCO6,0.21015081,0.31199622,0.8335499700153993,1.0
ALG10B,0.2101098,0.033964958,0.8335819825574363,1.0
NOX5,0.21009861,0.833792,0.8335907132986031,1.0
KCP,0.21003148,0.10059391,0.8336430981764815,1.0
INAFM1,0.20966606,0.24871719,0.8339283176833454,1.0
MOB2,0.2094908,0.15653096,0.8340651143864611,1.0
AC007349.2,0.20947962,1.1977968,0.8340738462614826,1.0
GFRA2,0.20944233,1.3897333,0.8341029526593291,1.0
ZNF571,0.20943487,-0.059315484,0.8341087739661777,1.0
PABPC1L,0.20940503,0.016554395,0.8341320592844916,1.0
AC104024.4,0.20939012,1.927794,0.8341437019981965,1.0
ARMCX2,0.20928572,0.44306082,0.8342252020121249,1.0
ALKBH3,0.20922606,-0.05537752,0.8342717742482904,1.0
CABLES2,0.20913284,-0.017602336,0.8343445445310838,1.0
MRPS5,0.20912911,0.060205035,0.8343474553719088,1.0
MAP7D3,0.2090769,-0.02414388,0.834388207381783,1.0
FAM138C,0.20895012,1.0871832,0.834487178400214,1.0
ADGRG5,0.20881587,0.75657934,0.8345919741009715,1.0
PHF3,0.20875995,0.01842568,0.8346356398433876,1.0
AP3B2,0.20865554,-0.04936586,0.8347171505933089,1.0
PRKCZ,0.20860334,0.034479458,0.8347579066342308,1.0
ZNF546,0.20858842,-0.03467003,0.8347695512988762,1.0
IFT46,0.20858096,0.20756306,0.8347753736447849,1.0
AP000763.3,0.20846537,0.18640247,0.8348656211643258,1.0
NPIPB2,0.20822299,0.08477426,0.8350548568935816,1.0
AC117834.2,0.2081969,0.5867168,0.8350752366957982,1.0
SERINC4,0.20814468,0.4025747,0.8351159966324722,1.0
LINC01002,0.20794334,0.4283803,0.835273217678912,1.0
MATN3,0.20790604,0.4124949,0.835302333410125,1.0
AF111169.3,0.20732807,1.0529011,0.8357536560840577,1.0
CTXN1,0.20724231,-0.17465039,0.8358206311570578,1.0
LINC02443,0.20723857,0.37175134,0.8358235431437606,1.0
AC093898.1,0.20700365,1.6183741,0.8360070028409795,1.0
CTR9,0.20698501,-0.05594324,0.8360215635166687,1.0
DHX35,0.20692907,0.029182086,0.8360652458808628,1.0
TCAF2,0.20691416,1.5174764,0.8360768945967083,1.0
CLDN2,0.20691416,1.0720477,0.8360768945967083,1.0
AC040896.1,0.20689179,0.09540328,0.8360943677378827,1.0
TACR3,0.20686568,2.2652376,0.8361147531714759,1.0
AP002907.1,0.20686196,-0.08657931,0.8361176653852608,1.0
AC007620.2,0.20669043,0.79324627,0.8362516296470552,1.0
AMOTL1,0.20664196,0.012256213,0.8362894899733042,1.0
ASB2,0.20662332,2.4309614,0.8363040517382341,1.0
GSDMC,0.20661585,2.4049737,0.8363098764599135,1.0
EFNA3,0.20660093,2.4036486,0.8363215259301975,1.0
RGN,0.20658976,1.6681155,0.8363302630564691,1.0
AL139385.1,0.2065711,2.2572074,0.8363448249784583,1.0
AC116025.1,0.20654874,2.1001804,0.8363622993588752,1.0
RBM34,0.20654501,0.3924326,0.8363652117634623,1.0
HMGA1P4,0.2065301,0.83529025,0.8363768614042416,1.0
AC244035.1,0.20644806,1.4641569,0.8364409350699332,1.0
AL645940.1,0.20636229,0.88374686,0.8365079223352329,1.0
ATP6V0A4,0.20633993,1.0918193,0.8365253974690073,1.0
AC083805.1,0.2062094,1.082643,0.8366273373569592,1.0
CPEB1-AS1,0.20617585,0.1985426,0.8366535509145067,1.0
AC006348.1,0.20616093,1.1163489,0.8366652014427493,1.0
SYCP2L,0.20614602,0.007798004,0.8366768520068171,1.0
LINC02133,0.2060789,0.7732664,0.8367292799883923,1.0
Z93020.1,0.2060267,0.012644127,0.8367700578087679,1.0
CMYA5,0.2058216,0.17597099,0.8369302606338005,1.0
HIC1,0.20581415,0.5900156,0.8369360863185396,1.0
ST6GALNAC1,0.20569482,0.4701799,0.8370292984902451,1.0
TATDN3,0.20567991,-0.0113245305,0.8370409501725985,1.0
AC079226.2,0.2056389,0.22441863,0.8370729924833737,1.0
LINC01586,0.20557924,0.012310566,0.8371195999633179,1.0
FUCA1,0.20555685,0.50013846,0.8371370779156849,1.0
ATRAID,0.20541143,0.05143265,0.837250686564969,1.0
CGAS,0.20541143,0.4774958,0.837250686564969,1.0
MARS2,0.20506465,0.15425318,0.837521613189166,1.0
AL451137.2,0.20500126,0.34988368,0.8375711394945821,1.0
LINC00870,0.2047999,0.14487197,0.8377284626153382,1.0
TMEM263,0.20477752,0.023841739,0.8377459433626848,1.0
MAP2K7,0.20444566,-0.0496027,0.8380052505152897,1.0
YIPF5,0.20428905,0.25533554,0.838127626295075,1.0
PLCXD3,0.20425177,2.1134176,0.8381567639627024,1.0
CAPN13,0.20412499,1.9756309,0.8382558336923699,1.0
ATP6V1H,0.20412125,-0.021964805,0.8382587475467689,1.0
ITCH-AS1,0.2040765,0.02207527,0.8382937139725372,1.0
AP005059.1,0.20405413,0.80002004,0.8383111973051642,1.0
CRLF2,0.20402803,1.7640842,0.838331594627442,1.0
AL450043.1,0.20402057,2.6189592,0.8383374224537596,1.0
PLCB2,0.20395346,0.99372476,0.8383898732896043,1.0
PDLIM4,0.20389752,0.9406969,0.8384335828679694,1.0
TRBV27,0.20388633,2.2417984,0.8384423248434657,1.0
GRIK1-AS1,0.2038565,1.9939454,0.8384656368755969,1.0
PM20D1,0.20384905,1.8570857,0.8384714649057815,1.0
OPN5,0.20379685,1.5464989,0.8385122613651372,1.0
UBE2Q2L,0.20377447,1.1167599,0.8385297456948784,1.0
AL672032.1,0.20374463,1.3985221,0.838553058258529,1.0
AC246817.2,0.20353583,0.028308319,0.8387162501703247,1.0
AC013643.2,0.20349108,0.08389579,0.8387512207683362,1.0
PPCS,0.20348361,0.23930787,0.838757049232298,1.0
ZFY-AS1,0.20341277,0.12878321,0.8388124200810261,1.0
AL080317.1,0.20340158,0.17822546,0.8388211629195671,1.0
ZDHHC11,0.20339413,0.7759335,0.8388269914896462,1.0
GOLGA5,0.20334938,-0.015760906,0.8388619630957733,1.0
DNTTIP1,0.20334566,0.09720078,0.8388648774106485,1.0
LINC01435,0.20328972,0.7161185,0.8389085923989281,1.0
TRMU,0.20323005,-0.0374554,0.8389552222676351,1.0
AC016394.1,0.2032226,0.66445035,0.8389610510409808,1.0
AP000229.1,0.20317039,0.61567956,0.8390018527017346,1.0
SRI,0.20301005,-0.02374368,0.8391271747937104,1.0
AL157935.1,0.20273785,0.41519213,0.8393399402430592,1.0
CNEP1R1,0.20273411,0.05818564,0.8393428549198174,1.0
GPC2,0.20228666,-0.0841749,0.8396926321162796,1.0
LATS2-AS1,0.20227547,0.028211914,0.8397013769521372,1.0
P2RY11,0.20222327,0.19559771,0.8397421864477579,1.0
EPDR1,0.20218597,0.01016173,0.839771336351262,1.0
AL158212.2,0.20206666,0.42054808,0.839864617519127,1.0
SIGMAR1,0.20192495,0.1021117,0.8399753918271288,1.0
AC145207.2,0.20186903,-0.041647848,0.840019119400272,1.0
AC009630.3,0.20182055,0.018713241,0.8400570170297113,1.0
AL607028.1,0.20162292,0.2044974,0.8402115265859117,1.0
COL9A2,0.20158564,1.1687818,0.8402406800229614,1.0
SLC25A30,0.20155953,0.093273856,0.8402610875592881,1.0
AC022445.1,0.20152597,0.85552984,0.8402873259780408,1.0
BOLL,0.2013619,0.004677189,0.8404156052458888,1.0
ALOX5AP,0.20134325,2.5028002,0.8404301827036426,1.0
APOL5,0.2012463,2.0051565,0.8405059863659774,1.0
LINC00989,0.20122392,2.21635,0.8405234797288859,1.0
BMP3,0.20121647,2.0182195,0.8405293108673569,1.0
MLN,0.20120156,1.8772194,0.8405409731705498,1.0
AC022874.1,0.20118292,1.4684433,0.8405555510987572,1.0
AL162391.1,0.20117919,2.0526662,0.8405584666909606,1.0
Z99289.1,0.20116428,1.4879994,0.8405701290816454,1.0
PAIP1,0.20111953,0.04292509,0.8406051164636447,1.0
AQP6,0.20094053,0.20066556,0.8407450691396194,1.0
FOXO4,0.20092562,0.710335,0.8407567320898849,1.0
ZFHX4,0.20088461,0.0065977937,0.8407888053833321,1.0
SFT2D3,0.20084359,0.21674363,0.840820878941057,1.0
AL589990.1,0.200728,0.16577215,0.8409112694796903,1.0
RERE-AS1,0.2006907,0.19609426,0.8409404281654228,1.0
RNF13,0.20063478,0.015090706,0.840984166603151,1.0
KCNG2,0.2005863,0.028106647,0.8410220736462207,1.0
AC073091.4,0.1999524,0.38426113,0.8415178150262725,1.0
PTPN2,0.19991884,0.034744177,0.8415440619113053,1.0
CAPN10-DT,0.19982934,0.009462614,0.8416140544655653,1.0
AL022328.2,0.19982187,0.26734215,0.8416198872349283,1.0
STOX1,0.19981815,-0.06539121,0.8416228036228693,1.0
AC112254.1,0.19978459,0.07892093,0.8416490512121181,1.0
CYP51A1-AS1,0.19965035,0.10915848,0.8417540433286599,1.0
AC006460.2,0.1996429,-0.021990415,0.8417598763065468,1.0
AC126773.3,0.1995012,0.29578668,0.8418707045361173,1.0
C1orf146,0.19943781,0.34569106,0.8419202866006372,1.0
ACTR8,0.19940051,-0.25480998,0.8419494528137715,1.0
LACTB2,0.19922526,-0.033255562,0.8420865369197259,1.0
EPCAM-DT,0.19918051,1.0391198,0.8421215378841951,1.0
TNS2,0.19909103,1.0225515,0.8421915407489176,1.0
BRSK1,0.19903137,-0.059389986,0.8422382100183565,1.0
RBAK,0.19891576,-0.0033159866,0.8423286333047832,1.0
CILP,0.19885984,1.8798484,0.8423723872543917,1.0
AC018695.4,0.19885238,0.92340016,0.8423782211511128,1.0
AC008073.2,0.19871068,2.4722214,0.8424890668322602,1.0
LINC02823,0.19865848,2.3370004,0.8425299055016564,1.0
SPACA7,0.19865102,2.1073387,0.8425357396318609,1.0
AC073091.3,0.19864357,2.1619139,0.8425415737707085,1.0
AC096708.2,0.1986361,0.9271785,0.8425474079181989,1.0
AL359397.2,0.1986361,1.498917,0.8425474079181989,1.0
AC020594.1,0.1986361,1.5422194,0.8425474079181989,1.0
GPR108,0.19858763,0.01946252,0.8425853300875348,1.0
AC009522.1,0.19856153,0.43976504,0.8426057498683915,1.0
HLA-DOB,0.19854662,1.7702917,0.8426174183621132,1.0
AC084824.5,0.19847204,0.86537045,0.8426757613489992,1.0
PAQR6,0.19841984,0.74802846,0.8427166019536612,1.0
LINC00649,0.19839,1.2942883,0.8427399396319832,1.0
PCDHB9,0.19835271,0.9981999,0.8427691119241094,1.0
NRXN2,0.19834526,1.1375164,0.8427749464084279,1.0
NBPF20,0.19832288,0.16971661,0.8427924499131646,1.0
IGLV10-54,0.1982856,0.98139215,0.8428216225936438,1.0
NLGN4Y-AS1,0.19827068,0.05013215,0.842833291726233,1.0
GAS7,0.19826695,0.008528351,0.8428362090147724,1.0
SLC2A12,0.19822593,-0.027793713,0.8428682993310448,1.0
AC007598.2,0.19820729,0.49728146,0.8428828859246983,1.0
LINC00578,0.19806187,0.7273687,0.8429966632047977,1.0
LRGUK,0.19797982,0.6326363,0.8430608467061462,1.0
SCRN2,0.1979649,0.12627578,0.8430725165456726,1.0
MAP9,0.19785677,0.093813136,0.8431571239125915,1.0
MMP2-AS1,0.19748762,0.4678496,0.8434459695906973,1.0
COX20,0.19721168,-0.01793642,0.8436618881964665,1.0
TMF1,0.19716321,0.015233241,0.8436998210572937,1.0
TCF23,0.19706999,0.258958,0.8437727698854911,1.0
EFNB2,0.19694321,0.84260553,0.8438719824424192,1.0
VPS72,0.19671947,0.0821837,0.844047069467366,1.0
GAS8,0.19663371,0.14095016,0.8441141882039223,1.0
GCNT1,0.19652557,0.316376,0.8441988177893776,1.0
MEMO1,0.19652185,0.07868363,0.8442017360830291,1.0
TBC1D8-AS1,0.19640625,0.027800385,0.8442922042467411,1.0
AC007066.2,0.19633913,0.2653441,0.8443447350908846,1.0
IL21R,0.19625337,1.243801,0.8444118588435642,1.0
UBOX5-AS1,0.19620863,-0.057085842,0.8444468803804503,1.0
C1D,0.19615641,-0.00494133,0.8444877392287624,1.0
GP1BB,0.19609676,0.46330446,0.8445344355677281,1.0
MCRIP2,0.1960781,0.12684566,0.8445490282857018,1.0
AP003071.2,0.19606693,1.7537239,0.8445577839420929,1.0
SYT15,0.19604455,1.1050147,0.844575295312486,1.0
DCUN1D2,0.19601099,-0.07728353,0.8446015625120867,1.0
ICAM4,0.19596997,1.0075344,0.8446336671018018,1.0
TMEM190,0.19595133,2.0056086,0.8446482601824402,1.0
AC137561.1,0.19589913,1.8159274,0.8446891210918428,1.0
LNCOC1,0.19581336,0.9695096,0.844756250635841,1.0
ZNF229,0.19577235,0.04494786,0.8447883564684753,1.0
SSBP3-AS1,0.1957537,1.1759597,0.8448029501139941,1.0
NPTN-IT1,0.19571641,-0.24186732,0.844832137564814,1.0
LINC01750,0.19568658,1.148479,0.8448554876788392,1.0
Z85996.3,0.19550386,0.842213,0.8449985101007504,1.0
AC004918.1,0.19535099,-0.056511253,0.8451181858492922,1.0
C9orf78,0.19532488,0.0006312645,0.8451386186514541,1.0
SLC9A9,0.19532116,0.2688443,0.8451415376316959,1.0
CISD2,0.1952876,0.025816094,0.8451678085495352,1.0
AC036108.1,0.19528013,0.026997104,0.8451736465546601,1.0
IDI2-AS1,0.19522421,-0.24352431,0.8452174318640806,1.0
AL442071.1,0.19510488,0.13207987,0.8453108421219736,1.0
ZNF14,0.19509369,-0.029012328,0.8453195994451652,1.0
SLC8B1,0.19502658,0.49189553,0.845372143785635,1.0
AC019186.1,0.194952,0.41631925,0.8454305271928416,1.0
C9orf116,0.19493708,0.53174067,0.8454422039761538,1.0
AC034268.2,0.19491844,0.38385373,0.8454568000030374,1.0
AC123768.3,0.19489233,0.5832685,0.8454772345297867,1.0
AC092614.1,0.19484013,0.16303843,0.8455181038951288,1.0
AC026992.1,0.19478793,0.44700477,0.8455589736761729,1.0
AL359715.1,0.194732,0.24937525,0.8456027631884717,1.0
AC006333.2,0.19469844,0.4191814,0.8456290371247974,1.0
NOXA1,0.19440386,0.34156382,0.8458596712632322,1.0
LINC02666,0.19432183,0.18939751,0.8459239008437565,1.0
LENG1,0.194292,0.3180226,0.8459472573087379,1.0
LINC01239,0.19425844,1.1158452,0.8459735334936529,1.0
LINC01524,0.19421369,0.100334756,0.8460085686733372,1.0
PSMA4,0.1942025,-0.011978125,0.8460173275158341,1.0
GEMIN2,0.19398995,0.077368386,0.8461837491374409,1.0
PLS3-AS1,0.1939825,0.46618634,0.8461895886172366,1.0
PTOV1-AS1,0.19390792,-0.15824887,0.8462479838797696,1.0
ZBED3,0.19390419,-0.0009745724,0.8462509036650661,1.0
MIEN1,0.19370656,0.7845809,0.8464056553058285,1.0
CNDP1,0.19368419,1.4239513,0.8464231747329104,1.0
C6orf52,0.19356114,-0.029094523,0.8465195329386597,1.0
BEAN1,0.19352758,0.70273674,0.8465458128477008,1.0
AL158840.1,0.19346045,2.5122669,0.8465983731777984,1.0
AC117382.2,0.19340825,2.1843944,0.8466392539064029,1.0
ANKRD1,0.19337842,1.060632,0.8466626145080767,1.0
AC244153.1,0.1933635,2.1552114,0.8466742948594497,1.0
CELA3B,0.19334114,2.0851324,0.846691815449672,1.0
CCDC183,0.19325536,0.22475612,0.846758978414209,1.0
DNAJB14,0.19322181,-0.0059933313,0.8467852598772942,1.0
CALHM1,0.19320689,1.3201265,0.8467969405822593,1.0
AC016866.1,0.193013,0.051228274,0.8469487928090511,1.0
FAM3D-AS1,0.1930018,0.7112154,0.8469575536878927,1.0
MIR3150BHG,0.19288994,0.58588743,0.8470451635164599,1.0
RDH13,0.19266994,0.12802981,0.8472174683598287,1.0
PRORP,0.19264756,0.008824826,0.8472349912955541,1.0
AL390961.2,0.1926252,0.56943935,0.8472525143068057,1.0
PRRT1B,0.19258045,0.6004959,0.8472875605558541,1.0
NOL9,0.19256553,-0.0996033,0.8472992427059856,1.0
TFB2M,0.19254316,-0.061382264,0.8473167659940946,1.0
BARHL1,0.19251333,0.56852895,0.8473401304956626,1.0
AL136304.1,0.19232689,0.4978921,0.8474861616696582,1.0
AC091180.2,0.19231197,0.43141416,0.8474978443898582,1.0
AC092809.4,0.19215536,0.36380458,0.8476205149747021,1.0
PTPRO,0.19208823,0.38462415,0.847673089212768,1.0
MALRD1,0.19196892,0.43643904,0.8477665561984078,1.0
NFU1,0.19195773,0.02486806,0.8477753188381003,1.0
AC069437.1,0.1918645,0.32464457,0.8478483415671874,1.0
POM121,0.191734,0.012366687,0.8479505755819986,1.0
LAMA4,0.19170043,0.3483049,0.8479768647422288,1.0
PLEKHB2,0.1914767,-0.021267034,0.8481521301312496,1.0
UNC119,0.19138348,-0.015451238,0.8482251595931847,1.0
AC124798.1,0.19130145,-0.11354481,0.8482894265974934,1.0
RBM42,0.19114484,-0.035848677,0.8484121209514925,1.0
SLC50A1,0.191115,-0.0056740767,0.8484354917211614,1.0
TTC29,0.19098076,1.8143458,0.8485406618332267,1.0
DLGAP2-AS1,0.19093229,1.3372653,0.8485786405919743,1.0
MRPL47,0.19084279,0.023772866,0.8486487561469451,1.0
LCNL1,0.19078687,22.01816,0.8486925789769488,1.0
SH3TC2,0.1907794,1.0130464,0.8486984220562854,1.0
LINC02450,0.19077568,2.4100122,0.8487013435990713,1.0
C1orf141,0.19070856,1.2214673,0.848753931724571,1.0
C19orf47,0.19062279,0.149378,0.8488211286422709,1.0
HLCS-IT1,0.19055195,1.6283371,0.8488766399681286,1.0
ALDH3A2,0.19051093,-0.01873821,0.8489087784467026,1.0
AL138824.1,0.19044009,0.986353,0.8489642909557371,1.0
CYB561A3,0.19040652,-0.121335454,0.8489905866161933,1.0
AC084876.1,0.19039907,1.1466084,0.8489964301191144,1.0
AC011511.5,0.1903767,0.9811945,0.8490139606776614,1.0
TGFBR3,0.19037296,-0.0062697046,0.8490168824446789,1.0
AC010643.1,0.19036178,0.82147264,0.8490256477581757,1.0
AL445649.1,0.19036178,0.8228218,0.8490256477581757,1.0
AL392172.1,0.1902984,0.14902085,0.8490753182205343,1.0
CSRNP2,0.19022381,-0.06784627,0.8491337548257104,1.0
ZNF470,0.19021635,0.06660536,0.8491395985318286,1.0
PPP1R14B-AS1,0.19021635,0.9552204,0.8491395985318286,1.0
SERTAD3,0.19010448,0.76930743,0.8492272551181973,1.0
AL355834.1,0.19005601,0.3767347,0.8492652402179378,1.0
AC007613.1,0.19000754,0.5969017,0.8493032256676362,1.0
ESS2,0.18992177,0.3066685,0.849370431551054,1.0
STRC,0.1898994,0.22397682,0.8493879637006936,1.0
IPCEF1,0.18972415,0.20822379,0.8495253014492832,1.0
AC103591.3,0.18954888,-0.017496083,0.8496626437644741,1.0
AC012615.1,0.1893811,0.35881597,0.849794146001321,1.0
AL160314.2,0.1893438,0.37966388,0.8498233692882544,1.0
DCTN1-AS1,0.18928413,0.33107308,0.8498701269764928,1.0
AL391069.1,0.18918346,0.30332738,0.8499490317726792,1.0
AC034228.3,0.18916482,0.77969545,0.8499636439369233,1.0
NDUFA12,0.18893735,-0.003609321,0.8501419164888155,1.0
NGDN,0.18866888,-0.15467142,0.8503523464078911,1.0
PSME3,0.18865024,0.0071056783,0.8503669599926995,1.0
KCNH3,0.18859802,0.27912232,0.8504078783035938,1.0
AC110741.1,0.1885682,0.25253212,0.8504312603764187,1.0
BMP8A,0.18852718,0.27567348,0.8504634109413095,1.0
AL161757.3,0.18832955,-0.019389778,0.8506183216923403,1.0
TSPAN17,0.18826988,0.2280651,0.8506650883353964,1.0
IER2,0.18824752,-0.07499082,0.8506826259619823,1.0
AC106798.1,0.18821023,2.4629533,0.8507118555037617,1.0
SEMA4F,0.18816921,-0.08131827,0.8507440082366498,1.0
NECAP1,0.18813938,-0.039973997,0.8507673921982601,1.0
OR51Q1,0.18812074,4.997242,0.850782007240913,1.0
TMCO1-AS1,0.18809836,0.9247197,0.8507995453597599,1.0
AC138123.2,0.18809836,2.2178617,0.8507995453597599,1.0
AL352984.1,0.18806852,2.2432501,0.8508229296330314,1.0
IL31RA,0.18800887,2.0078669,0.8508696985731297,1.0
AF196972.1,0.18800887,1.4199524,0.8508696985731297,1.0
LY86-AS1,0.18797904,1.3720353,0.8508930832399163,1.0
AC098851.1,0.18797904,1.3965452,0.8508930832399163,1.0
SFTPD,0.18797158,1.8239278,0.850898929427103,1.0
AL035252.5,0.18797158,1.8899896,0.850898929427103,1.0
AC026167.1,0.18794174,1.6500086,0.8509223142578011,1.0
LINC02460,0.1879343,1.2577047,0.8509281604859616,1.0
AC092718.4,0.18785971,0.87417895,0.850986623218178,1.0
PPIL2,0.18784107,0.0058538583,0.8510012390292241,1.0
AC007387.2,0.18782243,1.371076,0.8510158548914571,1.0
FALEC,0.18777396,-0.029791057,0.8510538563727832,1.0
B3GALT6,0.18771055,0.19354476,0.8511035511395084,1.0
KCNH5,0.18764344,0.8926833,0.8511561697723254,1.0
AC098820.1,0.18763599,0.46393922,0.8511620163279952,1.0
AC107294.2,0.18757632,0.7370773,0.8512087890678528,1.0
KYNU,0.18753158,0.62157446,0.8512438689662638,1.0
NUP88,0.18750174,-0.02100063,0.8512672557287467,1.0
LINC01584,0.18744954,0.6092335,0.851308182877842,1.0
MAGEE1,0.18742716,0.6668757,0.8513257232072052,1.0
AC103409.1,0.1874048,0.7322348,0.851343263610121,1.0
AC003093.1,0.18731903,-0.06202318,0.8514105025025286,1.0
AC115485.1,0.18721835,0.55768174,0.8514894364936627,1.0
AC006994.2,0.18721463,0.12374375,0.8514923600033937,1.0
IGIP,0.18720716,0.070927456,0.851498207028978,1.0
MIF-AS1,0.18713632,0.41350546,0.8515537541791283,1.0
LINC00463,0.18703191,0.3233435,0.8516356144795317,1.0
CACNA1E,0.1869648,0.2881503,0.85168823980255,1.0
EXOC8,0.18674852,0.32099104,0.8518578147790108,1.0
AC018359.1,0.18672988,0.7231814,0.8518724336322416,1.0
GPR151,0.1866963,0.41907912,0.8518987476963087,1.0
CAMK1,0.18669258,0.10927693,0.8519016714913827,1.0
AIRN,0.18666649,0.30740562,0.8519221381138901,1.0
LINC00691,0.18665157,0.20027636,0.8519338333715251,1.0
AC067852.5,0.18660682,0.118141145,0.8519689193397767,1.0
UQCRHL,0.18660682,0.22232531,0.8519689193397767,1.0
AD000671.3,0.18653224,0.3363718,0.8520273966045351,1.0
RAD1,0.18650986,-0.038512625,0.8520449399426064,1.0
ATPAF1,0.18639055,-0.0713202,0.8521385056484674,1.0
BBS10,0.18636072,0.29836625,0.8521618974001381,1.0
MERTK,0.18611088,0.6849146,0.8523578084236084,1.0
ITGB5-AS1,0.18606986,0.4107642,0.8523899737908733,1.0
RABGAP1L-IT1,0.18596172,0.58771044,0.8524747745720749,1.0
AC145285.6,0.18560003,0.6476598,0.8527584309502524,1.0
TEX261,0.18553291,0.299641,0.8528110703121119,1.0
FAM71A,0.18549189,6.0286293,0.8528432391337399,1.0
GRID1-AS1,0.18548444,5.316686,0.852849088036697,1.0
IZUMO3,0.1854807,2.2845218,0.8528520124912096,1.0
INSYN2B,0.18547697,4.9698563,0.8528549369477447,1.0
PTGDS,0.18547697,5.100312,0.8528549369477447,1.0
MSRB2,0.1854546,-0.08070567,0.8528724837294294,1.0
WDR86,0.18534647,1.7747251,0.8529572942004374,1.0
AC015909.2,0.18533528,1.3809875,0.8529660677944736,1.0
AL512306.2,0.18531664,1.7964761,0.8529806904916223,1.0
AC110619.1,0.18530917,1.7466724,0.8529865395846284,1.0
AL358780.1,0.1852346,0.98935735,0.8530450309592224,1.0
RARA-AS1,0.18520477,0.6962582,0.8530684277353232,1.0
AC012313.6,0.18517122,0.8293811,0.8530947492629456,1.0
SPINK9,0.18515256,-0.24504006,0.8531093724045273,1.0
KRT20,0.1851302,0.9012777,0.853126920241058,1.0
SMAD1-AS1,0.18512273,0.19159594,0.8531327695360535,1.0
PRKAR2B,0.18511528,0.94278663,0.8531386188391247,1.0
GNAT3,0.18511528,1.0060418,0.8531386188391247,1.0
AL031123.1,0.18505189,0.96374685,0.8531883382412326,1.0
TAS2R14,0.1849363,0.2280485,0.8532790045346621,1.0
B2M,0.184899,-0.022895657,0.8533082521396138,1.0
ZNF442,0.18489528,0.56417036,0.8533111769112004,1.0
AL392089.1,0.18485798,0.69233245,0.8533404247379669,1.0
LINC02223,0.18478714,0.5191786,0.8533959961642219,1.0
AC092118.2,0.18477595,0.6033193,0.8534047706664596,1.0
KLHL17,0.18474612,0.13301753,0.8534281694277599,1.0
PRR34-AS1,0.18471256,0.14461547,0.8534544931883622,1.0
AC021678.2,0.18469392,0.67003495,0.8534691175703191,1.0
CFAP157,0.18449628,0.5457127,0.8536241391141621,1.0
ZNF205,0.1844217,-0.03702466,0.8536826392792279,1.0
ALKBH7,0.1844068,0.3791751,0.8536943394088026,1.0
TIGD6,0.18440306,0.4774412,0.8536972644462246,1.0
TPRG1L,0.18437697,0.46191037,0.8537177397644933,1.0
AC010889.2,0.18436578,0.41237605,0.8537265149310602,1.0
SLC4A8,0.18407865,0.3212334,0.8539517503968627,1.0
AL732323.1,0.18403392,-0.008641141,0.8539868531005561,1.0
THRIL,0.18386239,0.2509228,0.8541214161419954,1.0
ZNF253,0.18383628,0.2749048,0.8541418934986948,1.0
JAKMIP2-AS1,0.18375051,0.07424968,0.8542091769338989,1.0
CAPN10,0.1837356,-0.02912988,0.8542208785091427,1.0
SDSL,0.18369459,0.3454352,0.8542530580064072,1.0
SCAMP1-AS1,0.18357898,0.28190717,0.8543437469848365,1.0
ARMCX5,0.18353425,0.88379425,0.8543788529125784,1.0
PEF1,0.18351187,0.16451281,0.8543964059845689,1.0
ZNF2,0.18344848,0.17271318,0.8544461400798855,1.0
ZNF551,0.1834112,0.061199833,0.8544753957002503,1.0
RAB27A,0.18328442,0.009535704,0.8545748663058833,1.0
MATK,0.18325831,-0.10604781,0.8545953458351988,1.0
SCAT1,0.18317628,1.4137807,0.8546597107078813,1.0
KLHL5,0.18316136,0.006717441,0.8546714135159325,1.0
AP000962.1,0.18311289,0.014723555,0.8547094478628874,1.0
AL354977.2,0.18303458,1.7336612,0.8547708886749539,1.0
LRRC14,0.18296745,0.24752475,0.8548235529290684,1.0
LINC01416,0.1829227,2.499383,0.8548586627911343,1.0
CUL9,0.18290779,-0.06209126,0.854870366142355,1.0
RBIS,0.18290406,-0.028309647,0.8548732919851492,1.0
AL391650.1,0.18289287,2.404331,0.8548820695255043,1.0
HHATL,0.18285559,5.9786825,0.854911328123048,1.0
AP4B1,0.18284814,-0.20422785,0.8549171798664978,1.0
AL590369.1,0.18284068,5.1288652,0.8549230316179272,1.0
AL031123.4,0.18282576,4.7049584,0.8549347351447235,1.0
AC008268.1,0.18281831,4.4214473,0.8549405869200898,1.0
AC079768.4,0.18281831,4.5289063,0.8549405869200898,1.0
AC003084.1,0.18281084,4.4408565,0.8549464387034345,1.0
ACTL7A,0.18280339,2.1568272,0.8549522904947572,1.0
AL365181.2,0.18279593,3.9655452,0.8549581422940576,1.0
SNCAIP,0.18278848,2.0381567,0.8549639941013354,1.0
PTOV1,0.18277729,0.013802387,0.8549727718272091,1.0
TMEM163,0.18275118,0.11213793,0.8549932532573747,1.0
AC107884.2,0.18270643,1.1132358,0.8550283645078105,1.0
GRIA3,0.18270643,1.3951905,0.8550283645078105,1.0
AL160408.6,0.18267661,1.781135,0.8550517721675779,1.0
AC084024.4,0.18266915,0.17244783,0.8550576241024515,1.0
AC087627.1,0.18265423,1.6082748,0.8550693279961143,1.0
AC021915.2,0.18263187,1.599122,0.8550868838963938,1.0
CA7,0.18260948,1.6028165,0.8551044398684076,1.0
AC023128.1,0.18260203,1.7394907,0.8551102918750183,1.0
AK7,0.18259457,0.81024826,0.8551161438895982,1.0
TBX2-AS1,0.1825722,1.1606259,0.8551336999811505,1.0
GSDMB,0.18256474,0.44747835,0.8551395520276042,1.0
AC095057.4,0.18254237,1.1713717,0.8551571082147701,1.0
GOLGA6L10,0.18253864,0.12259754,0.8551600342529355,1.0
AC013267.2,0.1825349,1.2206712,0.8551629602930926,1.0
TAF5,0.1824939,-0.0011034536,0.8551951468662571,1.0
CRTC3-AS1,0.18244915,-0.045505546,0.8552302597663066,1.0
SNHG32,0.18240067,0.11611854,0.8552682990648458,1.0
JAKMIP2,0.18223287,-0.03378611,0.8553999761564307,1.0
EPB41L4A,0.18213965,0.15864739,0.8554731318362908,1.0
AC103691.1,0.1820949,0.63402146,0.8555082470038708,1.0
SMAD1,0.18208745,-0.0030788921,0.8555140995596201,1.0
OVGP1,0.18192337,0.5208144,0.8556428577962674,1.0
LYRM2,0.18176304,-0.029843338,0.8557686934225979,1.0
ADGRA3,0.1817444,0.017275918,0.8557833257102457,1.0
Z98884.1,0.1815654,-0.15214056,0.8559237981936532,1.0
PCAT1,0.18150201,0.0013180783,0.8559735499597919,1.0
GOLGA1,0.18136404,-0.03794036,0.8560818351939641,1.0
HES4,0.1813454,0.10435777,0.8560964685415821,1.0
POLR2J,0.18123354,0.28920943,0.8561842696661175,1.0
DDOST,0.18101354,-0.11311885,0.8563569504029307,1.0
SHF,0.18086065,-0.020313619,0.856476952931408,1.0
ATP6V1G2,0.1808271,0.24285223,0.8565032953940834,1.0
SUMO3,0.18079354,0.016398229,0.8565296380166185,1.0
GPX6,0.18070777,0.29746884,0.8565969587780646,1.0
SLC7A8,0.18062201,0.13900721,0.8566642805828668,1.0
ARHGAP1,0.18037963,-0.05127826,0.8568545434939701,1.0
AC127024.5,0.18030505,0.10483234,0.8569130876021827,1.0
AC114488.2,0.18026032,1.2796128,0.8569482144449989,1.0
AC019117.2,0.18025658,1.5441996,0.8569511416946906,1.0
AF064860.1,0.18023793,2.2346957,0.8569657779726613,1.0
AL590440.2,0.1801559,2.1670532,0.8570301781799713,1.0
AL583805.2,0.18008132,1.7544615,0.8570887246489172,1.0
SHISA3,0.18004404,1.7486827,0.8571179981782653,1.0
LDOC1,0.18002166,1.7419997,0.8571355623902114,1.0
SLC26A4,0.18001421,1.548306,0.8571414171432478,1.0
B3GNT8,0.17998438,1.5722054,0.8571648362339899,1.0
LINC00987,0.17996946,1.6467128,0.8571765458265146,1.0
AC010201.1,0.179962,1.4365094,0.8571824006345641,1.0
TIE1,0.179962,1.715129,0.8571824006345641,1.0
AC091544.4,0.17995454,1.5646396,0.8571882554504715,1.0
AC245187.2,0.17994708,1.5667582,0.8571941102742363,1.0
SMAGP,0.17990607,0.83621234,0.8572263119453807,1.0
B3GALT2,0.17988743,0.103112385,0.8572409491471853,1.0
IDH2-DT,0.17980166,1.059566,0.8573082809077075,1.0
AC072054.1,0.17980166,0.7659266,0.8573082809077075,1.0
ICMT,0.1797942,0.23859945,0.8573141358924806,1.0
RAB40A,0.17978302,0.9048803,0.8573229183843604,1.0
BDP1,0.17977183,-0.0066937404,0.857331700893903,1.0
LY6E-DT,0.179742,0.9593429,0.8573551210056942,1.0
ZHX1,0.17969352,-0.013279974,0.8573931789551753,1.0
SLC14A2,0.1796264,0.8112437,0.8574458751248035,1.0
PLGRKT,0.17961894,-0.03369703,0.8574517302939844,1.0
EIF3CL,0.17952946,0.74614453,0.8575219929358395,1.0
AP005901.5,0.17944741,0.5865793,0.8575864013492491,1.0
AL157400.2,0.17941013,0.533158,0.8576156782142652,1.0
AL137186.2,0.1793691,0.51237094,0.857647882992001,1.0
MEX3B,0.17932436,0.31385905,0.8576830157470307,1.0
AC009120.4,0.17932436,0.022511506,0.8576830157470307,1.0
ATXN10,0.17928335,0.005645365,0.857715221020126,1.0
AL138787.2,0.17924233,-0.07094594,0.8577474265300513,1.0
AC108488.1,0.17921624,0.5026962,0.8577679210687426,1.0
ERICH5,0.1790969,0.41266575,0.8578616116091645,1.0
AL121821.2,0.17905588,0.39234772,0.8578938181949289,1.0
TRAM1L1,0.17903352,0.49662626,0.8579113855232293,1.0
CFLAR-AS1,0.1790186,0.045479417,0.8579230971145227,1.0
AFAP1-AS1,0.17888436,0.33616865,0.8580285028430834,1.0
PPP1R9B,0.17881724,0.0072270264,0.8580812066566641,1.0
AC012360.1,0.17876877,0.08905239,0.858119270915439,1.0
RNASEH1-AS1,0.17869419,0.0748339,0.8581778319576295,1.0
NDST4,0.17848164,0.29273105,0.8583447352083773,1.0
LINC00861,0.17844436,0.048926473,0.858374017133493,1.0
AL035446.1,0.17839588,0.013714502,0.8584120839274243,1.0
MTMR6,0.17801555,-0.03957473,0.8587107732665737,1.0
PCDHB16,0.17800435,0.30441928,0.8587195585535018,1.0
AC006449.3,0.17788503,0.04923507,0.8588132693690222,1.0
AL596214.1,0.17786266,0.06369384,0.8588308403684153,1.0
ACTA1,0.1777918,1.3151877,0.8588864823277387,1.0
AC090772.3,0.1777508,0.24565794,0.8589186964140285,1.0
AL009031.1,0.17774706,2.5773592,0.8589216249789748,1.0
ITGA2B,0.17759044,1.0294163,0.8590446264589858,1.0
TRDN-AS1,0.17756808,2.376749,0.8590621983783258,1.0
LINC01686,0.17756061,2.2073534,0.859068055700286,1.0
AC099795.1,0.17748605,3.2001436,0.8591266293464294,1.0
TNFSF13,0.17746367,1.3470738,0.859144201591472,1.0
PKHD1,0.17746367,1.1940958,0.859144201591472,1.0
AGO1,0.17744502,0.008338381,0.8591588451823039,1.0
SNHG11,0.17741892,0.04895934,0.8591793462908566,1.0
AP002852.1,0.17739655,1.6991504,0.8591969187451816,1.0
CYP4F8,0.17737417,1.6718105,0.8592144912692503,1.0
AL590822.3,0.17734434,1.3231493,0.8592379214098174,1.0
CBR3,0.17729214,1.4635774,0.8592789244540608,1.0
RGPD2,0.17725486,1.158178,0.859308212575159,1.0
AC130814.1,0.17725486,1.5288752,0.859308212575159,1.0
AC093422.2,0.17723247,1.1990556,0.8593257855407401,1.0
CDH12,0.1772213,0.017121477,0.8593345720496618,1.0
LINC00324,0.17720264,1.0715834,0.8593492162699066,1.0
NAPSA,0.17719519,1.3728043,0.8593550739715518,1.0
ALDH4A1,0.17713925,-0.051746175,0.8593990069806061,1.0
AC111170.2,0.17712061,0.7869269,0.8594136514136944,1.0
AC139149.1,0.17703858,0.75359905,0.8594780874937352,1.0
AC008415.1,0.17703858,0.781629,0.8594780874937352,1.0
CTSS,0.17697147,0.74605626,0.8595308086189526,1.0
SVBP,0.17662841,0.18296596,0.8598002819230327,1.0
AL391095.3,0.17658366,0.43480992,0.8598354318193463,1.0
XG,0.17653891,0.37560287,0.8598705819933963,1.0
LINC00867,0.1764867,0.43420088,0.8599115908807252,1.0
SLC2A2,0.17639722,0.3713074,0.8599818927094032,1.0
CHDH,0.17637856,0.053844962,0.8599965390634188,1.0
WDFY3-AS2,0.1763562,-0.19552468,0.8600141147518133,1.0
PCSK7,0.17633756,-0.023000952,0.860028761211783,1.0
AC105429.1,0.17627044,0.1521054,0.8600814888663455,1.0
TAFA1,0.17615484,1.4830757,0.8601722990669786,1.0
AL132989.1,0.17590873,0.21212102,0.8603656430713387,1.0
MKS1,0.17587517,-0.11047506,0.8603920088116296,1.0
PDCD7,0.17581551,-0.018194422,0.8604388816230405,1.0
TGFB3,0.17568873,0.2880349,0.8605384879795939,1.0
ZFPL1,0.17567009,0.01294958,0.8605531361603691,1.0
TGFB2,0.17554703,-0.1008252,0.8606498153565028,1.0
CMTM6,0.17528601,0.043792624,0.8608548993509566,1.0
ANAPC15,0.1752077,0.64046794,0.8609164263796816,1.0
YJU2,0.1751667,-0.041446336,0.8609486551602148,1.0
AC110611.1,0.17514805,-0.06598398,0.860963304682464,1.0
TBL2,0.175025,-0.06457981,0.8610599927288596,1.0
ZNF781,0.1749877,0.9281466,0.8610892925480518,1.0
AC027601.4,0.17495415,0.8824926,0.8611156625487875,1.0
OPALIN,0.17491686,4.8934364,0.8611449627311938,1.0
AC084128.1,0.17490567,2.199018,0.8611537528231834,1.0
AC128709.2,0.17490195,4.1317644,0.8611566828576687,1.0
AL138778.1,0.17487584,2.0154579,0.8611771931525689,1.0
AC126178.1,0.17487212,3.77554,0.8611801232023404,1.0
AC079226.1,0.17486839,1.0950419,0.8611830532540224,1.0
AC084335.1,0.1748572,3.45324,0.861191843420532,1.0
AL137802.2,0.17485347,1.9986216,0.8611947734798562,1.0
PPEF1-AS1,0.17483482,2.9505417,0.8612094238051322,1.0
TAF13,0.17482364,-0.012979636,0.8612182140232206,1.0
WNT8B,0.17480873,1.9092228,0.8612299343407464,1.0
FRMPD3-AS1,0.17478262,1.356178,0.8612504449699473,1.0
AC027373.1,0.17475651,1.8312131,0.8612709556927216,1.0
TSKS,0.1747416,1.704382,0.8612826761477427,1.0
SPCS1,0.1747416,-0.0012638523,0.8612826761477427,1.0
AC078962.4,0.17473415,1.7757,0.8612885363867087,1.0
LINC02840,0.1747267,0.9458775,0.8612943966333113,1.0
AC010175.1,0.1747267,1.6447145,0.8612943966333113,1.0
TGM4,0.17469312,1.2430856,0.8613207678375174,1.0
AC011416.3,0.1746894,1.4699599,0.8613236979808623,1.0
MFAP4,0.17467448,0.15636411,0.8613354185733275,1.0
LINC01150,0.17467448,1.503632,0.8613354185733275,1.0
AL160035.1,0.17465957,1.4626553,0.8613471391963291,1.0
AC067956.1,0.17465211,1.3158375,0.8613529995192801,1.0
TLR3,0.17464465,1.2995639,0.8613588598498643,1.0
HIST1H4A,0.1746372,1.4171894,0.8613647201880813,1.0
AC025810.1,0.17462228,0.2389304,0.8613764408874122,1.0
FAM219A,0.17458498,-0.046795405,0.8614057427692914,1.0
EXOC3L2,0.17455517,1.1187475,0.8614291844121413,1.0
MMP25,0.1745216,1.1574842,0.8614555564062509,1.0
AC008026.3,0.17439482,0.6193671,0.8615551853332526,1.0
CD68,0.17437245,0.86312413,0.8615727671373161,1.0
AC005387.2,0.17436126,0.038833167,0.8615815580650701,1.0
AC120349.1,0.17433515,0.48398557,0.8616020702965095,1.0
RNF183,0.1742382,0.67675036,0.8616782594018153,1.0
AC006972.1,0.17418973,0.7074629,0.861716354437148,1.0
AC007998.4,0.17418228,0.5601556,0.8617222152403674,1.0
ZNF285,0.17417109,0.6558763,0.8617310064594711,1.0
FAM210B,0.17395481,0.39193165,0.8619009733942539,1.0
AL121820.3,0.17376837,0.3797713,0.8620475017465767,1.0
DACT3,0.17373109,0.38480657,0.8620768079868731,1.0
IQSEC2,0.17360431,0.32242477,0.8621764506237352,1.0
CERS2,0.17347006,-0.005846632,0.8622819569825827,1.0
LYPLA2,0.17343651,0.36265025,0.8623083339562562,1.0
C11orf42,0.17339548,0.2884909,0.8623405726881254,1.0
SVOP,0.17326498,0.8685345,0.8624431519965339,1.0
SYNPO2,0.17295548,0.34408313,0.8626864207690795,1.0
AC125437.3,0.17294802,0.037828367,0.862692282827979,1.0
RUSC1,0.17282124,0.21248466,0.8627919389858247,1.0
SPRY2,0.1726609,0.56332284,0.8629179778416965,1.0
LMO7-AS1,0.17265718,-0.0010570671,0.8629209090194097,1.0
AC246817.1,0.1725826,-0.019295378,0.8629795329699155,1.0
LRRTM3,0.17256396,1.9262962,0.8629941890754507,1.0
SLC26A10,0.17239243,0.01609856,0.8631290274581874,1.0
LINC01277,0.17233276,2.0264912,0.8631759287000476,1.0
MIP,0.17226565,0.81926984,0.863228693173542,1.0
AL807742.1,0.17225446,0.15719217,0.8632374873117779,1.0
AC104365.3,0.17224327,1.9661719,0.8632462814669595,1.0
AC023511.1,0.17215377,1.7671083,0.8633166353183314,1.0
LINC02154,0.17215377,2.5000505,0.8633166353183314,1.0
LINC01484,0.17214632,1.7275382,0.8633224981882133,1.0
AC087636.1,0.17213885,1.7080013,0.8633283610656219,1.0
FNDC7,0.17210157,1.6894103,0.8633576755655572,1.0
EPAS1,0.17209412,0.7465992,0.8633635384881204,1.0
AC104964.2,0.17208666,1.3125683,0.8633694014182083,1.0
ACTRT3,0.17205682,1.3343334,0.8633928532137998,1.0
LINC00466,0.17201208,0.9912237,0.8634280311328726,1.0
AC074029.3,0.17201208,1.1747997,0.8634280311328726,1.0
SLC25A5-AS1,0.17196733,1.291695,0.8634632093227071,1.0
THBS1,0.17193751,1.276125,0.8634866615996531,1.0
NRBP1,0.17193377,0.018763028,0.8634895931427296,1.0
AC092140.2,0.17190021,0.9234243,0.8635159771149882,1.0
TPH2,0.17190021,1.0449911,0.8635159771149882,1.0
AGAP2,0.17189276,0.67279655,0.8635218402406057,1.0
AP002748.6,0.1718592,0.055949103,0.8635482243988917,1.0
EDAR,0.17185546,0.7042936,0.8635511559814284,1.0
SAT2,0.17179208,0.044314194,0.8636009931719515,1.0
LINC00678,0.1717809,0.6630221,0.8636097880266232,1.0
ALG2,0.17176971,-0.12314249,0.8636185828981957,1.0
KIAA1328,0.17175852,-0.0029565052,0.8636273777866675,1.0
AL590708.1,0.17163174,0.70589465,0.8637270543701023,1.0
TPH1,0.17157954,0.6388878,0.8637680982996743,1.0
AC092944.1,0.17154971,-0.10120201,0.8637915521387841,1.0
PMS2,0.17148258,-0.0022565888,0.8638443237155906,1.0
AL355075.6,0.1713558,0.5941482,0.8639440050176941,1.0
BAIAP3,0.17131105,0.52095294,0.8639791871708493,1.0
ZNF177,0.17124394,0.053037778,0.8640319609062309,1.0
LINC02158,0.17116563,0.2442722,0.8640935310308018,1.0
C3orf49,0.17113207,-0.09644826,0.8641199184796946,1.0
TMEM50A,0.17106496,-0.042688623,0.864172693832093,1.0
POLR1E,0.17105749,-0.040413417,0.8641785577975465,1.0
HIC2,0.17102021,0.047680356,0.8642078777370166,1.0
RALGPS1,0.1709941,-0.03980267,0.864228401805899,1.0
AL592183.1,0.17097919,0.009744283,0.8642401298863902,1.0
ANKRD18B,0.17092699,0.00012709403,0.864281178403628,1.0
C2orf73,0.1709046,-0.014975547,0.8642987707374343,1.0
AC008124.1,0.17087477,0.2871188,0.8643222272871462,1.0
ISOC1,0.1708636,-0.16195457,0.8643310235241148,1.0
AXIN1,0.17084494,-0.011903665,0.8643456839564243,1.0
ZSCAN18,0.17056902,-0.01462927,0.864562663811833,1.0
CNTN2,0.17054291,0.24883527,0.8645831894622622,1.0
MORN1,0.17036393,-0.03456534,0.8647239392401816,1.0
DEXI,0.17036393,0.13763727,0.8647239392401816,1.0
AC060765.2,0.17033783,0.26583543,0.8647444656081548,1.0
SIDT2,0.17006935,0.2203621,0.864955599259025,1.0
CFAP99,0.17006561,0.15233237,0.8649585317387548,1.0
SLC29A3,0.16996866,0.014798997,0.865034776864347,1.0
CCT7,0.16980088,0.0048963665,0.8651667425504361,1.0
TMIGD2,0.1697673,2.4029171,0.8651931361389771,1.0
AL050309.1,0.16967782,0.20822671,0.8652635197768344,1.0
ADAMTS7,0.16962561,1.4773017,0.8653045773925199,1.0
CYP3A4,0.1695585,1.9238843,0.8653573662897571,1.0
GLT6D1,0.1695473,3.3117335,0.8653661644977118,1.0
LINC01780,0.16953239,2.7014542,0.8653778954676088,1.0
TRPV5,0.16953239,3.0706851,0.8653778954676088,1.0
LINC00106,0.16951747,0.03669366,0.8653896264671693,1.0
ACTC1,0.16951747,2.4047205,0.8653896264671693,1.0
AC004908.3,0.1695063,1.7587199,0.8653984247363049,1.0
AC016747.3,0.16948391,1.7557975,0.8654160213246247,1.0
AC078850.2,0.16947646,1.0106567,0.8654218868688928,1.0
TMEM200A,0.169469,1.813621,0.8654277524205742,1.0
NRIP3,0.16945036,1.1856948,0.8654424163322099,1.0
AC124069.1,0.16940188,1.5263989,0.865480542719263,1.0
AC010198.2,0.16939442,1.4392586,0.8654864083450622,1.0
LINC01258,0.16935714,0.8012541,0.8655157365852015,1.0
FAM83H,0.16935714,1.5194181,0.8655157365852015,1.0
TMPRSS6,0.16930866,1.0269519,0.865553863574267,1.0
LINC01585,0.16926019,1.1389971,0.8655919908762518,1.0
TXNDC15,0.16925646,0.09603518,0.8655949237585939,1.0
CALB1,0.16919307,0.8166045,0.8656447830415863,1.0
MINAR1,0.16918561,0.6341102,0.8656506488747461,1.0
OSR2,0.16916697,0.9525103,0.865665313490025,1.0
AC093418.1,0.16908866,0.28313413,0.8657269053792124,1.0
LUNAR1,0.16908494,0.70509446,0.8657298383466613,1.0
BCORL1,0.16902527,0.18383235,0.86577676607731,1.0
AL161729.2,0.1690178,0.6002264,0.8657826320769189,1.0
AC232271.1,0.16901408,0.75419897,0.8657855650794961,1.0
MCRS1,0.16893205,-0.0043748347,0.8658500916037863,1.0
FANCF,0.16891713,0.6062299,0.865861823795199,1.0
AJ011931.1,0.16887611,0.66795444,0.8658940874739895,1.0
PRR4,0.16870086,0.5291177,0.8660319438910864,1.0
TMEM175,0.16870086,0.057495702,0.8660319438910864,1.0
PRRG1,0.16861509,-0.027422722,0.8660994070275956,1.0
SAXO1,0.16857408,0.28627425,0.8661316723508257,1.0
PGRMC2,0.16845103,-0.15617888,0.8662284696588956,1.0
AC090061.1,0.16838017,0.44498798,0.8662842023526066,1.0
AL035252.3,0.16837645,0.7111797,0.8662871356706953,1.0
LRRC29,0.16834661,0.37623748,0.866310602281702,1.0
AL591163.1,0.16823103,0.32621858,0.8664015365122785,1.0
MED11,0.16815645,0.29769096,0.8664602046963585,1.0
MID2,0.16795509,-0.0054387855,0.8666186124674986,1.0
WDR63,0.16781712,0.19221745,0.8667271542188225,1.0
CORT,0.16774628,0.07333063,0.8667828928516497,1.0
C5orf34,0.16756356,0.10191129,0.8669266429085312,1.0
AC231533.1,0.16754864,-0.12934215,0.8669383778014181,1.0
PYROXD1,0.16747406,0.010091147,0.8669970527056956,1.0
DANCR,0.16742931,0.17681068,0.8670322580000447,1.0
AL121658.1,0.16732118,0.507432,0.867117338550153,1.0
ZNF28,0.16722795,-0.03911579,0.8671906850875736,1.0
AC009060.1,0.16718695,-0.090841785,0.867222957926312,1.0
SRRD,0.16715339,-0.026702289,0.8672493631408051,1.0
VPS18,0.16707881,0.16845478,0.867308041925511,1.0
ZBTB34,0.16706017,0.15778932,0.8673227117359431,1.0
TRIM11,0.1670117,-0.06529467,0.8673608534568946,1.0
AC107375.1,0.16699304,0.48054495,0.867375523431796,1.0
FOS,0.1669632,0.3638932,0.8673989954866392,1.0
AC138150.2,0.16694084,3.4789712,0.8674165996044927,1.0
SAMSN1,0.16694084,0.72169787,0.8674165996044927,1.0
MYZAP,0.16694084,3.3379478,0.8674165996044927,1.0
AL929091.1,0.16693339,3.5266614,0.8674224676583889,1.0
ESRG,0.16691847,3.335778,0.8674342037880973,1.0
BTBD16,0.16691847,2.7845097,0.8674342037880973,1.0
OR51B5,0.16690356,2.8789315,0.8674459399470248,1.0
LINC02847,0.16689609,2.063912,0.8674518080374448,1.0
LTK,0.16688864,2.8386087,0.8674576761351687,1.0
TSC22D1-AS1,0.16684389,1.0588089,0.8674928848748736,1.0
AC025165.4,0.16682898,2.2981253,0.8675046211798579,1.0
LINC01732,0.16679168,1.5443845,0.8675339620700797,1.0
LINC02741,0.16679168,1.6409075,0.8675339620700797,1.0
RCAN2,0.1667022,1.1459267,0.8676043809510706,1.0
LRRC2,0.1666649,1.1784221,0.8676337224615758,1.0
P3H2-AS1,0.16664253,1.0927097,0.867651327455409,1.0
AC106795.3,0.1666127,0.9037432,0.8676748008826205,1.0
MMP11,0.1666127,1.0273523,0.8676748008826205,1.0
LINC02290,0.1665605,0.8441304,0.8677158796609604,1.0
AC005261.2,0.1665605,0.80321616,0.8677158796609604,1.0
AC010969.2,0.1665344,-0.017886901,0.8677364191840822,1.0
KLKB1,0.16649337,0.76889926,0.8677686957579419,1.0
AC107463.1,0.16646354,0.7536088,0.8677921697682895,1.0
LINC01031,0.1664188,0.07713681,0.8678273810023664,1.0
MTCH2,0.16625845,-0.030502323,0.867953556743839,1.0
AATBC,0.16625473,-0.239333,0.867956491103442,1.0
CEP295NL,0.16621745,0.49926805,0.8679858347995175,1.0
RTL10,0.16612422,0.08657455,0.8680591948353139,1.0
COQ7,0.16609812,-0.15295419,0.8680797358489503,1.0
AP001628.1,0.16606084,0.25495678,0.8681090803086258,1.0
KANSL3,0.16598253,-0.044295304,0.8681707042653513,1.0
AC114802.1,0.16593404,0.53391826,0.8682088528304488,1.0
TMEM159,0.1658371,0.37121555,0.868285150881124,1.0
AC096564.2,0.16579235,0.46459132,0.8683203657798411,1.0
MAPK3,0.16575506,0.36592698,0.8683497117283374,1.0
MANBA,0.16566929,0.08032753,0.868417208098155,1.0
AC119150.1,0.16552387,0.3064925,0.8685316606559043,1.0
AL445489.1,0.16548659,-0.09382802,0.8685610079094581,1.0
ATP5PF,0.16547167,-0.07226038,0.8685727468615887,1.0
EEF1AKMT1,0.16538964,-0.093844675,0.8686373116161251,1.0
PGM5-AS1,0.16527031,0.104780965,0.8687312255500172,1.0
ETAA1,0.1650876,-0.12582436,0.8688750348501102,1.0
OTULIN,0.16506895,-0.095363006,0.8688897095124709,1.0
NME3,0.16502793,0.09877385,0.8689219939286301,1.0
HCN2,0.1648937,-0.046082206,0.8690276535455339,1.0
KANK3,0.1647781,0.088627994,0.8691186400898343,1.0
BORCS8,0.16466624,0.17771159,0.8692066932344513,1.0
C15orf61,0.16465878,-0.028472671,0.8692125635017753,1.0
IGFL4,0.16442013,2.1894326,0.8694004158605304,1.0
KLHL8,0.1643903,-0.03260412,0.8694238979238728,1.0
AL031768.1,0.16428962,3.3131497,0.8695031507376946,1.0
AC024361.2,0.1642747,3.185049,0.8695148920068057,1.0
AC005252.4,0.16426724,3.164902,0.8695207626521496,1.0
AC010974.1,0.1642486,0.122560844,0.8695354392969734,1.0
NAB2,0.1642486,0.28779474,0.8695354392969734,1.0
PCDHB2,0.16420013,0.7993889,0.869573598783842,1.0
AL162497.1,0.16418521,2.224773,0.8695853402255278,1.0
LINC02296,0.16418149,1.7295127,0.869588275590442,1.0
LPAR2,0.16417404,1.5627416,0.8695941463256618,1.0
CAMK2A,0.16413674,1.5600325,0.8696235001095725,1.0
KLHDC8A,0.16409199,1.4727403,0.8696587248874106,1.0
AF129075.3,0.1640547,0.2517081,0.8696880790665166,1.0
AC009301.1,0.16404724,0.9159926,0.8696939499238876,1.0
AC022413.2,0.16396894,1.1100388,0.869755594359866,1.0
AC005162.1,0.16396149,0.99190915,0.8697614652998167,1.0
FGL2,0.16392793,0.9740156,0.8697878846184283,1.0
KIAA0408,0.1634991,-0.034719884,0.8701254775844434,1.0
AL136295.2,0.16346182,0.37509602,0.8701548346140182,1.0
STARD6,0.1632791,0.4657673,0.8702986866447536,1.0
AC116913.1,0.16327165,0.39341247,0.8703045582474036,1.0
FAM27C,0.16321571,0.005900923,0.8703485954951455,1.0
AKT1,0.1632008,-0.023645226,0.8703603388291128,1.0
CTRL,0.16311504,0.20480767,0.8704278635540889,1.0
TMEM187,0.16307402,0.38452062,0.870460158321728,1.0
GSTO1,0.16301808,0.088350266,0.8705041969893509,1.0
ECD,0.16292113,-0.013516823,0.8705805316310449,1.0
PHF13,0.16271977,0.47526816,0.8707390766617866,1.0
LINC00102,0.16270113,0.31211683,0.8707537570200903,1.0
ZNF512B,0.16259672,-0.06280319,0.8708359678494034,1.0
AC018521.5,0.16259299,0.31316662,0.870838903976268,1.0
AC084018.1,0.16253705,0.2182999,0.8708829460928302,1.0
UBXN2B,0.16250724,-0.048920967,0.8709064353853893,1.0
AC124804.1,0.16250724,-0.0066466075,0.8709064353853893,1.0
ATG101,0.1623991,0.0059263813,0.8709915850253171,1.0
POGLUT2,0.16229469,0.44356817,0.8710737998896715,1.0
PIK3R4,0.16229096,-0.044146553,0.871076736160598,1.0
ERVH48-1,0.16222757,0.4766537,0.8711266530381838,1.0
AC137932.1,0.16219027,0.0011971107,0.8711560161471565,1.0
USF2,0.1621418,0.06875302,0.871194188454303,1.0
COPS4,0.16208214,-0.18118939,0.8712411701672719,1.0
ITGA6,0.16205977,0.015533581,0.8712587884267733,1.0
AL356488.3,0.16204858,0.92900884,0.8712675975804796,1.0
MGST3,0.16201502,-0.0323264,0.8712940251374078,1.0
AC079380.1,0.1618435,0.22177888,0.8714291015607163,1.0
AC087260.1,0.16171299,0.67782366,0.871531879612408,1.0
AL031186.1,0.16169807,1.9016396,0.871543625813609,1.0
Z83844.2,0.16166078,1.0091736,0.8715729914405475,1.0
AC110285.3,0.16164586,3.4054928,0.8715847377408904,1.0
AC025164.2,0.16164586,1.1087781,0.8715847377408904,1.0
C8orf86,0.16163841,0.507971,0.8715906109016822,1.0
LRRC14B,0.16163094,3.3113582,0.871596484069554,1.0
OXER1,0.1616235,3.0093129,0.8716023572445052,1.0
SPINK5,0.16161603,2.8686247,0.8716082304265356,1.0
FOXD4,0.1615862,0.476326,0.8716317232254425,1.0
LINC00702,0.1615713,2.607995,0.8716434696673628,1.0
AC091167.5,0.16155638,1.6432459,0.871655216137591,1.0
AC008440.2,0.16155638,1.7235192,0.871655216137591,1.0
CTRB1,0.16154146,2.3128364,0.8716669626361244,1.0
IL2RG,0.161534,2.368905,0.8716728358960049,1.0
FRMD7,0.16150416,1.0066072,0.8716963290062769,1.0
AC007250.1,0.16138485,1.0895385,0.8717903025790166,1.0
DPH7,0.16136247,-0.06123906,0.8718079228254111,1.0
LRG1,0.16135502,1.2081853,0.8718137962550125,1.0
AL645608.2,0.16133264,0.8003681,0.8718314165862218,1.0
AC004477.1,0.16132519,0.99625534,0.8718372900440922,1.0
C1orf54,0.16129535,0.48620218,0.8718607839462351,1.0
AC016931.1,0.16128789,1.0970845,0.8718666574394346,1.0
AP001267.2,0.16128044,0.8911294,0.871872530939699,1.0
AC053513.2,0.16126552,1.0086626,0.8718842779614211,1.0
AP001469.2,0.1612506,0.93761677,0.8718960250113987,1.0
GPX3,0.1612506,0.92397434,0.8718960250113987,1.0
GALNT1,0.16122824,-0.02029506,0.871913645639339,1.0
BAK1,0.16122077,0.16571404,0.871919519196111,1.0
AC211486.2,0.1611984,0.73345447,0.8719371399087972,1.0
AC022387.2,0.16119094,0.9197343,0.8719430134938152,1.0
AC025165.2,0.16101941,0.017457878,0.8720781078973459,1.0
AL033530.1,0.16101941,0.6381748,0.8720781078973459,1.0
SH2B3,0.1610045,-0.021601612,0.8720898554131742,1.0
GINS2,0.16092992,-0.044434026,0.872148593415432,1.0
ACTN4,0.1607323,0.025405431,0.8723042525299283,1.0
LRP2BP,0.16072483,-0.05142669,0.8723101265556303,1.0
AL355834.2,0.16063908,0.39171627,0.8723776783571846,1.0
AC116535.1,0.1605123,0.2592411,0.8724775392467068,1.0
LRCH4,0.16042653,0.053489987,0.8725450933538106,1.0
RGP1,0.1603967,-0.037945375,0.8725685906524384,1.0
CLTRN,0.16031839,0.31153107,0.872630271596202,1.0
WDR5B,0.16030347,0.018476333,0.8726420204352001,1.0
POU6F1,0.1601655,-0.25077355,0.8727506985273094,1.0
DCTN1,0.15991941,-0.016075373,0.8729445627070285,1.0
GRAMD1A,0.15965466,-0.062424812,0.87315312208569,1.0
TRIM6,0.159595,0.009615838,0.8732001225999554,1.0
SCAF1,0.15955397,0.010324654,0.8732324357131234,1.0
GUCA1B,0.15950178,-0.04830358,0.8732735617993623,1.0
MKNK2,0.15949805,0.0509463,0.8732764993900558,1.0
SH3GL3,0.1594533,0.14885016,0.8733117506146413,1.0
STK36,0.15944211,0.19217448,0.8733205634600898,1.0
AC092127.2,0.15922211,1.1509659,0.8734938859469374,1.0
AL356413.1,0.15906177,3.448907,0.8736202095509229,1.0
AC092153.1,0.15900211,3.1669433,0.8736672145052488,1.0
PEX11G,0.15899837,0.05287721,0.8736701523297014,1.0
PXT1,0.15899837,1.0877234,0.8736701523297014,1.0
AL008723.2,0.15899837,1.8852013,0.8736701523297014,1.0
TRIM50,0.15897973,2.96378,0.8736848414780901,1.0
RGS8,0.15894245,2.6204412,0.8737142199054815,1.0
AL158151.4,0.15893498,2.5579572,0.8737200956118553,1.0
DCX,0.15892753,2.4100494,0.8737259713251935,1.0
PSPN,0.15892753,1.2401923,0.8737259713251935,1.0
AC020558.2,0.15891261,2.587976,0.8737377227727618,1.0
AC073878.1,0.15890889,0.5028558,0.8737406606390062,1.0
TAS2R3,0.15889397,1.4988887,0.8737524121213915,1.0
PUS3,0.15889025,0.09280866,0.8737553499963397,1.0
LNCARSR,0.15887906,1.514447,0.8737641636316276,1.0
LINC00581,0.15886414,1.5601037,0.8737759151697119,1.0
CCND1,0.15884176,0.73476887,0.8737935425290478,1.0
SLC6A13,0.15879329,1.1281401,0.8738317353558349,1.0
LINC01503,0.15879329,1.0787853,0.8738317353558349,1.0
ODAPH,0.15877464,1.1066424,0.8738464249828856,1.0
AP001053.1,0.15874481,1.2180976,0.8738699284766132,1.0
C2orf66,0.15870753,-0.10758458,0.873899308000287,1.0
DLAT,0.15866278,-0.09374947,0.8739345636581975,1.0
BX664615.2,0.15865532,-0.0470424,0.8739404396255194,1.0
FAM66D,0.15861803,0.8160226,0.873969819566409,1.0
CEP126,0.15861431,0.6668565,0.873972757570056,1.0
AC105450.1,0.15855464,0.793337,0.8740197658647071,1.0
CARNS1,0.158536,0.617703,0.874034456047988,1.0
AC015961.1,0.15849125,0.38541776,0.8740697126650112,1.0
AP001816.1,0.15847634,0.7640053,0.8740814649262527,1.0
AL121989.1,0.15843906,-0.07769501,0.8741108457008857,1.0
INTS5,0.15836447,0.2577735,0.8741696077708546,1.0
INE1,0.15835328,0.6209566,0.8741784221412158,1.0
RAPGEF3,0.1581743,0.31317312,0.8743194541897727,1.0
Z95114.1,0.15810345,0.49885926,0.8743752804789483,1.0
AC005759.1,0.15808481,0.47269994,0.8743899717116235,1.0
EDRF1-DT,0.15807362,-0.21855544,0.8743987864720131,1.0
AC090023.1,0.15805498,0.26667494,0.8744134777739668,1.0
MAN2A2,0.15800278,-0.02964446,0.8744546136497386,1.0
EPHB4,0.15798786,0.03629435,0.8744663668194281,1.0
TMEM68,0.1579804,-0.07682347,0.874472243414659,1.0
ISG15,0.15793192,0.42919445,0.8745104414524092,1.0
SCAND1,0.1577604,0.09508099,0.874645606087382,1.0
CCDC81,0.15764481,0.2946565,0.874736697361182,1.0
AC093227.1,0.15758142,0.34218088,0.8747866513451873,1.0
OPN1SW,0.15749565,0.08333055,0.8748542369412983,1.0
CORO1B,0.15748073,0.4068248,0.8748659910512164,1.0
PHKA2,0.15747328,0.043417957,0.8748718681165291,1.0
LRRC24,0.15740615,0.025455222,0.8749247620148933,1.0
AC016705.2,0.15726446,0.23672774,0.8750364287463186,1.0
HRH2,0.15721971,-0.031666428,0.8750716924417454,1.0
MANEA,0.15716751,-0.022086626,0.875112833733285,1.0
BAD,0.15710412,-0.07189787,0.8751627914696647,1.0
MYOCOS,0.15651868,0.14515692,0.8756241893477984,1.0
AC092611.1,0.1564814,0.75138646,0.8756535791815776,1.0
AC025031.4,0.15642546,1.0125551,0.8756976642537762,1.0
PPM1K,0.1564031,0.26115325,0.8757152983906635,1.0
GPR27,0.15638073,0.8424203,0.8757329325892569,1.0
AC073140.2,0.1563509,1.332961,0.8757564449500201,1.0
CNTN4-AS1,0.15633598,1.8595797,0.875768201171527,1.0
AC006449.2,0.15632106,1.2112116,0.8757799574204472,1.0
DNM3OS,0.15630615,3.0640776,0.8757917136967782,1.0
OR13A1,0.15630615,2.7183115,0.8757917136967782,1.0
AC127002.2,0.15629868,1.750669,0.875797591845222,1.0
AC110921.1,0.15629868,2.539536,0.875797591845222,1.0
AC006042.4,0.15628377,2.4909952,0.8758093481626645,1.0
ZDHHC11B,0.15627632,2.5659895,0.8758152263316626,1.0
LINC02539,0.15627632,2.4191754,0.8758152263316626,1.0
PLEKHO1,0.15625393,-0.089152575,0.8758328608797604,1.0
SPATA24,0.15623157,0.9814747,0.8758504954895067,1.0
AL356608.1,0.1562241,2.1859097,0.8758563737064536,1.0
WDR24,0.1561197,0.15779848,0.875938669462665,1.0
AP001977.1,0.15608987,1.1800139,0.8759621827822939,1.0
AC009831.1,0.15608987,1.3202525,0.8759621827822939,1.0
AL160412.1,0.15605257,0.93024284,0.8759915745857912,1.0
TRGV2,0.15601529,1.0655493,0.8760209665603191,1.0
BHMT,0.15601529,0.076020785,0.8760209665603191,1.0
AL160006.1,0.15598546,0.8167746,0.8760444802630568,1.0
SRR,0.15598173,-0.08595061,0.8760474194835927,1.0
RGS9,0.15586615,0.624668,0.8761385361679401,1.0
SMIM10L2B-AS1,0.15575427,0.6755598,0.8762267151675238,1.0
ATXN2,0.15573935,0.011261311,0.8762384724835758,1.0
RNF14,0.15570952,-0.026241971,0.876261987197611,1.0
AL513008.1,0.15566479,0.54510003,0.876297259473454,1.0
AC009120.5,0.15563495,0.6334361,0.876320774460513,1.0
AC005837.1,0.15554546,-0.12561046,0.8763913200766511,1.0
MIR600HG,0.15550071,-0.14164516,0.8764265932530094,1.0
ST8SIA1,0.15544105,0.34514776,0.8764736245365952,1.0
LINC00051,0.15542613,0.4616426,0.8764853824256487,1.0
AL158136.1,0.15540376,-0.17594711,0.8765030193103364,1.0
AL353807.5,0.15535901,0.29700765,0.8765382932636667,1.0
JPT1,0.15530308,-0.02068324,0.8765823860501566,1.0
AC135050.6,0.15521732,-0.14429253,0.8766499957332957,1.0
DUS2,0.15515393,-0.054300744,0.876699968686284,1.0
LINC00486,0.15514646,-0.04838246,0.8767058478895408,1.0
KCTD10,0.15505698,0.010945278,0.8767763988591228,1.0
TPTE2,0.15498613,0.2618836,0.8768322524043797,1.0
ZBTB49,0.15471765,-0.151859,0.8770439135075879,1.0
CACNA1A,0.15447527,0.1335819,0.8772350039999621,1.0
C3orf70,0.15443426,0.21278237,0.877267343099135,1.0
ELL2,0.15434477,-0.08343494,0.8773379018446794,1.0
MRI1,0.1542329,0.1633605,0.8774261016470958,1.0
SH3BP5-AS1,0.15418816,-0.042239435,0.8774613819942144,1.0
BRMS1,0.15398307,0.27802476,0.8776230866986122,1.0
WDYHV1,0.15398307,-0.06367658,0.8776230866986122,1.0
AC140725.1,0.15389358,0.41710424,0.8776936503522133,1.0
AC069222.1,0.15379663,1.2877734,0.8777700954069492,1.0
RBM44,0.15375933,1.2537925,0.8777994976546275,1.0
LINC01966,0.15371458,3.0713553,0.8778347805743599,1.0
AC019077.1,0.15365866,0.07981495,0.8778788845652891,1.0
AC092849.2,0.15365493,2.6273713,0.87788182484483,1.0
AC090771.2,0.15364747,2.8443189,0.8778877054089659,1.0
AC027020.1,0.15364002,2.7311504,0.8778935859798401,1.0
AL009176.1,0.15361764,1.172836,0.8779112277328892,1.0
CYGB,0.15361764,0.77028173,0.8779112277328892,1.0
THAP10,0.15360646,0.02372917,0.8779200486321518,1.0
PLA2G4C-AS1,0.15359527,2.0728807,0.8779288695465716,1.0
AC107973.1,0.15358408,1.5751678,0.8779376904761474,1.0
SLC44A4,0.1535468,1.4843999,0.877967093684181,1.0
AP000487.1,0.15354306,0.027875269,0.8779700340142442,1.0
ADGRG6,0.1535356,1.6068673,0.877975914679421,1.0
BRINP3,0.15352815,1.0499657,0.8779817953513314,1.0
ENPP5,0.15349832,0.9478132,0.8780053181063013,1.0
AC140168.1,0.15349832,1.0609697,0.8780053181063013,1.0
CDRT1,0.15347967,0.51750606,0.8780200198828556,1.0
HTR3E,0.15347221,1.2453754,0.8780259006052571,1.0
ZBTB9,0.15345357,0.6231121,0.8780406024407071,1.0
MRPS12,0.15342747,0.42359427,0.8780611850810012,1.0
AC010273.2,0.15342747,0.024246039,0.8780611850810012,1.0
PHYH,0.15339763,0.43301594,0.8780847081994123,1.0
AC239860.4,0.15332305,0.9508793,0.8781435164663275,1.0
HIST1H1B,0.15328577,0.78384954,0.8781729208519701,1.0
SOS1-IT1,0.1532634,0.79118925,0.878190563564032,1.0
ZBTB44-DT,0.1532634,0.14548643,0.878190563564032,1.0
DECR1,0.15325221,0.07184828,0.8781993849427496,1.0
LINC00427,0.15324475,0.8431403,0.8782052658702966,1.0
LINC02346,0.15324475,0.8599748,0.8782052658702966,1.0
CDH1,0.15320374,0.56609726,0.8782376110919349,1.0
PNLDC1,0.15317018,0.67967516,0.8782640755153709,1.0
PTPN3,0.15314408,0.13829088,0.8782846590498726,1.0
PRMT6,0.15309188,0.5648142,0.8783258263657026,1.0
SCOC,0.15309188,0.00794588,0.8783258263657026,1.0
RASGRP1,0.15306205,-0.13074537,0.8783493506939029,1.0
AC040173.1,0.15297255,0.5135884,0.8784199243228916,1.0
AL031666.1,0.15294644,0.4329945,0.8784405084800302,1.0
VHL,0.15287933,0.14786194,0.8784934395471224,1.0
MXD3,0.1528756,0.41192755,0.8784963801778884,1.0
AC074212.1,0.1528383,0.45373762,0.8785257865777382,1.0
AL451069.2,0.15282713,0.4869447,0.8785346085303752,1.0
SLC40A1,0.15274508,0.23162682,0.8785993033104861,1.0
ATP7A,0.15248407,0.31160814,0.8788051557292714,1.0
AC116407.1,0.15243559,0.11070571,0.8788433863667049,1.0
RAB21,0.15233491,-0.072999775,0.878922789362398,1.0
CYBRD1,0.15230508,-0.11242244,0.8789463164098448,1.0
C7orf33,0.15206271,1.163421,0.8791374776310972,1.0
PHF1,0.15201797,-0.0018947343,0.8791727697042407,1.0
AL356966.1,0.15194339,-0.28288442,0.8792315903595924,1.0
AL132800.1,0.15168236,0.64445174,0.879437467900148,1.0
AL136982.3,0.15166745,0.62378263,0.8794492325773692,1.0
AC021683.5,0.15158169,0.11076905,0.8795168799877879,1.0
ZNF585B,0.15152948,0.24765359,0.879558057102996,1.0
LINC01619,0.15152575,-0.007768847,0.8795609983379763,1.0
AC013403.2,0.15145491,0.6029326,0.8796168821183086,1.0
MAP3K2-DT,0.15116778,0.7093455,0.8798433646277701,1.0
AL109614.1,0.15113422,0.058373354,0.8798698372513973,1.0
CHL1,0.15110812,1.742825,0.8798904271626042,1.0
AC009264.1,0.15109694,0.8479287,0.8798992514351257,1.0
LRRC71,0.15107828,1.8399917,0.8799139585891395,1.0
AC009171.2,0.15099625,2.4696467,0.8799786705588777,1.0
GMFG,0.15099625,0.95495623,0.8799786705588777,1.0
AC008752.2,0.15097389,2.304166,0.8799963194170338,1.0
AL627230.1,0.15096642,1.1896031,0.8800022023830004,1.0
LINC02465,0.1509515,1.4759142,0.8800139683348036,1.0
AC008622.2,0.15093659,2.098275,0.8800257343130979,1.0
AL357873.1,0.15092914,1.4278901,0.8800316173121785,1.0
AL022328.3,0.15092167,1.934871,0.8800375003178809,1.0
INCA1,0.15088439,0.8620454,0.8800669154457088,1.0
RAD21-AS1,0.15088439,1.7323985,0.8800669154457088,1.0
AP002840.1,0.15088439,1.3668145,0.8800669154457088,1.0
ATP10B,0.15083964,1.1126841,0.8801022138175557,1.0
AL136141.1,0.15078744,0.9206542,0.8801433955524907,1.0
CCNI2,0.1507427,1.1284554,0.8801786944404532,1.0
GUCD1,0.15072778,0.061631024,0.8801904607893547,1.0
CFAP73,0.15068303,0.64889127,0.8802257599947658,1.0
PSG8,0.15067558,1.016133,0.8802316432188089,1.0
SDF4,0.15067184,-0.19100443,0.8802345848333096,1.0
SARS2,0.15067184,0.05654136,0.8802345848333096,1.0
LINC02201,0.15043692,0.63707495,0.8804199098770275,1.0
TNXB,0.15043692,0.56543165,0.8804199098770275,1.0
SLC22A1,0.15041456,0.56604743,0.8804375602229355,1.0
LTBP2,0.15032506,0.49000534,0.8805081622004594,1.0
AC159540.2,0.15031014,0.41703776,0.8805199292890711,1.0
AC124242.1,0.15028031,0.4979186,0.8805434635454354,1.0
AL139260.1,0.15021692,-0.07458566,0.8805934741904906,1.0
AC008462.1,0.1501759,-0.047742262,0.8806258342734208,1.0
MIR4453HG,0.15002303,-0.10786926,0.8807464508836601,1.0
PKIB,0.14996709,0.30925167,0.8807905796031534,1.0
DGCR11,0.14995964,0.36783347,0.8807964634603896,1.0
COPE,0.1499298,-0.03508886,0.8808199989551334,1.0
MAPKAPK3,0.1498142,0.25532228,0.880911199991327,1.0
AC008764.6,0.14979556,0.35830063,0.8809259099838208,1.0
TMEM19,0.14969489,-0.015501904,0.881005344653067,1.0
C1orf50,0.14959793,-0.12022472,0.881081838429027,1.0
SCAMP4,0.14948979,0.041311406,0.881167159718717,1.0
DDX60,0.14932945,0.022828063,0.881293673135,1.0
AL391840.3,0.149322,0.21798657,0.8812995575536916,1.0
AC011825.2,0.14922132,-0.16003601,0.8813789978472627,1.0
ZNF772,0.14896776,0.11381548,0.8815790749839453,1.0
AC090510.1,0.14895284,0.025560878,0.8815908444627594,1.0
DRD4,0.14891928,0.035268385,0.8816173258856916,1.0
TCF4-AS2,0.1488186,0.21000709,0.8816967709484487,1.0
GOLGA2,0.14876267,-0.0026623595,0.8817409076088145,1.0
RSKR,0.14870301,-0.050348822,0.8817879871179927,1.0
AC106037.3,0.14861351,0.18847401,0.8818586071648684,1.0
ADA2,0.14857996,-0.15279174,0.881885089924624,1.0
AL355388.3,0.14854267,-0.00804942,0.881914515368115,1.0
AC021723.2,0.14851284,1.7298243,0.8819380558402599,1.0
AP003100.2,0.14841215,2.8496866,0.8820175057035875,1.0
AL137002.2,0.14838232,2.4993024,0.8820410466318529,1.0
CNTN3,0.14835995,0.56370413,0.882058702396435,1.0
HEPACAM2,0.14835995,1.1821215,0.882058702396435,1.0
C1orf185,0.14833012,2.2863765,0.8820822435070388,1.0
RNF227,0.14833012,1.181571,0.8820822435070388,1.0
CCR4,0.14832267,2.1550336,0.8820881288009664,1.0
AC074183.1,0.14832267,2.1665082,0.8820881288009664,1.0
AC004223.2,0.14830402,1.4903269,0.8821028420642659,1.0
LINC01695,0.14828537,2.0060568,0.882117555368248,1.0
WDR72,0.14827792,1.8838161,0.8821234407012308,1.0
AC243585.2,0.14824063,1.7542751,0.8821528674637598,1.0
POU3F2,0.14823318,1.7755975,0.8821587528357863,1.0
AL109615.3,0.14822571,1.0188988,0.8821646382143189,1.0
AC093772.1,0.14819962,1.1819377,0.8821852370904147,1.0
LINC01019,0.1481474,1.3587884,0.8822264350816413,1.0
AC026765.3,0.14813995,1.1636379,0.8822323205349719,1.0
CABCOCO1,0.14813995,0.8286237,0.8822323205349719,1.0
PSMC6,0.14803182,-0.012521782,0.8823176603387838,1.0
LURAP1,0.14803182,0.92370003,0.8823176603387838,1.0
AC090907.1,0.14801317,0.92311406,0.8823323742361613,1.0
DOCK8-AS1,0.14798334,0.67510164,0.8823559165564204,1.0
CXCR4,0.14794978,0.7668005,0.8823824017909363,1.0
AL161772.1,0.14790131,-0.21262732,0.8824206584729454,1.0
AC131009.3,0.14785656,0.42857718,0.8824559725767104,1.0
AL110292.1,0.14785282,0.6721891,0.8824589154292379,1.0
AC092567.2,0.14780435,0.6035746,0.8824971726597262,1.0
TRIM36,0.14774843,0.5101847,0.8825413159585832,1.0
AC106865.2,0.1477186,0.3309706,0.8825648592004788,1.0
ZNF501,0.14769995,0.5038201,0.8825795737793478,1.0
PEX11A,0.14764401,0.51902604,0.8826237177590579,1.0
SOCS6,0.14759554,-0.038905904,0.8826619761696909,1.0
TADA2B,0.14744638,0.104610056,0.8827796960727516,1.0
HNRNPH2,0.14738673,-0.18066375,0.8828267847590264,1.0
PELI3,0.14737554,0.49481905,0.8828356139338054,1.0
CXXC1,0.14730468,0.07336242,0.8828915323787172,1.0
RAB3D,0.1471518,0.5937133,0.8830122004847107,1.0
AL022157.1,0.14711452,0.29940844,0.8830416321419885,1.0
YPEL4,0.14707349,0.098350964,0.8830740071514711,1.0
NECAB3,0.14707349,0.25501966,0.8830740071514711,1.0
CACNG8,0.14705113,0.012127765,0.8830916663298747,1.0
ATP6V0A2,0.14695045,-0.023805438,0.883171133351537,1.0
AL392046.1,0.14687215,-0.08927884,0.8832329418479292,1.0
SMYD4,0.1466074,-0.031116627,0.8834419186933549,1.0
IFRD2,0.14654027,-0.08666241,0.8834949000281197,1.0
AC068254.1,0.14630908,0.025617654,0.8836773952796018,1.0
AC025423.1,0.14629044,0.16387978,0.8836921129077052,1.0
AC007563.2,0.14621586,1.1561377,0.8837509838214896,1.0
ENTPD4,0.14609654,-0.0409343,0.8838451786186734,1.0
VN1R1,0.14601451,-0.184738,0.8839099384943552,1.0
CFAP206,0.1459101,0.66989315,0.883992361276161,1.0
AC090946.1,0.14588027,0.8370911,0.8840159108730598,1.0
UTP11,0.14582433,0.006737485,0.884060066643449,1.0
ZNF771,0.14581688,-0.056118168,0.8840659541067154,1.0
LINC00858,0.14579077,2.8025646,0.8840865602785644,1.0
MED26,0.14577585,-0.040780026,0.8840983352691144,1.0
NYAP1,0.14574602,2.6186733,0.8841218853270194,1.0
AL121757.2,0.14571619,1.5180519,0.8841454354873138,1.0
MAN1B1-DT,0.14568263,-0.0639419,0.8841719295400069,1.0
AC002064.1,0.14567144,2.2195165,0.8841807609196908,1.0
TMEM74B,0.14566399,2.0120106,0.884186648514142,1.0
AC004854.2,0.14566399,1.3965008,0.884186648514142,1.0
GOLGA8S,0.14564162,2.0349553,0.8842043113358691,1.0
STX11,0.14561924,1.7177585,0.8842219742151499,1.0
LINC01203,0.14560433,1.7125497,0.8842337494999737,1.0
AP001372.2,0.14558941,1.7147862,0.8842455248103707,1.0
CHST6,0.14558196,1.336362,0.8842514124751581,1.0
AC027796.4,0.14558196,1.9021288,0.8842514124751581,1.0
AC015845.2,0.14557824,0.014025941,0.884254356309949,1.0
SLC34A1,0.14555213,1.397349,0.8842749631982277,1.0
AC090229.1,0.1454328,0.8931402,0.8843691671128623,1.0
GPR52,0.14539924,0.8375212,0.8843956622584586,1.0
PCDHB12,0.14536569,0.8457818,0.8844221575333395,1.0
LINC00393,0.14533585,0.6244819,0.8844457089973012,1.0
ZNF844,0.14526874,0.7938901,0.8844987001645136,1.0
FOPNL,0.14515686,0.039142728,0.8845870199246076,1.0
CYB561D2,0.14514196,0.0301776,0.884598796001002,1.0
MIR663AHG,0.14511585,0.0365327,0.8846194041960345,1.0
AL158207.2,0.14507483,0.56034845,0.8846517886602221,1.0
TNKS,0.14505991,0.00064687006,0.8846635648767991,1.0
KCNMB1,0.14505991,0.091816716,0.8846635648767991,1.0
ZNF599,0.145045,0.55285054,0.8846753411188555,1.0
CREG1,0.14502636,0.09911948,0.8846900614572524,1.0
LINC00683,0.14502263,0.3857893,0.8846930055297083,1.0
AC010198.1,0.14498907,0.27405462,0.884719502253449,1.0
AP5B1,0.14483619,0.279159,0.8848402111815452,1.0
AC010285.3,0.14482127,0.3215679,0.8848519878054848,1.0
AC020763.1,0.14468703,0.31573042,0.8849579785653593,1.0
ZNF570,0.14467585,-0.2894718,0.8849668112216325,1.0
AL138760.1,0.14460872,0.054910798,0.8850198074594294,1.0
AC097478.3,0.144605,0.32251725,0.8850227517099472,1.0
SEMA5A,0.14450805,0.2356891,0.8850993027805266,1.0
ARRDC1-AS1,0.14450805,0.011701028,0.8850993027805266,1.0
BET1L,0.14435889,0.16829072,0.885217075752315,1.0
MIER2,0.14422466,-0.10982947,0.8853230735951783,1.0
RBM5,0.14417244,-0.018629959,0.8853642955328364,1.0
AP000866.2,0.14410533,0.29497966,0.8854172956228346,1.0
SLC25A5,0.14409414,0.008627363,0.8854261290210133,1.0
AP003393.1,0.14406805,-0.13369451,0.8854467403388012,1.0
JRKL,0.14396363,0.09176533,0.8855291863848975,1.0
PIGH,0.14388905,0.030864155,0.8855880771766002,1.0
AC131971.1,0.14387414,0.24390948,0.885599855410785,1.0
AC091607.2,0.14384058,0.4402795,0.8856263565301103,1.0
PRSS23,0.14383686,0.1891819,0.8856293011068216,1.0
SHISAL2B,0.14375482,-0.43154377,0.8856940821939643,1.0
AP003696.1,0.14366533,-0.02305617,0.8857647533421273,1.0
ZNF658,0.1435833,0.15400359,0.8858295360261568,1.0
MYOF,0.14347889,0.7951854,0.885911987818477,1.0
ZNF678,0.14344905,-0.069185525,0.8859355457003312,1.0
NDUFB2-AS1,0.14336702,0.9526147,0.8860003303951659,1.0
AC116914.2,0.1431582,1.6813544,0.8861652403283046,1.0
USP48,0.14314328,-0.0050928323,0.8861770197979685,1.0
AC008608.2,0.14310227,2.5075355,0.8862094134692143,1.0
AC010889.1,0.14309853,0.6677067,0.8862123583578478,1.0
AL355916.2,0.14309108,1.59635,0.8862182481398289,1.0
LINC01471,0.14308736,2.4182594,0.8862211930331764,1.0
TLCD1,0.14308362,0.24061063,0.8862241379280951,1.0
DHCR24-DT,0.1430277,2.108294,0.8862683115403991,1.0
TRAJ11,0.1429904,2.0079298,0.8862977608116034,1.0
NPIPB9,0.1429904,1.9362433,0.8862977608116034,1.0
AL049870.2,0.14298294,1.9737704,0.8863036506846881,1.0
LINC02661,0.1429755,1.7299101,0.8863095405640533,1.0
AC011483.1,0.14296803,1.7187222,0.8863154304496986,1.0
FHL1,0.14296803,-0.13104755,0.8863154304496986,1.0
ST3GAL6-AS1,0.1429382,1.5280206,0.8863389900550759,1.0
AC009228.1,0.142927,0.13555475,0.8863478249329927,1.0
TBXA2R,0.14290836,1.5626771,0.8863625497609107,1.0
AC100788.1,0.14289719,0.8070029,0.8863713846764938,1.0
OTOGL,0.14288972,1.3181618,0.8863772746280619,1.0
PTGS1,0.14288227,0.8153929,0.8863831645859066,1.0
AC099517.1,0.14286362,0.81682104,0.8863978895079759,1.0
NDUFA5,0.14285989,-0.044378202,0.8864008344970965,1.0
ZNF30-AS1,0.1428487,1.0717175,0.8864096694738709,1.0
AL360012.1,0.14283006,0.3397064,0.8864243944665348,1.0
WEE2,0.14282633,1.0505848,0.8864273394697731,1.0
TRAC,0.14281514,0.014567859,0.8864361744888989,1.0
ISCA2,0.14280397,0.5554587,0.8864450095221394,1.0
AC005082.2,0.1427965,0.5404945,0.8864508995521411,1.0
FAM169A,0.1427965,0.02097015,0.8864508995521411,1.0
AC022182.2,0.14279278,0.9381837,0.886453844569494,1.0
EPCAM,0.14277786,1.109646,0.8864656246545863,1.0
AC010997.5,0.14271075,0.7986982,0.8865186353479138,1.0
MAP1S,0.14261006,0.14945063,0.8865981523399076,1.0
MAPK8IP1,0.14254294,0.8675015,0.8866511643022308,1.0
AL022322.2,0.14246091,0.1910737,0.886715957389377,1.0
AP000282.1,0.14236023,0.4769416,0.88679547721303,1.0
AC091564.5,0.14236023,0.42244816,0.88679547721303,1.0
CCL27,0.14233412,0.31542906,0.8868160936496868,1.0
AC243562.3,0.14231548,0.61747587,0.8868308197227657,1.0
ZNF157,0.142267,0.06438212,0.8868691076956232,1.0
AL357992.1,0.14214768,-0.16369812,0.8869633561381922,1.0
IZUMO4,0.14214395,0.43513554,0.8869663014277882,1.0
TCEA2,0.14210294,0.41709268,0.8869986997163684,1.0
LLGL2,0.14201717,-0.038705543,0.8870664422026472,1.0
STX1B,0.14197989,0.22470401,0.8870958957149369,1.0
HPSE2,0.14190903,0.26680088,0.8871518578178519,1.0
CNTD1,0.14177106,-0.11941133,0.8872608382642804,1.0
MYBPHL,0.14170395,0.38583073,0.8873138565496452,1.0
AC019257.9,0.14152496,0.87048197,0.8874552411086052,1.0
WDR81,0.14147276,0.08126885,0.8874964789464608,1.0
SNX15,0.14129004,0.23092395,0.8876408137766482,1.0
AC026748.3,0.14119309,0.15617652,0.8877174011183273,1.0
YOD1,0.14114834,0.12341309,0.8877527494758204,1.0
AL671710.1,0.1407419,1.0088384,0.8880738406051966,1.0
GATD1,0.14071953,0.01287628,0.8880915158801133,1.0
LINC02288,0.14046597,1.3201823,0.8882918395495767,1.0
MAP2K2,0.14043987,-0.021935835,0.888312461509049,1.0
CRYBA1,0.14042868,0.38018316,0.8883212995148222,1.0
AL118558.4,0.14042868,1.5815253,0.8883212995148222,1.0
LINC01094,0.14042868,2.221207,0.8883212995148222,1.0
AP000892.3,0.14040631,2.291,0.8883389755680188,1.0
AP005717.1,0.1403914,2.2076457,0.8883507596343317,1.0
FAM83G,0.1403541,0.85991925,0.888380219908065,1.0
AC063965.2,0.14034665,1.8826913,0.8883861119813151,1.0
AL359878.2,0.14031681,1.745197,0.8884096803359822,1.0
AC040977.1,0.14030935,1.2365388,0.8884155724400641,1.0
AC005551.1,0.14029445,0.82151276,0.8884273566667239,1.0
LINC01119,0.14027207,0.9855733,0.8884450330529488,1.0
NANOG,0.14026462,1.2948332,0.8884509251940184,1.0
GOLGA8O,0.14021987,1.1315203,0.8884862781698584,1.0
TBL1Y,0.14020495,1.0572042,0.8884980625444343,1.0
AC072062.1,0.1401714,0.5941057,0.8885245774773297,1.0
AC005086.2,0.1401602,1.100545,0.888533415816014,1.0
TMCO3,0.14012665,-0.11941168,0.8885599309152088,1.0
FGF11,0.14012292,0.9335127,0.8885628770450391,1.0
AC108134.4,0.14001851,0.5240186,0.8886453693051141,1.0
AL137191.1,0.13999613,0.6610678,0.8886630463749161,1.0
AC007991.3,0.13997376,0.48186892,0.8886807235000853,1.0
AL365203.2,0.13997376,0.67584056,0.8886807235000853,1.0
PSMB2,0.13982087,0.008274,0.8888015186699045,1.0
AC090948.1,0.13979104,0.5234038,0.8888250887602985,1.0
TRGV4,0.13974257,0.49356997,0.8888633903668127,1.0
AL449363.2,0.13970529,-0.40003568,0.8888928533176129,1.0
OSGIN1,0.13968664,0.70989555,0.8889075848505724,1.0
RAB7A,0.13956359,-0.0019196358,0.8890048139300941,1.0
SOX7,0.13954867,0.0709703,0.8890165993865611,1.0
GATA1,0.13946663,0.09826807,0.8890814198355447,1.0
CSNK1G2-AS1,0.1394629,0.3203481,0.8890843662372138,1.0
KEL,0.13941443,0.34017682,0.8891226695983317,1.0
MYL9,0.13932493,0.34804758,0.8891933841757966,1.0
PIGBOS1,0.13929138,-0.04171196,0.8892199023696925,1.0
AL442125.1,0.13916832,-0.19193877,0.8893171368076482,1.0
AC074050.3,0.13916087,0.2745833,0.8893230298574197,1.0
AL139423.2,0.13907884,0.06502327,0.8893878538084876,1.0
DOCK5,0.13901171,0.34730247,0.8894408921367695,1.0
AC124066.1,0.13898188,0.26228422,0.889464464885978,1.0
PRXL2C,0.13897443,0.060761496,0.8894703580885516,1.0
SPDYE5,0.13889612,-0.0873234,0.8895322370842764,1.0
AC093866.1,0.1388924,0.5311459,0.8895351837199108,1.0
TRMT61A,0.13881035,0.2256435,0.8896000100898984,1.0
GATAD2B,0.13871713,0.013480166,0.8896736773154652,1.0
AC079807.1,0.13860899,0.008769576,0.8897591324905316,1.0
AC087222.1,0.13844493,0.22536908,0.8898887910638937,1.0
ETHE1,0.13830696,-0.12240457,0.8899978244167105,1.0
ZNF786,0.13830324,-0.008239677,0.890000771292969,1.0
RHBDD3,0.13809441,-0.04279081,0.890165798787774,1.0
RGL4,0.1378856,-0.045898747,0.8903308310414314,1.0
ANTKMT,0.13778865,0.1496589,0.8904074547748753,1.0
AF067845.2,0.13778493,2.3325205,0.8904104018619924,1.0
AC068987.2,0.13777001,2.3284304,0.8904221902256019,1.0
AC009495.3,0.13774763,2.0679615,0.890439872816435,1.0
CAMTA1-DT,0.13774763,1.1370275,0.890439872816435,1.0
ENPP3,0.13771407,1.3315195,0.8904663968048604,1.0
AC112236.3,0.13769543,1.9517741,0.8904811324069561,1.0
AC010468.2,0.13768052,1.0309955,0.8904929209158705,1.0
AP003108.1,0.13768052,1.8905028,0.8904929209158705,1.0
RASL11B,0.1376283,0.8989268,0.8905341808876952,1.0
AL033381.3,0.13760594,1.0675001,0.8905518638235175,1.0
XCR1,0.1375761,1.0461354,0.8905754411559634,1.0
AC096531.2,0.13756865,1.064304,0.8905813355041947,1.0
ENPP6,0.13756491,1.0508974,0.8905842826805781,1.0
AC055855.2,0.13754255,1.1393331,0.8906019657706248,1.0
AC022893.3,0.13753882,0.23287773,0.8906049129575898,1.0
MS4A13,0.13750899,0.80212086,0.890628490507721,1.0
AC123768.4,0.13746051,0.79966193,0.8906668042329511,1.0
AC105935.1,0.13745677,0.8015047,0.8906697514531599,1.0
AC128685.1,0.13733374,0.69671464,0.890767010567266,1.0
AC092445.1,0.13732627,0.15182936,0.8907729051118697,1.0
AC079298.3,0.13731508,0.718265,0.8907817469400943,1.0
SAMD9,0.13731135,0.619648,0.8907846942191873,1.0
OR3A2,0.13728152,0.4286212,0.8908082725062543,1.0
AL603824.1,0.13727407,0.10089384,0.8908141670931091,1.0
AC099489.1,0.13725916,-0.22431523,0.8908259562849222,1.0
HDAC6,0.13724424,-0.16948178,0.8908377455008711,1.0
TNFRSF11A,0.13719949,-0.10739276,0.8908731132935066,1.0
AC073842.1,0.13715474,0.3672489,0.8909084813032715,1.0
SIM1,0.13712864,0.54675573,0.8909291127425449,1.0
PCDH11Y,0.1370839,0.42535365,0.8909644810959559,1.0
PCF11-AS1,0.13705407,0.44821814,0.8909880601187619,1.0
LRRN4,0.13703169,0.42489752,0.8910057444491309,1.0
AC012574.1,0.13696085,-0.6479018,0.8910617451862746,1.0
METTL3,0.13667,-0.026526626,0.8912916486407269,1.0
DIRAS3,0.13652083,0.22363219,0.8914095513943728,1.0
DPF1,0.13646863,0.36399573,0.8914508179254785,1.0
LRRIQ1,0.13640897,0.3740057,0.8914979800352978,1.0
AC003681.1,0.13622999,-0.014119207,0.8916394686670474,1.0
RHOB,0.13608083,-0.116207115,0.8917573784957604,1.0
AC007431.2,0.13603236,0.36557588,0.8917956997055121,1.0
FRMD8,0.13600625,-0.24646658,0.8918163343077441,1.0
ZMYM4-AS1,0.13599133,-0.025112081,0.8918281255419098,1.0
C2orf16,0.13577507,0.21537918,0.8919991011236821,1.0
PNKP,0.1357527,-0.07911112,0.8920167885395207,1.0
AC090015.1,0.13573405,0.15720257,0.8920315280937564,1.0
AC096992.2,0.13553269,-0.020193601,0.8921907176552678,1.0
IGSF9,0.13548422,0.15394308,0.892229041717299,1.0
SLC48A1,0.13543947,0.54496384,0.8922644179979615,1.0
AL365271.1,0.13540964,1.2688938,0.8922880023041828,1.0
C7orf25,0.13536489,0.80985516,0.8923233789421324,1.0
USP43,0.13534625,-0.14135516,0.892338119271191,1.0
AL606491.1,0.13532014,0.7163226,0.8923587557943616,1.0
AL162458.1,0.13527913,0.12671775,0.8923911847637509,1.0
SELENOV,0.13520083,-0.3171462,0.8924530951140326,1.0
AL109935.1,0.13519336,-0.15038219,0.8924589913720593,1.0
DRC7,0.13511133,2.0020237,0.8925238506026393,1.0
OTC,0.13508897,2.03327,0.892541539608491,1.0
TPTE,0.13508897,2.1270375,0.892541539608491,1.0
ZAN,0.13505913,0.9288452,0.8925651250327895,1.0
EVC2,0.13505913,1.9163605,0.8925651250327895,1.0
TSSK4,0.13505167,0.63452893,0.8925710214037124,1.0
ALG9-IT1,0.13503675,1.7270498,0.892582814163374,1.0
RHBDF1,0.13502184,1.6912932,0.8925946069467877,1.0
AC010536.3,0.13502184,1.204972,0.8925946069467877,1.0
AC022960.2,0.13497709,0.9513864,0.8926299854395163,1.0
AC106895.1,0.13497709,1.1484112,0.8926299854395163,1.0
AL353593.3,0.13497709,1.3566942,0.8926299854395163,1.0
TAX1BP3,0.13496217,0.97520727,0.892641778317913,1.0
ENAM,0.13492489,0.10528413,0.8926712606177586,1.0
AL139123.1,0.13492489,0.72383404,0.8926712606177586,1.0
LINC01214,0.13486522,0.15839784,0.8927184326060219,1.0
LINC01550,0.13485777,1.060215,0.8927243291312461,1.0
TAS2R46,0.13485031,0.7109221,0.8927302256624006,1.0
AC051619.8,0.13481303,0.95007586,0.8927597084071164,1.0
ID2-AS1,0.13481303,0.9315785,0.8927597084071164,1.0
MID1IP1-AS1,0.13479064,0.8378611,0.8927773981250892,1.0
AC009081.2,0.13479064,0.9232976,0.8927773981250892,1.0
LINC02551,0.1347832,0.71814364,0.8927832947096019,1.0
LRRC38,0.13467878,0.6155045,0.8928658475149802,1.0
CDCA3,0.13467133,-0.025016552,0.8928717441883657,1.0
CLDN7,0.1346415,0.47538212,0.8928953309411269,1.0
SLC2A6,0.13459675,0.49533653,0.8929307112478918,1.0
AL512656.1,0.13458183,0.6095208,0.8929425047308359,1.0
AC233976.1,0.13457438,0.20141123,0.8929484014811857,1.0
AC129507.2,0.13449234,0.23198321,0.8930132661255561,1.0
MADD,0.13439912,-0.023425404,0.8930869768173783,1.0
CABP4,0.13439539,0.43910196,0.8930899252642645,1.0
BTF3L4,0.13431336,-0.06327992,0.8931547914695201,1.0
AC107419.1,0.13429098,0.39676055,0.8931724823768327,1.0
ZBED9,0.13418658,-0.025276938,0.893255040646946,1.0
NPHP4,0.13410828,-0.07384478,0.8933169601086384,1.0
UMPS,0.13394047,-0.09988896,0.8934496468585439,1.0
SDHD,0.13380623,0.1042096,0.8935557984058061,1.0
SLC7A14-AS1,0.13375776,0.0039470145,0.8935941313776682,1.0
ZNF343,0.13375776,0.02542216,0.8935941313776682,1.0
REEP1,0.13353775,-0.084330276,0.893768107218581,1.0
LINC02762,0.13351539,0.015588497,0.8937857999634415,1.0
LINC01990,0.13339606,0.055815827,0.893880162161748,1.0
PEX6,0.13334759,-0.10494581,0.8939184972339227,1.0
ATP2A3,0.13331775,-0.014184767,0.8939420881707414,1.0
GLI1,0.13321707,0.12510298,0.8940217082750456,1.0
RSPO3,0.13309029,-1.02656,0.8941219721475804,1.0
AC092821.3,0.13307165,0.13322553,0.8941367169774465,1.0
TSPYL4,0.13306792,0.085189715,0.8941396659478097,1.0
ASH2L,0.13286656,-0.08614181,0.8942989125192999,1.0
NCOR1,0.13278079,-0.00029091665,0.8943667410568654,1.0
AC055788.1,0.13275097,0.73563457,0.8943903337727545,1.0
MAN1B1,0.13272487,0.017371787,0.8944109774757992,1.0
AC011287.2,0.13262792,1.7207667,0.8944876547131443,1.0
GSTA4,0.13255706,0.020370094,0.8945436887024454,1.0
LINC00551,0.13252723,1.1556354,0.8945672821185496,1.0
LINC01883,0.13251978,2.4009013,0.8945731804871506,1.0
TMEM86A,0.13251232,2.4216816,0.894579078861581,1.0
SMIM35,0.1324974,2.2073145,0.8945908756279283,1.0
AC017000.1,0.1324974,2.0920312,0.8945908756279283,1.0
TGM2,0.13241537,1.7082655,0.8946557582594972,1.0
AC068790.9,0.132393,1.6831093,0.8946734536449915,1.0
VWC2L,0.13238554,0.035750236,0.894679352118471,1.0
AL627316.1,0.13238554,1.7077932,0.894679352118471,1.0
APOL4,0.13238181,1.0942103,0.8946823013573947,1.0
AL353804.1,0.1323669,0.863384,0.8946940983276471,1.0
GRM1,0.1323557,0.710852,0.8947029460706213,1.0
AC079140.6,0.13233334,1.3972617,0.8947206415958685,1.0
AL162741.1,0.13231842,1.3369477,0.894732438641807,1.0
LINC01023,0.13229604,0.8811034,0.8947501342543683,1.0
ENPEP,0.13229232,0.94675374,0.894753083528221,1.0
CACFD1,0.13224012,1.0156877,0.894794373514902,1.0
KCNC2,0.13219164,-0.02869972,0.8948327144720536,1.0
AC135507.1,0.13215809,0.86299205,0.8948592583555504,1.0
MYCL,0.13213198,0.3514937,0.8948799036796632,1.0
SPOCK2,0.13210587,0.8483185,0.89490054907498,1.0
PLCH1,0.1320835,0.5992966,0.8949182451847706,1.0
AC002377.1,0.13185231,0.35612842,0.8951011080464732,1.0
KIAA2013,0.13184485,-0.10219333,0.8951070069413228,1.0
CYBA,0.13181503,0.54100746,0.8951306025787197,1.0
AC016027.2,0.1316957,0.44546944,0.8952249860559187,1.0
HMCN2,0.13169198,0.2849548,0.8952279355634871,1.0
NTRK3,0.13168451,0.26989004,0.895233834582969,1.0
AP3B1,0.13166215,0.013156927,0.8952515316761727,1.0
GRM5,0.13155401,0.30596152,0.8953370683613929,1.0
AC244517.1,0.1315279,0.33898908,0.8953577153298267,1.0
LINC00940,0.1314384,-0.04995744,0.8954285054739399,1.0
TNFRSF1B,0.1313862,-0.11131702,0.8954698001092504,1.0
CHRNE,0.13132282,-0.01844823,0.8955199439757527,1.0
MARVELD2,0.13122587,0.057991352,0.8955966354024593,1.0
NWD1,0.13121468,0.25006285,0.8956054844760322,1.0
TNFRSF25,0.13104315,0.22278598,0.8957411718966832,1.0
TMEM8B,0.13090146,0.22062996,0.8958532638056506,1.0
ATP13A3,0.13082315,-0.015862847,0.8959152102264135,1.0
CCDC25,0.13079704,0.006286935,0.8959358591743745,1.0
ZNF256,0.13070382,0.20787844,0.8960096059924805,1.0
TBX6,0.13062179,0.15249564,0.8960745039357281,1.0
AL031985.4,0.13057332,0.19144426,0.8961128530472778,1.0
PNLIPRP3,0.13046145,-0.18908824,0.8962013519232703,1.0
SELENOI,0.13040179,-0.013512634,0.8962485518519798,1.0
CD109,0.13008484,-0.0424375,0.8964993076265978,1.0
AC018904.1,0.13006246,0.03434021,0.8965170084251739,1.0
POLR2B,0.13002518,-0.016929174,0.8965465098705914,1.0
ATP5IF1,0.12991332,0.031356864,0.8966350150649024,1.0
LINC00710,0.12990585,2.4488416,0.8966409154569349,1.0
ZGPAT,0.12988348,-0.017819745,0.8966586166673287,1.0
AC245060.6,0.12981635,0.004140538,0.8967117206071037,1.0
AC027601.1,0.12977907,1.9051577,0.8967412229958178,1.0
GDF15,0.12977535,-0.3217162,0.8967441732425422,1.0
COX7A2L,0.12975296,-0.08484568,0.8967618747528684,1.0
LINC02080,0.12973432,1.7361916,0.896776626050728,1.0
CD38,0.12970449,1.5794162,0.8968002282015168,1.0
GAS2L2,0.12969704,1.5690186,0.8968061287534839,1.0
AC096639.1,0.12968957,1.3931477,0.8968120293111582,1.0
C3AR1,0.12966721,1.7436152,0.8968297310184213,1.0
PCOLCE-AS1,0.12965974,1.3130893,0.8968356315989214,1.0
TLE6,0.12964483,1.0580056,0.8968474327770384,1.0
POU2AF1,0.12960754,0.910437,0.8968769358221627,1.0
AC092652.2,0.12958516,0.8244471,0.8968946377176805,1.0
AQP5,0.12958516,1.1140752,0.8968946377176805,1.0
SLC12A3,0.1295628,0.56699425,0.8969123396645203,1.0
LINC02073,0.12955534,0.925568,0.8969182403248702,1.0
KCTD1,0.12954043,-0.05034448,0.8969300416626732,1.0
LINC02280,0.12953296,0.8938846,0.8969359423401256,1.0
AC244197.2,0.12952551,0.9247527,0.8969418430232782,1.0
AL592043.1,0.12952551,0.8406807,0.8969418430232782,1.0
PLAAT3,0.12948821,0.7230398,0.8969713465245323,1.0
AC079950.1,0.12948076,0.89061356,0.8969772472418791,1.0
PCDHB10,0.12944347,0.7324231,0.8970067509140754,1.0
LTBP3,0.12941737,0.16666646,0.8970274035693476,1.0
MPG,0.12940618,0.084140375,0.8970362547286792,1.0
PAM,0.12929432,0.013572276,0.8971247670265319,1.0
CCDC9B,0.1292794,0.24475497,0.8971365687629967,1.0
BACE2,0.12926449,0.55680466,0.8971483705222184,1.0
AL158832.2,0.12914516,0.46348757,0.8972427854149264,1.0
C1orf109,0.1291228,-0.059512198,0.8972604883693257,1.0
AL033380.1,0.12906313,0.40373832,0.8973076964977266,1.0
HIST1H3E,0.12893635,0.07042697,0.8974080149773389,1.0
AC009320.1,0.12892888,0.3276149,0.8974139161154596,1.0
AL358332.1,0.12890652,0.3618568,0.8974316195638646,1.0
AC100821.2,0.12881702,0.10800698,0.8975024338679731,1.0
COMTD1,0.12880957,0.20450245,0.8975083350968396,1.0
ENDOU,0.12866788,0.2803907,0.8976204595220192,1.0
MAS1,0.12857838,-0.39234042,0.8976912760018572,1.0
AC005104.3,0.12854482,0.08344984,0.8977178323919116,1.0
RNF20,0.12846652,-0.018206868,0.8977797977475086,1.0
ZNF518B,0.12840685,0.07835183,0.8978270098654284,1.0
AC079193.2,0.12821294,0.19702098,0.8979804517457465,1.0
AC010343.3,0.12804142,0.17063396,0.8981161919737567,1.0
AL136418.1,0.12792583,0.23817956,0.8982076707657057,1.0
PDZRN3-AS1,0.12787735,0.0051552616,0.8982460332424068,1.0
AC012065.4,0.12781397,0.89817923,0.898296199916897,1.0
AC026992.2,0.1277282,0.7048458,0.8983640731234278,1.0
FAM24B,0.12759769,0.19075586,0.8984673598641467,1.0
KCNAB2,0.12759769,0.009910523,0.8984673598641467,1.0
LINC02240,0.12752683,-0.1442401,0.8985234305295228,1.0
C7orf61,0.12745972,1.0565741,0.8985765505745623,1.0
AC026254.2,0.12738514,-0.08282269,0.8986355733798093,1.0
AC092287.1,0.1273665,1.1527429,0.8986503291687461,1.0
UBOX5,0.12733667,-0.05325623,0.8986739385039262,1.0
CLSTN2,0.12733294,0.16722512,0.8986768896771298,1.0
DYNC2H1,0.12733294,0.015766392,0.8986768896771298,1.0
GFOD2,0.12727328,0.19688167,0.898724108638929,1.0
LINC00501,0.12723227,1.430165,0.8987565718831635,1.0
ERICH2,0.12719497,2.068905,0.8987860840703933,1.0
KCNK15,0.12719125,21.877785,0.8987890352968155,1.0
CAPN6,0.12719125,21.942497,0.8987890352968155,1.0
GJE1,0.12719125,21.768913,0.8987890352968155,1.0
AC025280.2,0.12719125,21.353428,0.8987890352968155,1.0
AC131097.2,0.12719125,21.2488,0.8987890352968155,1.0
ZFHX4-AS1,0.1271726,0.12947014,0.8988037914499214,1.0
AP001992.2,0.12714277,1.9626393,0.8988274013676626,1.0
LRRC70,0.12712039,1.7936743,0.8988451088647351,1.0
LINC01715,0.12710175,1.2020676,0.8988598651507665,1.0
AC067969.2,0.12709056,1.6829269,0.8988687189391704,1.0
TRAPPC12-AS1,0.12708683,0.010504785,0.8988716702047691,1.0
C17orf107,0.12707564,1.5935578,0.8988805240099562,1.0
AC006157.1,0.12705328,1.4899677,0.8988982316580874,1.0
CPLX3,0.12705328,1.5575583,0.8988982316580874,1.0
AP002784.1,0.12703836,0.57799715,0.8989100367848062,1.0
AC022148.1,0.12703463,1.143865,0.8989129880699811,1.0
AL445433.2,0.12699734,0.27854437,0.898942500998614,1.0
AF178030.1,0.12697497,1.0109993,0.8989602088228811,1.0
TULP1,0.12697124,0.95877963,0.8989631601318167,1.0
IFITM10,0.12695633,1.0573103,0.8989749653815315,1.0
C15orf48,0.12694886,0.882263,0.8989808680147721,1.0
S100P,0.12691158,0.21986252,0.8990103812647929,1.0
LINC01796,0.12690412,0.4533984,0.8990162839315585,1.0
AL442128.2,0.12689666,0.675864,0.8990221866039104,1.0
AC009511.1,0.12688175,0.8046193,0.899033991965372,1.0
STBD1,0.12687056,0.7402197,0.8990428460011302,1.0
MRPL43,0.12685938,0.08911687,0.8990517000494542,1.0
AC007513.1,0.12682955,0.6752882,0.899075310906411,1.0
AC118757.1,0.12676242,0.6482331,0.8991284356611461,1.0
LINC01486,0.12676242,0.5198255,0.8991284356611461,1.0
TRPC1,0.12673633,-0.0042495173,0.8991490954100679,1.0
AC103874.1,0.12669158,0.6385787,0.8991845122815023,1.0
CCDC71,0.12664683,0.320076,0.8992199293537145,1.0
CCR8,0.12662072,0.4319219,0.8992405894051976,1.0
SLC10A5,0.12660955,0.29935357,0.8992494437338797,1.0
TES,0.12648275,0.11149082,0.8993497936684649,1.0
AC007950.2,0.12646411,0.28835177,0.8993645511475472,1.0
AC040904.1,0.12646039,-0.22869593,0.8993675026475393,1.0
TNRC6C-AS1,0.12633733,-0.06647452,0.8994649029278299,1.0
HRH4,0.12625158,0.33773795,0.8995327888672082,1.0
C9orf152,0.126177,0.20779769,0.8995918207163551,1.0
RAD9B,0.1261397,0.23036574,0.8996213368492565,1.0
AL158070.1,0.1260614,0.27744156,0.8996833211801974,1.0
PLAT,0.12604275,0.01600761,0.8996980794444304,1.0
AC010632.1,0.12603903,0.20006731,0.8997010311014388,1.0
CTSL,0.12590106,0.010131591,0.899810243385632,1.0
TBX19,0.12588614,0.20800169,0.8998220502327244,1.0
AC091180.5,0.1257892,0.050543796,0.8998987952790818,1.0
AC004816.1,0.12572953,0.15574056,0.8999460234651602,1.0
ZFP37,0.12570716,0.40094265,0.899963734126284,1.0
RXFP1,0.12566987,-0.29484507,0.8999932520055097,1.0
AC009975.1,0.12562886,0.20600165,0.9000257218324189,1.0
ZNF584,0.12561767,-0.06588764,0.9000345772687984,1.0
AC108488.3,0.12558784,0.07672027,0.9000581918266446,1.0
CDC5L,0.12548716,-0.17752676,0.9001378916124082,1.0
SLC25A42,0.12546106,0.24745472,0.9001585546842287,1.0
IFNGR1,0.12541631,0.095467046,0.9001939772504859,1.0
AC008581.1,0.12539767,-0.056292266,0.9002087367117674,1.0
AL162253.1,0.12533055,-0.19887276,0.9002618710580617,1.0
CASC19,0.12525597,0.044985656,0.9003209097448293,1.0
APC2,0.12508817,0.20633253,0.9004537488059723,1.0
RWDD2A,0.12505089,0.019439086,0.9004832689761209,1.0
GATA6,0.1250397,0.028474526,0.9004921250540094,1.0
CEACAM19,0.12495766,0.042825405,0.9005570700036307,1.0
RABIF,0.1249502,0.12638764,0.9005629741229786,1.0
SCYL2,0.12494274,-0.027858997,0.9005688782478282,1.0
SLC25A28,0.124782406,-0.008663778,0.9006958182622083,1.0
AP001033.3,0.12471528,1.7503852,0.9007489566969431,1.0
SPINK13,0.12469291,1.5443685,0.9007666696073805,1.0
IL17RA,0.124569856,0.12286675,0.9008640914978456,1.0
SPDEF,0.124551214,1.4078641,0.9008788525206503,1.0
NXF3,0.124543756,7.251159,0.9008847569393701,1.0
ARPP21-AS1,0.124543756,8.901916,0.9008847569393701,1.0
NT5C3B,0.1245363,0.029547693,0.9008906613635741,1.0
FSIP2-AS2,0.1245363,5.302854,0.9008906613635741,1.0
AC084026.1,0.1245363,5.8598394,0.9008906613635741,1.0
AC005774.2,0.1245363,5.699242,0.9008906613635741,1.0
SLC34A3,0.12452884,4.179667,0.9008965657932618,1.0
LINC01443,0.12452884,3.2029045,0.9008965657932618,1.0
CTLA4,0.12452884,4.524034,0.9008965657932618,1.0
FSHR,0.12452138,1.8110247,0.900902470228433,1.0
AC012370.2,0.124513924,0.69449484,0.9009083746690872,1.0
AC007546.1,0.12448409,1.9607773,0.9009319924865292,1.0
Z95114.4,0.12444681,1.6512902,0.9009615148816632,1.0
AC005042.2,0.12443935,1.5627751,0.9009674193771309,1.0
AC005944.1,0.12436477,0.8961131,0.9010264646331312,1.0
AL137127.1,0.12433494,0.8546338,0.9010500828888868,1.0
HIST1H4J,0.12432002,1.0263172,0.9010618920496161,1.0
FOXN3-AS1,0.124297656,0.85273975,0.9010796058317672,1.0
AC013565.1,0.124286465,0.4155302,0.901088462741316,1.0
PDP1,0.124260366,0.51877207,0.9011091289114832,1.0
C20orf144,0.124260366,0.80241114,0.9011091289114832,1.0
KIAA1210,0.12423799,0.27141953,0.9011268428249771,1.0
UPF3A,0.12419324,-0.01823466,0.9011622707996687,1.0
KIAA0040,0.124185786,-0.18992269,0.9011681754812604,1.0
AC007036.1,0.12412613,0.66258246,0.901215413130835,1.0
AC007998.3,0.12411867,0.6432957,0.9012213178616321,1.0
TEX43,0.124103755,0.6133448,0.901233127339623,1.0
PTPN20,0.12401426,0.6152574,0.9013039846665398,1.0
AC125603.2,0.1240068,0.3203946,0.9013098894792879,1.0
AC095055.1,0.1240068,0.51703644,0.9013098894792879,1.0
EMILIN2,0.12399934,-0.08787293,0.901315794297497,1.0
SFXN2,0.12397324,0.006269352,0.9013364612042276,1.0
AL365226.1,0.12396205,0.5002101,0.9013453184704427,1.0
FZD4-DT,0.12393223,0.24799286,0.901368937907061,1.0
NXNL1,0.12388748,-0.061520446,0.9014043672257093,1.0
TBILA,0.12387256,0.38168946,0.9014161770422405,1.0
AC021752.1,0.12383527,0.21490717,0.9014457016790256,1.0
AC032019.1,0.12367866,0.36043465,0.9015697066418235,1.0
TCTA,0.12364883,0.22676511,0.9015933269071582,1.0
RAB37,0.12363391,-0.64045095,0.9016051370724987,1.0
SPATA20,0.12352205,0.29521042,0.9016937140065652,1.0
HGD,0.12351087,0.27058506,0.9017025717673073,1.0
AC025259.3,0.1234773,0.2223063,0.9017291451229599,1.0
AL731563.2,0.123469844,0.30644864,0.90173505032806,1.0
AC010476.2,0.12341019,-0.15295328,0.901782292164585,1.0
DNAJC24,0.123343065,-0.06326366,0.9018354396464406,1.0
AC012100.2,0.1232834,-0.0632207,0.9018826822219198,1.0
RPRD1B,0.12327594,-0.005493327,0.9018885875682906,1.0
AL158212.3,0.123178996,-0.10731276,0.901965357565043,1.0
AL512625.2,0.12315662,-0.11300904,0.9019830738483635,1.0
WARS,0.12310069,0.017482629,0.9020273647702136,1.0
AL133453.1,0.1228434,-0.14783312,0.9022311069365047,1.0
EMP3,0.12265696,0.25831303,0.902378750212156,1.0
CATSPERD,0.12263458,-0.024179077,0.9023964676322291,1.0
CACNA1D,0.1226234,0.11846962,0.9024053263604956,1.0
PNMA8A,0.12260475,0.1796881,0.90242009093461,1.0
CDC42BPG,0.122463055,0.51092666,0.9025323028004669,1.0
TRIM38,0.12203424,1.0609632,0.9028719031958605,1.0
AC013701.2,0.12189627,5.539465,0.9029811697135298,1.0
AC009159.3,0.12189627,5.65592,0.9029811697135298,1.0
AL353704.2,0.12189627,5.662036,0.9029811697135298,1.0
VSTM5,0.12189627,1.3187454,0.9029811697135298,1.0
LINC02357,0.12188881,5.0354505,0.902987076064151,1.0
AL049647.1,0.12188881,5.8384833,0.902987076064151,1.0
EDNRB,0.12188135,4.2377787,0.902992982420141,1.0
TRBV20OR9-2,0.12188135,5.463227,0.902992982420141,1.0
AC093534.2,0.12188135,4.942361,0.902992982420141,1.0
LINC01799,0.12188135,4.6009917,0.902992982420141,1.0
SPATA6,0.1218739,0.3417166,0.9029988887814998,1.0
KCNS1,0.1218739,4.030042,0.9029988887814998,1.0
AL356387.1,0.1218739,3.6033394,0.9029988887814998,1.0
AL365184.2,0.1218739,3.9843223,0.9029988887814998,1.0
AC107067.2,0.12186644,3.2891643,0.9030047951482267,1.0
LINC01898,0.12186644,3.4075603,0.9030047951482267,1.0
ESM1,0.12186644,4.0689635,0.9030047951482267,1.0
AL133476.1,0.12185525,1.7081077,0.9030136547083821,1.0
AC005618.1,0.12184779,1.8319741,0.9030195610885284,1.0
AC008105.1,0.121840335,1.7696567,0.903025467474042,1.0
AC232271.2,0.12182542,0.45045316,0.9030372802611691,1.0
EFCAB6,0.12180678,0.101473525,0.9030520462752626,1.0
AC026462.4,0.12178068,1.5027497,0.9030727187513289,1.0
KCNK18,0.12178068,1.5644653,0.9030727187513289,1.0
PHC1,0.121747114,-0.115650214,0.9030992977456829,1.0
ACSL5,0.12170982,-0.00076750084,0.9031288300889969,1.0
AC099499.1,0.1217061,1.028174,0.9031317833307007,1.0
AC004584.1,0.121694915,0.94241995,0.903140643063853,1.0
AC117528.1,0.12168746,-0.5492319,0.903146549559322,1.0
LINC02724,0.121683724,1.159023,0.9031495028090666,1.0
NADK2-AS1,0.121657625,0.95160425,0.9031701755947968,1.0
GALC,0.12163525,0.53134245,0.9031878951776726,1.0
C1orf61,0.12160542,0.012209338,0.9032115213631834,1.0
APOBEC3A,0.12157932,0.5462189,0.9032321943458119,1.0
LINC00440,0.12157186,0.67580605,0.9032381009243278,1.0
AL356356.1,0.12156813,0.8637328,0.9032410542155939,1.0
CALR3,0.12153457,0.1913789,0.9032676338972281,1.0
AC019163.1,0.12151593,0.6738106,0.9032824004338705,1.0
FAM133A,0.121456265,0.7468874,0.9033296535759173,1.0
MMACHC,0.12145253,0.020146409,0.903332606908666,1.0
AC005081.1,0.12144881,0.48860112,0.9033355602427523,1.0
DAPL1,0.121437624,0.5084105,0.9033444202530357,1.0
ZSCAN22,0.12142643,-0.28931916,0.9033532802753552,1.0
SOCS2-AS1,0.12138542,0.5817175,0.9033857671268174,1.0
ZNF275,0.12134813,-0.014629311,0.9034153007685095,1.0
AL445309.1,0.12134067,0.4875059,0.9034212075128856,1.0
RALYL,0.12132949,0.4883357,0.9034300676394719,1.0
CLEC5A,0.12132203,0.11004345,0.9034359743972102,1.0
AC010245.2,0.12131457,0.50301933,0.903441881160293,1.0
AL355310.2,0.12130338,0.6163827,0.9034507413149371,1.0
GHRHR,0.121281005,0.45531878,0.903468461660293,1.0
CPLX2,0.12126982,0.24281286,0.9034773218510027,1.0
AC109454.3,0.12123253,0.11741996,0.9035068559068375,1.0
RHOV,0.12121389,0.50822866,0.9035216229848243,1.0
TRAPPC2B,0.12119524,0.4192508,0.9035363900961839,1.0
CPED1,0.12116542,0.3836787,0.9035600175437621,1.0
RBMX2,0.1209827,0.06173469,0.9037047375228778,1.0
SEMA6A-AS2,0.12093049,0.23233841,0.9037460866761379,1.0
RUVBL1-AS1,0.12090439,0.17555985,0.9037667613506649,1.0
FRAT2,0.12081863,0.2981932,0.9038346928834227,1.0
ZNF138,0.12079253,-0.02395746,0.9038553678374784,1.0
UCHL5,0.12062473,-0.021099178,0.9039882798123066,1.0
AC090589.2,0.120621,0.0809087,0.9039912334423168,1.0
AC011939.2,0.1205949,0.15182416,0.9040119088895835,1.0
CDADC1,0.120494224,-0.0017052108,0.9040916576528443,1.0
KPTN,0.120486766,-0.258949,0.9040975650071371,1.0
ALDH1A3,0.120374896,-0.18939766,0.904186175958319,1.0
GRAMD2A,0.12035998,0.23215784,0.9041979908419887,1.0
LINC02269,0.1203227,0.18160558,0.9042275281439525,1.0
AC034111.2,0.12024066,0.2557272,0.9042925106747005,1.0
DMAP1,0.1202332,0.24741323,0.9042984182092867,1.0
AP001381.1,0.120117605,0.17857647,0.904389985672536,1.0
R3HDM4,0.11998337,0.16154782,0.9044963236769451,1.0
SLX4IP,0.11975591,-0.009124045,0.9046765114265789,1.0
ZNF30,0.11974099,-0.13924733,0.9046883271883003,1.0
RMND1,0.119569466,-0.041352876,0.9048242099642092,1.0
AL033381.1,0.1195098,0.7900293,0.9048714741919028,1.0
VWA5B2,0.1194576,0.91418415,0.9049128306675879,1.0
RLIM,0.11935692,-0.06257587,0.9049925903132057,1.0
SLCO3A1,0.1193159,1.4381202,0.9050250852584718,1.0
AC107909.2,0.11927862,0.5855701,0.9050546262558086,1.0
AC018545.1,0.119248785,5.143912,0.9050782591482812,1.0
AC013565.3,0.119248785,5.0219274,0.9050782591482812,1.0
AC015849.4,0.119248785,0.6814666,0.9050782591482812,1.0
AC106786.2,0.11924133,1.90215,0.9050841673845359,1.0
LINC02729,0.11924133,4.817663,0.9050841673845359,1.0
SRARP,0.11923387,4.2309723,0.9050900756260447,1.0
AC010528.2,0.11923387,4.1933765,0.9050900756260447,1.0
SPATA4,0.11923387,0.99882203,0.9050900756260447,1.0
ACTR1A,0.11923387,0.08171715,0.9050900756260447,1.0
TCEAL7,0.11923387,4.1807346,0.9050900756260447,1.0
AC091151.5,0.11922641,4.0611606,0.9050959838728072,1.0
LINC01603,0.11922641,4.6253715,0.9050959838728072,1.0
AC024257.5,0.11922641,4.347728,0.9050959838728072,1.0
LINC01813,0.11921895,3.2862332,0.905101892124823,1.0
MIR548XHG,0.11921895,1.8140072,0.905101892124823,1.0
LINC02390,0.11921895,3.6003814,0.905101892124823,1.0
WWC2-AS2,0.119211495,3.261399,0.9051078003820918,1.0
AC144450.1,0.11920404,2.7662508,0.9051137086446134,1.0
AL158834.1,0.11918166,1.6721135,0.9051314334636911,1.0
AC005899.7,0.119174205,1.064425,0.9051373417472202,1.0
LINC00290,0.11916675,1.5786098,0.9051432500360004,1.0
LINC02820,0.11915929,1.1225989,0.9051491583300314,1.0
COL9A1,0.11915183,-0.0843421,0.9051550666293129,1.0
AC022267.1,0.11914437,0.30364132,0.9051609749338444,1.0
AL031668.2,0.119136915,1.557974,0.9051668832436257,1.0
NRN1L,0.119122,1.0396849,0.9051786998789365,1.0
AC069287.3,0.119122,1.0828866,0.9051786998789365,1.0
CASC6,0.11910709,1.4169427,0.9051905165352425,1.0
AL133353.1,0.119084716,0.74613804,0.9052082415590621,1.0
GPD1,0.11906234,0.6481598,0.9052259666301065,1.0
ATP13A1,0.119047426,0.025828924,0.9052377833703678,1.0
AC015660.2,0.119010136,1.0302205,0.9052673253128128,1.0
AP002793.1,0.11899522,0.5082517,0.905279142126501,1.0
HAL,0.11898776,0.55379677,0.90528505054121,1.0
GIPR,0.1189803,0.74231434,0.9052909589611622,1.0
PPP1R13L,0.118972845,0.045312118,0.9052968673863571,1.0
LMAN1L,0.11895793,0.9011246,0.9053086842524734,1.0
AC018467.1,0.11894301,0.7359146,0.9053205011395564,1.0
ERG,0.11893556,0.7570336,0.9053264095909597,1.0
AC141002.1,0.11893556,0.9315401,0.9053264095909597,1.0
NME5,0.118928105,0.48211536,0.9053323180476037,1.0
AL606534.2,0.118890814,0.69747967,0.9053618604094231,1.0
AC005225.3,0.11888336,0.51895124,0.9053677688975047,1.0
AC009955.3,0.1188759,0.544509,0.9053736773908246,1.0
PID1,0.11886098,0.62111115,0.9053854943931786,1.0
RNF128,0.11883115,0.7540026,0.9054091284607338,1.0
AC096570.2,0.11883115,0.8952096,0.9054091284607338,1.0
AC114763.1,0.1187603,-0.043570504,0.9054652597069098,1.0
AC024267.3,0.118682,0.23980266,0.9055273000547799,1.0
AL049552.1,0.11863352,0.1899214,0.9055657062733788,1.0
AC008278.2,0.11858505,0.34849682,0.9056041127128438,1.0
LTB4R2,0.11855522,0.42964298,0.9056277475545634,1.0
LINC02458,0.11838369,0.13190964,0.905763649515927,1.0
AC005052.2,0.118241996,0.05900282,0.9058759184352292,1.0
SAMD8,0.118148774,-0.059335396,0.9059497805923219,1.0
ABCC2,0.118141316,0.03326795,0.9059556896000418,1.0
AL121987.2,0.11807419,-0.14965352,0.9060088709037619,1.0
AC016821.1,0.11806301,0.3235004,0.9060177344953644,1.0
AC007298.1,0.118048094,-0.1653072,0.9060295526357105,1.0
AC097532.3,0.1180369,-0.009761506,0.906038416254626,1.0
CRISPLD2,0.117966056,0.3212245,0.9060945527794996,1.0
AC010326.3,0.11790639,0.13623264,0.9061418260064642,1.0
ASB16-AS1,0.117746055,0.018048288,0.9062688744512527,1.0
TBC1D10A,0.11770131,0.03051964,0.9063043302594275,1.0
EDNRA,0.11766029,0.1806441,0.9063368315809646,1.0
BNC1,0.117645375,0.113005646,0.9063486502822343,1.0
CPNE4,0.117623,0.17381018,0.9063663783730231,1.0
B3GNT9,0.11755961,0.06727768,0.9064166082169154,1.0
AC005476.2,0.117488764,0.067843795,0.9064727478971673,1.0
GHRL,0.11733215,0.08533824,0.9065968477955347,1.0
RPTOR,0.11728368,0.052684397,0.9066352601311415,1.0
AL021155.5,0.117183,0.102020994,0.9067150402951066,1.0
ILVBL,0.11707486,0.2957238,0.9068007311492319,1.0
GCN1,0.11680638,-0.021168888,0.9070134855442312,1.0
DLK2,0.116776556,1.1643193,0.9070371253335856,1.0
AC092042.1,0.11675045,1.5703282,0.9070578102168244,1.0
FAM156A,0.116739266,-0.13281532,0.9070666751860813,1.0
ZNF747,0.11671316,1.2670062,0.9070873601593666,1.0
LINC02671,0.11660502,1.9479132,0.9071730557198471,1.0
AL132718.1,0.116601296,4.613021,0.9071760107584526,1.0
U52112.1,0.11659384,4.88983,0.907181920839518,1.0
PLEKHO2,0.11658638,0.5742947,0.9071878309257223,1.0
AL021396.1,0.11658638,3.674014,0.9071878309257223,1.0
ELMO1-AS1,0.11657146,0.0023731808,0.9071996511135466,1.0
LINC01228,0.11657146,3.4951031,0.9071996511135466,1.0
LINC00474,0.116564006,3.4534967,0.9072055612151658,1.0
AP003068.2,0.11656028,1.5602422,0.9072085162679021,1.0
AC119424.1,0.11655655,3.3636816,0.9072114713219227,1.0
AC013402.3,0.11655655,2.7830358,0.9072114713219227,1.0
AC096666.1,0.11654163,2.6457584,0.9072232915508482,1.0
AC017048.1,0.11654163,1.374063,0.9072232915508482,1.0
PSKH2,0.116537906,1.6119431,0.9072262466112901,1.0
LINC01256,0.11651553,1.6468273,0.907243977000907,1.0
GCKR,0.116500616,1.556093,0.9072557972863298,1.0
AC096992.3,0.11649316,1.5924586,0.9072617074367436,1.0
AC097450.1,0.1164857,0.90469575,0.9072676175922921,1.0
AP000550.1,0.1164857,0.92887396,0.9072676175922921,1.0
AC012313.7,0.1164596,1.0552242,0.9072883031771419,1.0
AC078795.3,0.11645214,1.0880886,0.9072942133557921,1.0
AC004069.1,0.116444685,0.9979457,0.9073001235395749,1.0
AC084357.2,0.11643723,-0.07657067,0.9073060337284902,1.0
MACC1,0.116433494,1.2651919,0.9073089888248724,1.0
AC115618.1,0.11642231,0.9955658,0.907317854121717,1.0
FAM189A2,0.116381295,1.0757533,0.9073503603089199,1.0
AC104964.1,0.11637756,0.35215878,0.9073533154245429,1.0
GRM2,0.11636638,1.1280972,0.9073621807791058,1.0
AC122685.1,0.116362646,0.97238374,0.907365135899858,1.0
CNTNAP3B,0.11628807,0.98722774,0.907424238584116,1.0
CCDC63,0.11627316,0.80612034,0.9074360591824858,1.0
DNAJB5,0.11627316,0.8109415,0.9074360591824858,1.0
AC010491.1,0.116254516,0.2505514,0.9074508349592761,1.0
FSTL4,0.11623214,0.7106122,0.9074685659336986,1.0
AC087392.3,0.11618366,0.604741,0.9075069832031153,1.0
RNF208,0.116161294,0.65046376,0.9075247143235198,1.0
ESAM,0.116079256,0.46771017,0.9075897288258541,1.0
LINC02398,0.11606807,0.5721401,0.9075985944877863,1.0
LOX,0.116060615,-0.23929013,0.9076045049354697,1.0
NALCN-AS1,0.115904,0.29857856,0.9077286255180632,1.0
AL732292.2,0.11586298,0.36161184,0.9077611336621323,1.0
MARCH5,0.1158518,0.0054551945,0.9077699995464206,1.0
AC019069.1,0.1158518,0.3811479,0.9077699995464206,1.0
BRD3OS,0.1158518,0.34106308,0.9077699995464206,1.0
AF241728.2,0.11580705,0.25228733,0.9078054631984634,1.0
CASTOR2,0.115784675,0.005528958,0.9078231950934033,1.0
AC099811.4,0.11577722,0.19818199,0.9078291057352578,1.0
AC005288.1,0.115758575,0.3046481,0.9078438823622211,1.0
SRRM2-AS1,0.11566908,0.342393,0.9079148106154848,1.0
GRN,0.115639254,0.06422257,0.9079384535297601,1.0
TAF7L,0.11555349,0.38670912,0.9080064273625391,1.0
GRM8,0.11552366,0.29877043,0.9080300705927403,1.0
C1orf105,0.115519926,0.06645228,0.9080330260022449,1.0
AK5,0.11549755,-0.16026385,0.9080507584860051,1.0
ZNF816,0.11534094,0.3623087,0.9081748871548394,1.0
ZNF575,0.11515823,-0.11174905,0.9083197067688917,1.0
MEIKIN,0.1151545,0.14010666,0.9083226623029639,1.0
TRO,0.115042634,0.2028115,0.9084113289150711,1.0
PRG4,0.114968054,0.28685004,0.9084704406238137,1.0
VEPH1,0.11442737,0.064391166,0.9088990156492196,1.0
ZNF112,0.11439754,-0.17686825,0.9089226619408396,1.0
SLC8A2,0.114192456,1.2028497,0.9090852323790612,1.0
AL160191.1,0.114162624,1.5456421,0.9091088793055911,1.0
TFPI,0.11409551,0.9843699,0.9091620851846945,1.0
PWRN4,0.11401347,1.3557817,0.9092271151457954,1.0
ZNF614,0.113998555,-0.12696585,0.9092389388404464,1.0
ZSCAN20,0.113972455,0.2218578,0.90925963035446,1.0
AL359706.1,0.113972455,-0.055921484,0.90925963035446,1.0
SLC7A4,0.11395381,5.2341967,0.9092744100450147,1.0
CELA2A,0.11394635,3.7092555,0.9092803219300292,1.0
ADGRG3,0.11393889,3.9911091,0.9092862338200673,1.0
COL7A1,0.11393889,1.8650118,0.9092862338200673,1.0
AL356515.1,0.11393889,3.5696278,0.9092862338200673,1.0
LINC01878,0.11393143,3.5112522,0.909292145715129,1.0
DCN,0.11393143,3.687596,0.909292145715129,1.0
LINC00544,0.11393143,3.4383876,0.909292145715129,1.0
GAL3ST3,0.113923974,3.6610446,0.9092980576152138,1.0
TEX101,0.113916524,2.9034727,0.9093039695203213,1.0
AC099654.16,0.113916524,3.5715153,0.9093039695203213,1.0
AL121890.3,0.113909066,2.8875813,0.9093098814304515,1.0
LINC02192,0.113909066,3.3095317,0.9093098814304515,1.0
AC113615.1,0.11390161,2.5904863,0.9093157933456038,1.0
AL591428.1,0.11390161,2.5803282,0.9093157933456038,1.0
AL021877.2,0.11390161,2.8773575,0.9093157933456038,1.0
LINC01160,0.11389415,2.537039,0.9093217052657779,1.0
BHLHA15,0.11388669,2.4685283,0.9093276171909737,1.0
AL008635.1,0.11387923,0.91187495,0.9093335291211905,1.0
AL590399.1,0.11386432,1.37245,0.9093453529966865,1.0
C20orf187,0.11385686,1.4969878,0.909351264941965,1.0
AL157871.5,0.1138494,1.443325,0.9093571768922635,1.0
ZFC3H1,0.1138494,-0.011908582,0.9093571768922635,1.0
AP002762.2,0.11384194,1.119093,0.9093630888475814,1.0
AL772363.1,0.11381211,1.3927144,0.9093867367190428,1.0
AL049835.1,0.11381211,1.1463743,0.9093867367190428,1.0
AL158834.2,0.113797195,1.0365188,0.9093985606848825,1.0
AL157392.4,0.113797195,1.3863515,0.9093985606848825,1.0
AC110023.1,0.11378974,0.97860795,0.9094044726753284,1.0
OLFML2A,0.11378974,1.2200004,0.9094044726753284,1.0
AC007846.1,0.11377482,1.2088819,0.909416296671271,1.0
AC008764.8,0.11375245,0.35360184,0.9094340327028065,1.0
AC090186.1,0.11373754,0.9196452,0.9094458567489075,1.0
AC010395.1,0.11373754,1.0527042,0.9094458567489075,1.0
AC099522.2,0.11373008,1.0929278,0.9094517687794803,1.0
SERP2,0.11373008,0.984034,0.9094517687794803,1.0
GGN,0.11373008,1.0177393,0.9094517687794803,1.0
PRLR,0.11370025,0.7393679,0.9094754169519118,1.0
METTL21C,0.11370025,0.7094965,0.9094754169519118,1.0
ATP8B3,0.113640584,0.6733947,0.9095227135373822,1.0
PNLIPRP1,0.11363686,0.4351042,0.9095256695846231,1.0
AP000842.2,0.11361821,0.6278153,0.9095404498396157,1.0
AC098859.2,0.11361075,0.5253421,0.9095463619503796,1.0
AC106707.1,0.113603294,0.18224962,0.9095522740661528,1.0
AC025180.1,0.11358092,0.14095521,0.909570010443524,1.0
THRB-AS1,0.11356601,0.64097685,0.909581834720145,1.0
AC098869.2,0.113394484,0.47941625,0.9097178153402147,1.0
CARD11,0.11329007,0.4191153,0.909800587447626,1.0
AC092078.2,0.113275155,0.42332143,0.9098124121143436,1.0
PSMB7,0.11323414,-0.0057250275,0.9098449300508225,1.0
AC125807.2,0.11297312,0.62444305,0.9100518659102543,1.0
CRELD2,0.112853795,-0.18410037,0.910146467193546,1.0
AF241728.1,0.11264498,-0.0022077074,0.9103120225038723,1.0
ELOVL7,0.11247718,0.010115147,0.9104450608434008,1.0
ITGA9-AS1,0.112443626,-0.087721586,0.9104716688127356,1.0
AL590490.1,0.11234667,0.01959609,0.9105485368436146,1.0
AC107027.3,0.112305656,0.0653136,0.9105810581856862,1.0
GIPC2,0.11229074,-0.43040723,0.9105928841654034,1.0
C16orf58,0.11214159,0.08667187,0.9107111450515274,1.0
GPR107,0.11212667,-0.031875007,0.9107229712489778,1.0
RBM11,0.11208192,-0.0024839602,0.9107584499599888,1.0
GINM1,0.11200735,-0.26784724,0.9108175815403834,1.0
AC233702.7,0.11196633,0.045811072,0.9108501041201628,1.0
RORA-AS2,0.111873105,-0.10519162,0.9109240196296018,1.0
AC005842.1,0.11159717,1.7097809,0.9111428140530055,1.0
SVEP1,0.111451745,1.0046495,0.911258127339692,1.0
INHA,0.11144056,1.2767408,0.9112669976699591,1.0
AL512283.2,0.111399546,0.4679,0.9112995223088713,1.0
SHISAL2A,0.11133988,0.6406859,0.9113468311398449,1.0
COMMD9,0.11131751,-0.07240334,0.9113645720324892,1.0
ADGRE1,0.11131751,1.8348144,0.9113645720324892,1.0
AC004522.5,0.11129887,4.1295776,0.911379356143445,1.0
MIR4713HG,0.111287676,1.6959999,0.9113882266247444,1.0
AL583810.2,0.11127649,3.4941618,0.9113970971170868,1.0
LINC00355,0.111269034,1.2283274,0.911403010784783,1.0
AC091917.3,0.111269034,3.2191446,0.911403010784783,1.0
AL035078.2,0.111269034,3.0826464,0.911403010784783,1.0
UMODL1-AS1,0.111269034,3.2740433,0.911403010784783,1.0
LINC02308,0.11126158,3.0190353,0.9114089244573864,1.0
AC246680.1,0.11126158,3.035495,0.9114089244573864,1.0
PCDH1,0.11126158,3.0992656,0.9114089244573864,1.0
AL031123.5,0.11126158,3.8095734,0.9114089244573864,1.0
AC107464.1,0.11125784,1.6388822,0.9114118812955283,1.0
SLC49A3,0.111250386,1.5928602,0.9114177949754919,1.0
AC009133.3,0.11124666,2.3900993,0.9114207518173136,1.0
AC015853.1,0.111231744,1.2820396,0.9114325791968659,1.0
DRD1,0.111231744,1.5926248,0.9114325791968659,1.0
GATA3,0.111231744,2.209379,0.9114325791968659,1.0
HSPB2,0.111231744,2.019544,0.9114325791968659,1.0
AC090607.5,0.111224286,2.3749027,0.9114384928940007,1.0
PSPC1-AS2,0.11122056,1.4061881,0.9114414497444074,1.0
AC016590.2,0.11121683,1.6984968,0.9114444065960406,1.0
NIPAL4,0.11119819,1.4631448,0.9114591908725991,1.0
AL590399.3,0.11116462,1.0519167,0.9114858026476413,1.0
AC067960.1,0.11115344,0.65653354,0.9114946732613857,1.0
PPP1R3C,0.11115344,1.3321053,0.9114946732613857,1.0
TMEM225B,0.11111615,1.0917319,0.9115242420535213,1.0
Z98200.1,0.11110869,1.0967405,0.9115301558266514,1.0
AL034347.1,0.111093774,1.1650826,0.9115419833876122,1.0
ALX4,0.11106395,0.962247,0.9115656385683263,1.0
TEX35,0.11106395,0.827598,0.9115656385683263,1.0
TRGV9,0.11106395,0.9969282,0.9115656385683263,1.0
NPIPA7,0.11105276,0.90042144,0.9115745092813007,1.0
UTP3,0.111041576,-0.16667898,0.9115833800052952,1.0
AL391117.1,0.11103784,0.05162877,0.911586336915742,1.0
AC139099.2,0.1110192,0.9129134,0.91160112148634,1.0
LINC02151,0.11101547,0.73532647,0.9116040784041319,1.0
IGFN1,0.111004286,1.0724509,0.9116129491648521,1.0
KCNK4,0.111004286,0.5448247,0.9116129491648521,1.0
AC004771.4,0.11097073,0.744038,0.9116395615131003,1.0
AC008105.3,0.110940896,0.3294022,0.9116632170169683,1.0
AL590282.2,0.110903606,0.57581615,0.9116927865068921,1.0
AC007496.2,0.110866316,0.39617833,0.9117223561190989,1.0
EAPP,0.11081784,-0.015008096,0.9117607967977139,1.0
AC234781.1,0.110784285,0.39516774,0.9117874096961895,1.0
LINC01521,0.11078055,0.4716183,0.9117903666910173,1.0
NDST3,0.11077683,0.10443819,0.9117933236870666,1.0
PRSS35,0.110765636,0.4788007,0.9118021946825426,1.0
AC004812.2,0.110746995,0.22883883,0.9118169796994289,1.0
KCNK7,0.110709704,0.40855885,0.9118465498247805,1.0
AC093599.2,0.110672414,0.23801173,0.911876120072204,1.0
AC002454.1,0.11065377,-0.0046337773,0.9118909052416799,1.0
FAM161B,0.11065004,-0.025558108,0.9118938622792356,1.0
SNAP47-AS1,0.11064258,0.37891597,0.9118997763580071,1.0
AC013549.1,0.11059411,0.34050635,0.9119382179889561,1.0
WIPI2,0.11056801,-0.10066692,0.9119589174140658,1.0
PCDHB15,0.11055309,0.527465,0.9119707456838082,1.0
AL133330.1,0.1105158,0.3763821,0.9120003164434897,1.0
AC073333.1,0.110508345,-0.028473074,0.9120062306100505,1.0
MIR4422HG,0.11050089,-0.2431062,0.9120121447814854,1.0
ZFX,0.11047479,-0.06302254,0.9120328444198866,1.0
CHGB,0.11047479,0.12885864,0.9120328444198866,1.0
GNA11,0.11037038,-0.0324892,0.9121156435702499,1.0
TMEM184B,0.11035547,-0.049242385,0.912127472098212,1.0
BCLAF3,0.110306986,-0.12414073,0.9121659149485383,1.0
HEIH,0.11022122,0.2572544,0.9122339297256976,1.0
LINC02235,0.11003105,0.24604023,0.912384747393877,1.0
NRBF2,0.10997885,-0.07874865,0.912426148874688,1.0
SAXO2,0.10977004,0.026519574,0.9125917571738206,1.0
SNAI3-AS1,0.10965071,0.24455641,0.9126863921924269,1.0
ZNF324B,0.109419525,0.87011,0.9128697510633491,1.0
PCGF2,0.10938969,-0.024733085,0.9128934106105707,1.0
RUBCN,0.109382235,-0.036832586,0.9128993255094404,1.0
ADPRHL1,0.109382235,0.8574043,0.9128993255094404,1.0
FOXRED2,0.1091324,-0.03353745,0.9130974774078003,1.0
AC121342.1,0.10903918,0.7349547,0.9131714160680268,1.0
ARSK,0.10903172,-0.28102022,0.9131773311933212,1.0
SNX24,0.109024264,-0.010707164,0.9131832463234255,1.0
EXOSC1,0.109005615,0.0077542984,0.9131980341697268,1.0
CLCN4,0.10894596,-0.018764956,0.9132453554798272,1.0
AL158011.1,0.10886765,-0.21213199,0.9133074651660917,1.0
REEP2,0.10886765,0.8849834,0.9133074651660917,1.0
AC083843.2,0.10883409,-0.021719286,0.9133340837651719,1.0
SMIM5,0.10872596,0.7994296,0.9134198554678593,1.0
AC092745.5,0.10867375,1.1255476,0.9134612628577348,1.0
AL136985.1,0.10865138,3.5508244,0.9134790089538858,1.0
ITGAD,0.10865138,1.889093,0.9134790089538858,1.0
TRGV6,0.108629,3.1322656,0.9134967550931753,1.0
AL132642.1,0.108629,2.9911442,0.9134967550931753,1.0
AC079248.1,0.108629,3.0826664,0.9134967550931753,1.0
ABHD1,0.108621545,0.6339379,0.9135026704825233,1.0
GRAPL,0.108621545,3.2286015,0.9135026704825233,1.0
AC104066.3,0.10861409,1.5778234,0.9135085858766632,1.0
AC003101.1,0.10860663,2.7443905,0.9135145012755946,1.0
SYNDIG1L,0.10860663,2.8560896,0.9135145012755946,1.0
GLB1L3,0.10859917,2.6217268,0.9135204166793173,1.0
PCAT6,0.10859917,2.5386586,0.9135204166793173,1.0
AL391987.4,0.108584255,2.4013338,0.9135322475011349,1.0
SLC51B,0.108584255,2.102739,0.9135322475011349,1.0
LINC01140,0.108584255,1.5728819,0.9135322475011349,1.0
STAC2,0.1085768,1.4323593,0.9135381629192293,1.0
AC005914.1,0.10856934,2.2401328,0.9135440783421135,1.0
TRAJ21,0.10856188,1.9809842,0.9135499937697874,1.0
FXYD6,0.10856188,1.8969467,0.9135499937697874,1.0
AC053503.2,0.10850968,1.428264,0.9135914018975857,1.0
AL354977.1,0.108502224,1.1457697,0.9135973173635646,1.0
LCP1,0.108502224,1.2527869,0.9135973173635646,1.0
METTL7A,0.10847985,1.0504141,0.91361506379022,1.0
AC084864.2,0.108464934,0.88307285,0.9136268947652526,1.0
TTC9C,0.10844629,-0.04055095,0.913641683510959,1.0
AL445526.1,0.10844256,1.1722009,0.9136446412636885,1.0
SELENON,0.108420186,-0.09327978,0.913662387805181,1.0
C1orf143,0.1083829,0.75203925,0.9136919654699928,1.0
AC092535.5,0.10836053,0.69252914,0.91370971212626,1.0
GFRA3,0.108300865,0.37824014,0.9137570367532901,1.0
AC009229.1,0.10827849,0.6642105,0.9137747835672706,1.0
AC092353.1,0.10827103,0.5848306,0.913780699181485,1.0
AC024475.1,0.10827103,0.5369131,0.913780699181485,1.0
AC015936.2,0.108263575,0.20439477,0.913786614800476,1.0
AC010789.1,0.1082412,0.51610947,0.9138043616861052,1.0
TSPO2,0.1082412,0.38495454,0.9138043616861052,1.0
LINC00426,0.108211376,0.5796325,0.9138280242671302,1.0
AL513477.2,0.10815171,0.4878134,0.9138753496583104,1.0
LINC02547,0.10811442,0.38728508,0.9139049281828786,1.0
PCDHGA4,0.10807713,0.36603945,0.9139345068266909,1.0
GABRD,0.1080473,0.37614638,0.9139581698275691,1.0
AC017002.5,0.10803985,0.43380806,0.9139640855897065,1.0
NDST1-AS1,0.10803239,0.4162129,0.9139700013566104,1.0
CDKN2AIPNL,0.10800628,-0.0813129,0.9139907065783058,1.0
AC069287.2,0.1079951,0.49470654,0.9139995802626164,1.0
AC093330.1,0.1079951,0.063538685,0.9139995802626164,1.0
AL356756.1,0.10798391,0.10471725,0.9140084539576473,1.0
AC087482.1,0.107980184,-0.035323285,0.914011411858373,1.0
ATP13A2,0.107898146,0.24548544,0.9140764859755837,1.0
SPANXA2-OT1,0.10787577,0.377148,0.9140942335620807,1.0
AC106881.1,0.10786086,0.3032994,0.9141060653102095,1.0
TNR,0.10777137,-0.01080608,0.9141770561986219,1.0
AC003035.2,0.10775645,-0.006203201,0.9141888880799397,1.0
AC026471.1,0.10754763,0.27102554,0.9143545364139481,1.0
LEAP2,0.10753272,0.15985642,0.9143663685802418,1.0
AC005674.2,0.10748798,0.16267397,0.9144018651929777,1.0
RAB5IF,0.10736865,0.08067602,0.9144965236614194,1.0
AC067852.3,0.10735373,0.43385294,0.9145083560552723,1.0
UBL7,0.10734255,0.27141765,0.9145172303630955,1.0
AL096870.8,0.10717848,-0.017237669,0.9146473881015447,1.0
SLC46A3,0.107174754,0.02464567,0.9146503462585774,1.0
CHPT1,0.10673102,-0.027672142,0.9150023753749281,1.0
ARF3,0.10672356,0.026983354,0.9150082919733172,1.0
AC114956.1,0.10671983,0.22164884,0.9150112502742777,1.0
AC239868.1,0.10668254,0.051289428,0.9150408333486234,1.0
NDUFA6-DT,0.10664152,-0.05674688,0.9150733748663258,1.0
PAXIP1,0.10662288,0.0052904002,0.9150881665123399,1.0
AC003077.1,0.10648864,0.25481543,0.9151946672313503,1.0
MLIP-AS1,0.10648119,0.105133936,0.9152005839826186,1.0
CDH18,0.106477454,0.082375996,0.9152035423600148,1.0
MIR302CHG,0.10636186,0.8138213,0.9152952526416902,1.0
TMEM256,0.106339484,0.5024476,0.915313003149066,1.0
CCDC115,0.10631711,0.6533214,0.915330753698673,1.0
INTS12,0.10624254,0.0082170805,0.9153899225022525,1.0
AC069549.2,0.10622762,0.52286726,0.9154017563192361,1.0
AC139530.1,0.106194064,-0.009289723,0.9154283824759998,1.0
RENBP,0.10603745,1.8795707,0.9155526391284277,1.0
TEX55,0.10600016,1.5901747,0.9155822243499312,1.0
CEND1,0.10599643,3.293949,0.9155851828785139,1.0
AC009117.2,0.10599643,3.1237626,0.9155851828785139,1.0
CCDC8,0.10598897,3.4592597,0.9155910999391871,1.0
AC012103.1,0.105981514,3.324363,0.9155970170045374,1.0
AC007920.1,0.105974056,3.0041935,0.9156029340745645,1.0
ZCCHC23,0.105974056,2.8729644,0.9156029340745645,1.0
AL136307.1,0.10596287,1.4550664,0.9156118096883733,1.0
SERPINA6,0.10595915,2.5621617,0.9156147682286475,1.0
AC022079.2,0.10595915,2.566957,0.9156147682286475,1.0
AC023781.1,0.10595169,2.4137278,0.9156206853127028,1.0
TMEM52B,0.10593677,2.3291981,0.9156325194948394,1.0
RPS6KB2,0.10593304,-0.023472534,0.9156354780432954,1.0
LINC01397,0.105929315,2.0729055,0.91563843659292,1.0
C1QTNF4,0.105918124,1.4953912,0.9156473122488054,1.0
CSRP1,0.105918124,1.4754533,0.9156473122488054,1.0
LINC01202,0.1059144,2.001741,0.9156502708031042,1.0
AL136360.2,0.10589575,1.2997571,0.9156650635921243,1.0
LINC01426,0.10588829,1.2164326,0.9156709807159104,1.0
RBM7,0.10587711,0.089354485,0.9156798564103505,1.0
AL033528.2,0.105865926,1.3001857,0.9156887321153031,1.0
ASB18,0.105865926,1.2887808,0.9156887321153031,1.0
AC002072.1,0.10580253,0.8228755,0.9157390279752156,1.0
SLC66A1L,0.10579507,0.8472258,0.9157449451573866,1.0
NPSR1,0.10578762,0.634138,0.9157508623442261,1.0
ZNF691,0.105772704,-0.09860157,0.9157626967319096,1.0
CLYBL-AS1,0.105754055,0.97873914,0.9157774897427691,1.0
AC087623.2,0.10572422,0.8598454,0.9158011586208105,1.0
AC022762.2,0.10572422,0.6687991,0.9158011586208105,1.0
TMEM191C,0.10572422,0.79594064,0.9158011586208105,1.0
MAP6,0.10570186,0.6256407,0.9158189103283304,1.0
AC008429.1,0.10570186,0.74725616,0.9158189103283304,1.0
ZNF222,0.10566829,0.60665363,0.9158455379683216,1.0
AC020741.1,0.10565711,0.4163251,0.9158544138693039,1.0
PITPNA-AS1,0.10564965,0.6618691,0.9158603311424536,1.0
ACER1,0.10564592,0.6474542,0.9158632897807769,1.0
LINC01003,0.105608635,0.5206906,0.9158928762281064,1.0
NALCN,0.105589986,0.5235652,0.9159076694954656,1.0
PRKD2,0.10557507,-0.21045053,0.9159195041303215,1.0
FGF13,0.10556389,0.54099154,0.9159283801186935,1.0
AC011481.1,0.10551541,0.5104369,0.915966842856079,1.0
IL17RD,0.10550422,0.5157892,0.9159757189003404,1.0
STAB2,0.10548185,0.034855627,0.9159934710202893,1.0
MRGBP,0.10546693,0.11434753,0.916005305790197,1.0
AC017104.1,0.10541473,0.29521438,0.9160467276314668,1.0
AC093496.1,0.105343886,0.35552552,0.9161029433520547,1.0
NCAM2,0.10528049,0.2528323,0.9161532419840196,1.0
BCL2L11,0.10527303,-0.10364688,0.9161591594922062,1.0
AP002813.1,0.10523947,0.29943335,0.9161857883365327,1.0
RBFOX3,0.10513879,0.1319696,0.9162656754336824,1.0
RGS2,0.10494489,-0.054043658,0.9164195344471497,1.0
INTS9-AS1,0.10485913,0.28464305,0.9164875884713417,1.0
AC002310.2,0.10478828,-0.29530436,0.916543807474705,1.0
DLG3-AS1,0.10469879,0.0076030735,0.9166148215491832,1.0
AC007336.1,0.10462421,-0.24510802,0.9166740004528878,1.0
RNF149,0.1045832,0.0068991547,0.9167065490467668,1.0
RPUSD4,0.10456082,-0.050304145,0.9167243028841,1.0
ENSA,0.104545906,-0.004225172,0.9167361387987296,1.0
AC084036.1,0.1044676,0.17934953,0.9167982776532733,1.0
ZNHIT3,0.10416556,-0.13527125,0.9170379608505212,1.0
NDUFA8,0.10401641,0.15125246,0.9171563257060528,1.0
AL357153.1,0.10394929,0.06449977,0.917209590490318,1.0
AC015712.4,0.103848614,0.73062944,0.9172894883634486,1.0
HIGD1B,0.1037442,-0.09712386,0.9173723462994047,1.0
EIF1AY,0.10352793,-0.09700908,0.9175439834493516,1.0
INA,0.10350556,0.06810755,0.9175617392360653,1.0
AL358781.1,0.10344217,-0.048536893,0.9176120475216846,1.0
NTN5,0.10342352,1.2995445,0.9176268441390684,1.0
KCNRG,0.10342352,1.3977073,0.9176268441390684,1.0
AC084262.2,0.103363864,3.2956076,0.9176741935064044,1.0
SYF2,0.10335267,-0.045506727,0.9176830715452926,1.0
PCDHB1,0.10334149,3.0840685,0.9176919495944451,1.0
AC012038.1,0.10334149,2.912051,0.9176919495944451,1.0
ITGA5,0.10334149,1.656228,0.9176919495944451,1.0
FOXD4L1,0.10333403,3.2670152,0.9176978682995821,1.0
IGFBP4,0.103326574,2.7532473,0.9177037870092802,1.0
AL121885.2,0.103326574,2.5256257,0.9177037870092802,1.0
AP006261.1,0.103319116,2.6432974,0.9177097057235393,1.0
FAM230C,0.103319116,2.5718944,0.9177097057235393,1.0
AL355922.4,0.10331166,3.251074,0.9177156244423588,1.0
LINC00930,0.1033042,2.6717203,0.9177215431657384,1.0
RAB25,0.1033042,1.4580665,0.9177215431657384,1.0
SLC22A3,0.1033042,2.4328246,0.9177215431657384,1.0
ARHGAP26-IT1,0.1033042,2.4904711,0.9177215431657384,1.0
GAGE10,0.1033042,2.5559285,0.9177215431657384,1.0
AP003717.1,0.1033042,1.5587212,0.9177215431657384,1.0
NCKAP1L,0.10329674,2.3033283,0.9177274618936779,1.0
SLC45A2,0.10329674,2.271776,0.9177274618936779,1.0
AC093673.1,0.103289284,2.0103877,0.917733380626177,1.0
AC027682.5,0.103281826,2.2733028,0.9177392993632353,1.0
SP4,0.1032781,-0.15575778,0.917742258733474,1.0
AC068858.1,0.10327437,1.8414311,0.9177452181048525,1.0
TDRD10,0.10327437,1.3526666,0.9177452181048525,1.0
LINC01664,0.10325945,0.78130114,0.9177570556017622,1.0
PICART1,0.10325945,1.5794185,0.9177570556017622,1.0
CHST15,0.10325199,0.7535189,0.9177629743570541,1.0
AC067930.3,0.10322962,0.9794104,0.9177807306502739,1.0
AC109449.1,0.1032147,1.3280616,0.9177925682018707,1.0
TRBC1,0.10319979,1.153449,0.9178044057716912,1.0
AL512603.2,0.10319234,1.3592389,0.9178103245634347,1.0
LINC02548,0.10319234,1.4319214,0.9178103245634347,1.0
MS4A4E,0.10314013,1.0524845,0.9178517562331596,1.0
AC011476.3,0.103125215,0.12092131,0.9178635938940602,1.0
AC006547.2,0.1031103,0.8613549,0.917875431573169,1.0
CU633906.5,0.10310284,0.8930473,0.9178813504195507,1.0
AC011124.1,0.10309538,0.8793647,0.9178872692704834,1.0
AC092134.1,0.103087924,0.61680937,0.9178931881259669,1.0
STAT5A,0.10306555,0.6530454,0.9179109447197183,1.0
AC104794.3,0.103050634,0.658516,0.9179227824716338,1.0
SDR42E2,0.103050634,0.5908096,0.9179227824716338,1.0
AC008554.1,0.103043176,0.6374992,0.9179287013544148,1.0
AC093796.1,0.10300589,0.4268378,0.9179582958365406,1.0
HIST1H2AE,0.10294623,0.42457187,0.9180056472443603,1.0
AL356299.2,0.102923855,0.47535056,0.9180234040972814,1.0
KIAA0355,0.10291267,-0.036335815,0.918032282539076,1.0
AL589740.1,0.10286419,0.022052754,0.9180707559049501,1.0
AL353648.1,0.10284928,0.46574804,0.9180825939022803,1.0
AC245884.8,0.102841824,-0.84709316,0.9180885129077556,1.0
GLB1L,0.10275233,0.38887376,0.9181595413274595,1.0
HMGCS2,0.10274487,0.20350273,0.9181654603919249,1.0
AP002360.1,0.10258826,0.34162343,0.9182897617928847,1.0
AC108734.4,0.10249877,0.27168673,0.9183607920617167,1.0
AL158214.2,0.10249131,0.09776699,0.9183667112802043,1.0
RAI1-AS1,0.10246148,-0.15874611,0.9183903881993948,1.0
AL583785.1,0.10244656,0.27973866,0.9184022266861297,1.0
VPS4A,0.102427915,0.0005944493,0.9184170248199865,1.0
CPOX,0.10242046,0.18166214,0.9184229440814424,1.0
TMEM131,0.102383174,0.0039340816,0.9184525404565339,1.0
EP300-AS1,0.10230487,-0.10374692,0.9185146932119628,1.0
MAP3K9,0.102301136,-0.02704811,0.9185176528794058,1.0
IL13RA1,0.10221165,0.139373,0.9185886852366482,1.0
PRAF2,0.10217808,0.2187211,0.9186153225381575,1.0
AC003988.1,0.10214826,-0.0132832145,0.9186390002161816,1.0
ZNF211,0.10207368,0.25860465,0.9186981947268524,1.0
AC024361.3,0.102043845,-0.12834232,0.9187218726573103,1.0
AL031289.1,0.101973,0.19597298,0.9187781080309804,1.0
LINC01359,0.10190215,0.20703349,0.9188343438109304,1.0
AC092910.3,0.10179401,-0.07137349,0.9189201781524674,1.0
AC005837.4,0.10168215,-0.18086815,0.9190089732931479,1.0
LINC02160,0.101622485,0.6395436,0.9190563311145697,1.0
PMPCA,0.10140994,0.009433097,0.9192250456857175,1.0
ESRP2,0.101383835,0.7895838,0.919245765269887,1.0
JAKMIP3,0.10134282,0.01398802,0.919278324727214,1.0
TSKU,0.10119367,-0.072789736,0.9193967238943732,1.0
IDNK,0.101175025,-0.1626775,0.9194115239159747,1.0
RTRAF,0.10099231,-0.06286293,0.91955656560429,1.0
ATPAF2,0.10089536,-0.20807557,0.9196335275872842,1.0
AC092953.2,0.100843154,1.2498021,0.9196749689669201,1.0
P2RX5,0.100817055,1.7269291,0.919695689738557,1.0
C17orf113,0.10075739,1.8146951,0.9197430517070315,1.0
AP005329.3,0.100735016,1.5091634,0.9197608125186203,1.0
AP000821.2,0.10070146,3.0980244,0.9197874538110544,1.0
AL353804.2,0.100694,3.1447752,0.91979337411049,1.0
CDHR4,0.10068654,2.6792896,0.9197992944143714,1.0
SMIM11A,0.10068654,0.69875556,0.9197992944143714,1.0
APOBEC3C,0.10068654,2.8861494,0.9197992944143714,1.0
ADIRF,0.10067163,2.6345124,0.9198111350354703,1.0
AC108019.2,0.10066417,2.5749326,0.9198170553526873,1.0
OR2A14,0.10066417,2.5457673,0.9198170553526873,1.0
AL512303.1,0.10065671,2.5243049,0.9198229756743488,1.0
AC026316.5,0.10065671,2.501662,0.9198229756743488,1.0
AP000911.1,0.100652985,1.4181944,0.919825935836846,1.0
AC107241.1,0.100652985,1.4982542,0.919825935836846,1.0
ARMC2-AS1,0.10064925,2.2656085,0.9198288960004544,1.0
GJC3,0.10064925,2.6256337,0.9198288960004544,1.0
AC110772.2,0.10064925,2.258813,0.9198288960004544,1.0
LINC02042,0.10063807,1.4807378,0.9198377764979451,1.0
SERPINE1,0.10063434,1.9350427,0.919840736665997,1.0
AC020912.1,0.10063434,2.1726713,0.919840736665997,1.0
AC091614.1,0.10063434,2.0502062,0.919840736665997,1.0
AL117328.2,0.10063061,1.3467522,0.9198436968351598,1.0
ITGA10,0.10063061,0.76943207,0.9198436968351598,1.0
SMAD9,0.10062688,-0.1114277,0.9198466570054333,1.0
TMSB15A,0.10062688,1.9962741,0.9198466570054333,1.0
AL162493.1,0.10062315,1.2153175,0.9198496171768176,1.0
AC009432.2,0.10061942,1.4736218,0.9198525773493125,1.0
AL049541.1,0.10061942,2.19936,0.9198525773493125,1.0
LINC02541,0.10061942,1.8604689,0.9198525773493125,1.0
LINC01287,0.10061942,1.7676008,0.9198525773493125,1.0
AC106745.1,0.10061196,1.8306412,0.9198584976976343,1.0
AC003092.2,0.100604504,1.7221072,0.9198644180503983,1.0
AC009021.1,0.100604504,1.9076706,0.9198644180503983,1.0
CD33,0.100597054,0.70679456,0.9198703384076042,1.0
HIST1H2BF,0.10058214,0.45356646,0.9198821791353405,1.0
ST8SIA2,0.10058214,0.98152035,0.9198821791353405,1.0
MNT,0.10057468,-0.129541,0.9198880995058702,1.0
GOLT1B,0.10054485,-0.092346855,0.9199117810323921,1.0
C9orf129,0.10053366,1.1973834,0.9199206616231511,1.0
SLC28A1,0.10051874,1.036036,0.9199325024263654,1.0
AC008453.2,0.100515015,0.80712646,0.919935462629943,1.0
AL136320.1,0.10051129,1.3882244,0.91993842283463,1.0
KLHL7-DT,0.10051129,0.672903,0.91993842283463,1.0
SWI5,0.100496374,-0.009312524,0.9199502636644724,1.0
TMEM81,0.100477725,0.01943806,0.9199650647267342,1.0
AL359546.1,0.10047027,0.2835395,0.9199709851594029,1.0
CXCR5,0.10046654,1.0637093,0.9199739453774008,1.0
TLDC2,0.10046281,0.7346143,0.9199769055965077,1.0
Z99755.2,0.100459084,0.8164954,0.9199798658167235,1.0
AC002553.2,0.100440435,0.5089584,0.919994666934435,1.0
AC011676.3,0.10041061,-0.22436297,0.920018348780423,1.0
TMPRSS7,0.10034721,0.37322316,0.9200686729386484,1.0
AC091576.1,0.100321114,0.51916236,0.9200893947439143,1.0
AC099332.2,0.10030247,0.07851753,0.9201041960666123,1.0
TBC1D3L,0.10029874,0.29508606,0.9201071563344736,1.0
SEMA3B,0.10028756,0.006070329,0.9201160371447002,1.0
NR5A2,0.100276366,0.48346233,0.9201249179648899,1.0
AC007014.1,0.10026891,-0.05208012,0.9201308385172177,1.0
JUND,0.100254,-0.037788063,0.9201426796351545,1.0
AC017074.1,0.100254,-0.51539385,0.9201426796351545,1.0
COL5A1-AS1,0.10024654,-0.074679464,0.920148600200763,1.0
AC011472.2,0.10024654,0.44343126,0.920148600200763,1.0
AC090220.1,0.10023535,0.706284,0.9201574810574749,1.0
RUNDC3A,0.10017196,0.33512235,0.920207806100239,1.0
AC006213.4,0.10010111,0.36270878,0.9202640521144279,1.0
LINC02449,0.1000601,-0.02023887,0.9202966157786661,1.0
LINC02076,0.09996314,0.29314926,0.9203735849707744,1.0
PRKAB2,0.0999445,-0.0051912917,0.9203883868240287,1.0
FURIN,0.09992585,0.26978832,0.9204031887048646,1.0
AL390208.1,0.09970585,0.13536942,0.9205778529799287,1.0
C16orf71,0.09964992,0.19299643,0.9206222597627529,1.0
AC024075.3,0.09960517,-0.057546735,0.9206577853672268,1.0
AC006378.1,0.09956416,-0.043249305,0.920690350643757,1.0
PRPS1,0.09949331,0.08341786,0.9207466000709794,1.0
SEMA4C,0.09938517,-0.053981114,0.9208324552242455,1.0
AC084824.4,0.09852381,-0.05652843,0.9215163687929795,1.0
AL512625.3,0.09849398,0.3170529,0.9215400551541519,1.0
ZNF597,0.09848279,0.018337129,0.921548937557535,1.0
KAZALD1,0.098464146,-0.14214638,0.9215637415849187,1.0
LHX4,0.09837838,-0.14831306,0.9216318404608467,1.0
CCN5,0.098344825,0.44921306,0.9216584880035121,1.0
THBS4,0.09827397,-0.039599728,0.9217147442156985,1.0
AC010761.2,0.09819194,-0.08796341,0.9217798834770236,1.0
KCTD4,0.09811363,-0.20187609,0.9218420623523155,1.0
AC020978.2,0.098106176,0.82984483,0.9218479841748831,1.0
AC112204.2,0.098068886,3.0425453,0.9218775933527049,1.0
AC107068.1,0.098068886,0.1340021,0.9218775933527049,1.0
AL034428.1,0.09805397,3.13356,0.9218894370541534,1.0
AC119396.2,0.09804651,2.7135587,0.9218953589113733,1.0
AKIRIN2,0.09804651,-0.02632562,0.9218953589113733,1.0
AC018653.4,0.09803905,2.9227037,0.9219012807729234,1.0
AC021733.2,0.09802414,2.7874615,0.9219131245090124,1.0
AC007879.3,0.09801668,0.3038082,0.9219190463835508,1.0
AL118511.3,0.09801668,2.7296317,0.9219190463835508,1.0
AC027688.2,0.09801668,2.4712613,0.9219190463835508,1.0
AC007370.2,0.09800922,2.444063,0.9219249682624179,1.0
AC010649.1,0.09800177,2.083264,0.9219308901456135,1.0
LINC02532,0.09800177,1.4841988,0.9219308901456135,1.0
C1QL4,0.09799431,1.8941579,0.9219368120331372,1.0
AC027688.1,0.09799431,2.3878825,0.9219368120331372,1.0
LINC02274,0.09799431,2.192372,0.9219368120331372,1.0
TSSK6,0.097986855,0.7496805,0.9219427339249886,1.0
LINC02451,0.097986855,2.018168,0.9219427339249886,1.0
CLDN34,0.097986855,2.1801245,0.9219427339249886,1.0
AL138478.1,0.0979794,2.004496,0.9219486558211676,1.0
AL161935.1,0.09797194,2.0506277,0.9219545777216737,1.0
AC008738.2,0.09796448,1.8912543,0.9219604996265066,1.0
AC090589.3,0.09796448,2.1674418,0.9219604996265066,1.0
SIX6,0.09795702,1.5825188,0.921966421535666,1.0
AC007370.1,0.09795702,1.3489524,0.921966421535666,1.0
ASZ1,0.09795702,1.5344265,0.921966421535666,1.0
SFTPD-AS1,0.097949564,1.6147621,0.9219723434491516,1.0
AL590608.1,0.097949564,1.0822345,0.9219723434491516,1.0
IL1R2,0.09794211,1.2903614,0.9219782653669629,1.0
LINC01916,0.09793465,1.2660091,0.9219841872890998,1.0
ASH1L-IT1,0.09793465,1.1487442,0.9219841872890998,1.0
AP001318.1,0.097904816,1.4060407,0.922007875020896,1.0
AC119673.2,0.097874984,0.84005034,0.9220315628218743,1.0
LMOD2,0.09786007,0.90230376,0.9220434067483002,1.0
Z97986.1,0.09784515,0.79462737,0.9220552506920139,1.0
AC010998.2,0.097822785,0.18288024,0.922073016639993,1.0
ATP1A4,0.097822785,0.83312684,0.922073016639993,1.0
PNPLA5,0.097822785,0.677231,0.922073016639993,1.0
AC106028.4,0.09779295,0.6669751,0.9220967046311144,1.0
COL8A1,0.09778922,0.08106825,0.9220996656348638,1.0
HCRTR2,0.09777058,0.57309,0.9221144706698059,1.0
RTL5,0.09776312,0.59498096,0.9221203926913395,1.0
AP003170.3,0.097748205,0.057568632,0.9221322367473596,1.0
HSD17B13,0.09774075,0.68058157,0.9221381587818452,1.0
GIHCG,0.09772583,-0.39335462,0.9221500028637665,1.0
AL136372.2,0.09771837,0.421251,0.9221559249112012,1.0
FP236383.4,0.09768108,0.5155129,0.9221855352131048,1.0
LINC01818,0.09761769,0.5652714,0.9222358729738401,1.0
POU2F2,0.09761397,0.33327717,0.9222388340282917,1.0
AC104411.1,0.09760651,0.039241128,0.9222447561404281,1.0
AC007292.2,0.0975543,0.5041151,0.9222862110460683,1.0
PIH1D2,0.09744244,0.4467816,0.9223750436974928,1.0
FBXL8,0.09736786,0.28798756,0.9224342660031338,1.0
NPIPB13,0.097352944,0.31419954,0.9224461105158772,1.0
LNCSRLR,0.0973082,0.26934403,0.9224816441572905,1.0
FBXL19,0.09714786,-0.2172675,0.9226089743090551,1.0
SRRM3,0.09708447,0.03127891,0.9226593146837498,1.0
AC126407.1,0.09703972,-0.07250571,0.922694849252427,1.0
PBLD,0.096924126,0.14120747,0.9227866476021644,1.0
ATP1B3-AS1,0.09677497,0.16663834,0.9229050986052704,1.0
AC093865.1,0.096547514,0.11393112,0.9230857396759894,1.0
AC129102.1,0.09612988,0.51514125,0.9234174188490437,1.0
MIR762HG,0.09601802,-0.06644971,0.9235062637481721,1.0
TRABD2A,0.095861405,0.55951625,0.923630648209927,1.0
LINC02377,0.0954997,1.6959921,0.9239179242175168,1.0
LINC01208,0.095466144,-0.16378495,0.9239445791960917,1.0
AC005034.2,0.0954475,1.631682,0.9239593875544244,1.0
S100A1,0.09543259,1.4041936,0.9239712342600644,1.0
AP001062.2,0.09540649,2.992902,0.923991966035509,1.0
SLC4A7,0.0953953,-0.0035691264,0.9240008510979336,1.0
CLRN1,0.0953692,2.4158916,0.9240215829471288,1.0
AL355531.1,0.09535428,0.056242906,0.9240334297412695,1.0
AC022778.1,0.09534682,2.2374113,0.9240393531446583,1.0
ZG16,0.09534682,2.173443,0.9240393531446583,1.0
AL354733.1,0.09534309,1.2620667,0.9240423148479323,1.0
TC2N,0.095339365,2.0574036,0.9240452765522592,1.0
L34079.2,0.095339365,2.0589032,0.9240452765522592,1.0
AC245297.3,0.09533191,2.1160831,0.9240511999640717,1.0
LINC00587,0.09533191,1.8364599,0.9240511999640717,1.0
LINC01961,0.09532445,2.0690782,0.9240571233800955,1.0
DPPA4,0.09532445,1.7791659,0.9240571233800955,1.0
ENO1-AS1,0.09532445,1.8318794,0.9240571233800955,1.0
WDR75,0.095320724,-0.013135196,0.9240600850896865,1.0
AL935212.1,0.09531699,1.6694444,0.9240630468003301,1.0
AL158071.4,0.09531699,1.8953204,0.9240630468003301,1.0
AF213884.3,0.09530953,1.5222607,0.9240689702247755,1.0
LINC02642,0.095302075,1.3992403,0.9240748936534313,1.0
AP000820.2,0.09529835,1.2755501,0.924077855369338,1.0
C1QTNF1-AS1,0.09529462,1.366081,0.924080817086297,1.0
RAB7B,0.09529462,1.4737083,0.924080817086297,1.0
LINC01739,0.09529462,1.2375424,0.924080817086297,1.0
AC011939.3,0.09528716,0.9957,0.9240867405233724,1.0
AC126323.2,0.0952797,1.3615482,0.9240926639646571,1.0
AC073140.1,0.0952797,1.1302829,0.9240926639646571,1.0
PPP1R2B,0.09527224,0.75573933,0.9240985874101508,1.0
AL662890.1,0.09527224,1.428966,0.9240985874101508,1.0
AC096669.1,0.09527224,1.0479553,0.9240985874101508,1.0
AC006230.1,0.09525733,0.18831253,0.9241104343137639,1.0
WASIR2,0.09525733,0.70733315,0.9241104343137639,1.0
AC092652.1,0.09524241,0.4930243,0.9241222812342093,1.0
AL355816.2,0.09523123,1.1479746,0.9241311664355877,1.0
SPATA16,0.09518648,0.4673658,0.9241667073357456,1.0
AC104850.2,0.095175296,0.07166606,0.9241755925844406,1.0
AC002101.1,0.09517156,0.7699103,0.9241785543361078,1.0
AC012349.1,0.09516784,0.8828029,0.9241815160888261,1.0
TRAJ30,0.09513428,0.871882,0.9242081719105826,1.0
DNAH10,0.09510445,0.065031044,0.924231866045812,1.0
AC093484.4,0.09504106,0.7147482,0.9242822163063446,1.0
RCN3,0.09501123,0.47258538,0.9243059106515715,1.0
ASIC3,0.09501123,0.5611783,0.9243059106515715,1.0
SRGN,0.09499258,0.13043752,0.9243207196514425,1.0
AC132803.1,0.094981395,0.028410267,0.9243296050639547,1.0
ARMCX5-GPRASP2.1,0.09497767,0.07342644,0.9243325668702234,1.0
AC005523.2,0.09492546,0.20350966,0.924374032268107,1.0
SIGLEC15,0.09492173,0.30711097,0.9243769940901057,1.0
INPP5D,0.094891906,0.37395075,0.9244006887038319,1.0
LPCAT4,0.09485088,0.03229582,0.924433268907218,1.0
AL133304.3,0.094843425,0.38884825,0.9244391925941808,1.0
DNAH8,0.0948397,0.40236598,0.9244421544392335,1.0
KIAA1614-AS1,0.0948397,-0.36365902,0.9244421544392335,1.0
SMARCA5-AS1,0.0947502,0.11033663,0.9245132390346341,1.0
AC147651.4,0.09473156,0.28316614,0.9245280484012296,1.0
AC067838.1,0.094679356,0.30799207,0.9245695147668322,1.0
AL035106.1,0.09466817,-0.047963236,0.9245784004432729,1.0
ZNF669,0.094660714,0.19581091,0.9245843242327946,1.0
RRAS,0.09457122,0.25961977,0.9246554100331505,1.0
UTP25,0.09441088,-0.041990265,0.9247827735963499,1.0
LSR,0.09439223,0.21602441,0.9247975834381922,1.0
AC010542.4,0.094369866,-0.8656044,0.9248153552828063,1.0
RPARP-AS1,0.094340034,0.058493778,0.9248390511339922,1.0
CCDC113,0.094321385,-0.1555215,0.9248538610748487,1.0
AC025031.3,0.0942841,-0.06582199,0.9248834810346889,1.0
THNSL2,0.094220705,-0.033042785,0.9249338352053865,1.0
SEMA3E,0.094202064,0.13714059,0.924948645312837,1.0
VIM-AS1,0.09418715,0.27151853,0.924960493417526,1.0
CCDC92,0.09397833,-0.021342447,0.9251263686296773,1.0
CCAR2,0.09395223,-0.0787142,0.9251471032602242,1.0
LSM1,0.09391494,-0.11377279,0.9251767242492084,1.0
GTF3C2,0.09383291,-0.03463179,0.9252418907900508,1.0
AC020915.1,0.09382545,0.14901069,0.925247815045917,1.0
ZCCHC10,0.093754604,-0.082490414,0.9253040956833487,1.0
AC092794.2,0.093653925,-0.33646193,0.9253840740742925,1.0
MDP1,0.093635276,0.1330006,0.9253988849702107,1.0
AC079329.1,0.093579344,0.03724444,0.925443317813083,1.0
KLF7-IT1,0.09356816,0.12513222,0.9254522044095701,1.0
ZNF548,0.09354579,0.1431993,0.9254699776304482,1.0
CATSPER3,0.09353833,-0.12040929,0.9254759020456742,1.0
BIK,0.09342646,0.15878758,0.9255647687698134,1.0
AC103764.1,0.09335561,-0.12745085,0.9256210515088849,1.0
AL139120.1,0.093157984,-0.13089111,0.9257780526950291,1.0
PSD,0.093094595,-0.13150236,0.9258284121786189,1.0
LONRF1,0.09305358,-0.09055957,0.9258609978851999,1.0
LINC01492,0.09304985,-0.2417488,0.92586396022833,1.0
MARCH9,0.09303493,-0.09120157,0.925875809611128,1.0
HNMT,0.09302747,0.56942046,0.9258817343086934,1.0
AC009682.1,0.09290815,0.55283195,0.925976530028529,1.0
LINC02193,0.09285968,0.08266354,0.9260150410899779,1.0
OLAH,0.092855945,0.95793337,0.9260180034865017,1.0
SWT1,0.09284476,-0.07318148,0.9260268906822269,1.0
AC104088.1,0.09282611,1.105016,0.9260417026956136,1.0
FAM200B,0.092818655,-0.10060385,0.9260476275081464,1.0
DDR1-DT,0.092759,1.415973,0.9260950261560256,1.0
AC087752.4,0.092759,1.4576336,0.9260950261560256,1.0
FADS6,0.09275154,1.4330429,0.9261009510054578,1.0
AC090791.1,0.09275154,2.5698109,0.9261009510054578,1.0
ACE2,0.092736624,2.2061412,0.9261128007166166,1.0
AL138781.1,0.092729166,2.432094,0.9261187255783427,1.0
AC025449.2,0.092729166,2.5017307,0.9261187255783427,1.0
SLC25A2,0.092699334,1.9809649,0.9261424250662171,1.0
AC026401.2,0.092699334,2.4300256,0.9261424250662171,1.0
AC005264.1,0.092699334,2.0979662,0.9261424250662171,1.0
AC005339.1,0.092699334,2.158976,0.9261424250662171,1.0
LINC02572,0.092691876,1.1481166,0.9261483499484265,1.0
LINC01919,0.092691876,1.870544,0.9261483499484265,1.0
AL513523.3,0.09268442,0.5829595,0.9261542748347317,1.0
TRH,0.09268442,1.8958344,0.9261542748347317,1.0
AL591888.1,0.09267696,1.8803227,0.9261601997251322,1.0
ZAP70,0.09267696,2.013927,0.9261601997251322,1.0
AC145343.1,0.0926695,1.8145151,0.9261661246196278,1.0
FMR1-AS1,0.0926695,1.631358,0.9261661246196278,1.0
TCN2,0.0926695,1.3146156,0.9261661246196278,1.0
AC021733.4,0.092662044,1.5922691,0.926172049518218,1.0
LINC01363,0.092662044,1.5018749,0.926172049518218,1.0
AC005014.2,0.092662044,1.2418188,0.926172049518218,1.0
AL590666.3,0.092654586,1.0555135,0.9261779744209027,1.0
AL031432.5,0.092654586,1.637039,0.9261779744209027,1.0
AP1S1,0.09263222,0.031977385,0.9261957491535195,1.0
FAM110D,0.09263222,1.1056337,0.9261957491535195,1.0
BORCS6,0.09263222,1.324888,0.9261957491535195,1.0
AP006545.3,0.09262476,1.0731449,0.9262016740725785,1.0
AL159169.3,0.09262476,1.3312763,0.9262016740725785,1.0
AC023095.1,0.09262476,1.3461668,0.9262016740725785,1.0
AC097382.1,0.0926173,1.0826005,0.9262075989957301,1.0
AC078820.2,0.0926173,0.58030754,0.9262075989957301,1.0
LINC01800,0.0926173,1.1330271,0.9262075989957301,1.0
AC010207.1,0.092609845,0.7922933,0.9262135239229742,1.0
ARHGEF15,0.09260239,0.9415673,0.9262194488543103,1.0
AL162725.2,0.09258001,0.6984539,0.9262372236728681,1.0
AL356512.1,0.092572555,0.9978738,0.9262431486205693,1.0
OTOF,0.0925651,1.0530826,0.9262490735723611,1.0
C5AR2,0.09255764,0.7244736,0.926254998528243,1.0
EPHA1-AS1,0.09250543,0.61617845,0.9262964733339125,1.0
AL138955.1,0.092453234,0.5958504,0.9263379483398706,1.0
NAP1L3,0.092445776,0.6023039,0.9263438733570653,1.0
AC026191.1,0.092445776,0.7018189,0.9263438733570653,1.0
OAS1,0.0924234,0.41650838,0.9263616484331575,1.0
IGSF8,0.092415944,0.58016384,0.92636757346669,1.0
PPP1R3D,0.09240103,0.46148184,0.9263794235460051,1.0
AL132656.2,0.09237865,0.42154124,0.9263971986955993,1.0
AC009435.1,0.09235628,0.6800856,0.9264149738819312,1.0
AL512625.1,0.09235628,0.57437664,0.9264149738819312,1.0
SULT1C4,0.09234136,0.49821758,0.9264268240265578,1.0
AL023284.4,0.092333905,0.16165745,0.926432749104992,1.0
AC245060.2,0.09232645,0.50517064,0.9264386741875059,1.0
Z99127.4,0.09219221,0.33904758,0.9265453263700674,1.0
CARD18,0.092177294,0.28062764,0.926557176694085,1.0
AC007344.1,0.091893904,-0.16186342,0.9267823359430317,1.0
JMJD4,0.091729835,0.043564286,0.9269126939789166,1.0
AC087164.1,0.0915956,-0.08989617,0.9270193520131629,1.0
TMIGD1,0.091565765,-0.24685533,0.927043053976715,1.0
ISG20L2,0.09154339,-0.21032456,0.9270608304918669,1.0
TMEM198,0.09152102,0.15761374,0.9270786070434271,1.0
SMPD2,0.09141661,0.15317297,0.9271615647651815,1.0
AC105345.2,0.09121152,0.6562239,0.9273245197372934,1.0
AC093297.1,0.091189146,0.15282172,0.9273422968278744,1.0
RBM5-AS1,0.09101389,0.29180223,0.9274815519581904,1.0
AC073263.1,0.09099898,-0.050848417,0.9274934035612679,1.0
AC124016.2,0.09095423,-0.024149427,0.9275289584670059,1.0
MDM1,0.090812534,-0.10915178,0.9276415499561499,1.0
ENDOG,0.0907305,0.12619075,0.9277067351648416,1.0
CCDC61,0.09062609,-0.031074744,0.92778969885937,1.0
RBM25,0.09057016,0.0067632804,0.9278341440186985,1.0
ARHGAP30,0.09049931,0.078615956,0.9278904415437162,1.0
SPEF2,0.09032405,0.5662063,0.9280297053927025,1.0
LINC01089,0.09024202,0.043966897,0.9280948934839977,1.0
AC017033.1,0.09023456,0.7481422,0.9281008196980519,1.0
SLC26A6,0.09022337,0.06756404,0.9281097090266107,1.0
LRRC4B,0.09020846,1.1500335,0.9281215614786453,1.0
AC104664.1,0.090163715,1.1836866,0.9281571189304232,1.0
VTCN1,0.09013761,1.4562327,0.9281778608435471,1.0
TMEM80,0.09011897,0.06291211,0.9281926765256576,1.0
ARHGEF10L,0.09008541,1.5101143,0.9282193448161842,1.0
AL022322.1,0.09007422,2.26493,0.9282282342642778,1.0
LINC02686,0.09007422,2.5706837,0.9282282342642778,1.0
AC009948.2,0.09007422,2.471275,0.9282282342642778,1.0
AL021391.1,0.0900593,2.7196078,0.9282400868756692,1.0
AC005772.2,0.0900593,2.2795043,0.9282400868756692,1.0
AC020659.1,0.090051845,0.9258605,0.9282460131873355,1.0
FRY-AS1,0.090051845,2.1273258,0.9282460131873355,1.0
AC087289.4,0.090051845,1.9852577,0.9282460131873355,1.0
AL359881.3,0.090051845,1.9600471,0.9282460131873355,1.0
CLYBL-AS2,0.09004812,0.5594921,0.9282489763446612,1.0
CARD10,0.090044394,2.0512824,0.9282519395029818,1.0
PCDHGC4,0.090044394,1.9859679,0.9282519395029818,1.0
AC087301.1,0.090044394,1.9846303,0.9282519395029818,1.0
AL031726.1,0.090036936,2.0186481,0.9282578658226078,1.0
FLNC-AS1,0.09002948,1.900571,0.9282637921462131,1.0
AC007036.2,0.09002948,1.8995756,0.9282637921462131,1.0
LEF1-AS1,0.09002948,1.9102594,0.9282637921462131,1.0
LINC02430,0.09002202,1.5862498,0.9282697184737975,1.0
LINC02252,0.09002202,1.9065417,0.9282697184737975,1.0
AC024257.4,0.09002202,1.6355137,0.9282697184737975,1.0
AC116366.1,0.09001456,1.9085788,0.9282756448053605,1.0
AC023302.2,0.089999646,1.39197,0.9282874974804214,1.0
AL807752.3,0.089999646,1.3670131,0.9282874974804214,1.0
AC021055.1,0.089999646,1.3170656,0.9282874974804214,1.0
MYCNOS,0.08999219,1.5414473,0.9282934238239186,1.0
AC131159.2,0.08999219,1.283826,0.9282934238239186,1.0
LINC01760,0.08999219,1.5839986,0.9282934238239186,1.0
LINC02016,0.08998473,1.4678941,0.9282993501713931,1.0
AC114311.1,0.08998473,1.3354673,0.9282993501713931,1.0
AL137230.1,0.08998473,1.3651947,0.9282993501713931,1.0
LINC00652,0.08997727,0.5924386,0.9283052765228447,1.0
LRIT2,0.089962356,0.7178326,0.9283171292376777,1.0
CASC18,0.089962356,1.1244372,0.9283171292376777,1.0
LINC01532,0.089962356,1.3144351,0.9283171292376777,1.0
PRR14,0.089962356,-0.12932026,0.9283171292376777,1.0
TSGA10IP,0.089962356,0.47264144,0.9283171292376777,1.0
ETNK2,0.089962356,1.0789114,0.9283171292376777,1.0
AC018767.3,0.0899549,0.9180558,0.9283230556010585,1.0
AC005358.1,0.0899549,0.89858675,0.9283230556010585,1.0
BRDT,0.08995117,1.0830414,0.9283260187842399,1.0
AL161652.1,0.08993252,0.8272189,0.9283408347150541,1.0
LINC01775,0.08991761,-0.15980437,0.9283526874775921,1.0
DNAJC28,0.089887775,0.77444226,0.9283763930503551,1.0
LINC02412,0.08987659,0.7891405,0.9283852826565301,1.0
HES6,0.08987659,-0.009500429,0.9283852826565301,1.0
AC018647.3,0.089861676,0.8190398,0.9283971354786664,1.0
SCHIP1,0.08985049,0.4680246,0.9284060251056944,1.0
AL162464.1,0.08985049,0.39230028,0.9284060251056944,1.0
AC011503.2,0.0898393,0.91002744,0.9284149147416575,1.0
SH2D1B,0.089794554,0.6212737,0.9284504733748391,1.0
AL135936.1,0.089794554,0.5431811,0.9284504733748391,1.0
FBP1,0.08979083,0.573758,0.928453436600721,1.0
ELF3,0.08975727,0.43495315,0.9284801056782999,1.0
ATP13A5-AS1,0.089731164,0.51697713,0.9285008483497351,1.0
NTSR1,0.08968269,0.25914362,0.9285393705827116,1.0
LINC02663,0.08965286,-0.15815003,0.9285630766554814,1.0
AC138207.7,0.08964913,-0.03281401,0.9285660399190359,1.0
AL591519.1,0.08962303,-0.12604912,0.9285867827916513,1.0
AC098487.1,0.08962303,-0.4843097,0.9285867827916513,1.0
DANT2,0.08961184,0.38741028,0.9285956726090561,1.0
SPATA45,0.08954845,0.38734698,0.9286460484093141,1.0
SLC22A13,0.089421675,0.3195533,0.92874680086751,1.0
NR1H3,0.089283705,-0.10265962,0.9288564445462935,1.0
AL441992.1,0.08926879,0.2013263,0.9288682979979092,1.0
UBXN4,0.089257605,-0.022085188,0.9288771880969784,1.0
CETN2,0.08925015,0.24402037,0.9288831148346228,1.0
CHIT1,0.08919421,-0.3310918,0.9289275654926753,1.0
AC015961.2,0.0891793,0.25093147,0.9289394190389477,1.0
AC005736.1,0.0891159,0.19469821,0.9289897967864741,1.0
CPB1,0.08896675,-0.27194065,0.9291083337852537,1.0
HELZ2,0.088963024,0.019648965,0.9291112972303878,1.0
ADAMTSL3,0.08893319,0.21485782,0.929135004826847,1.0
FLVCR2,0.08890336,-0.053286817,0.9291587124862014,1.0
AL732509.1,0.0888959,0.24970666,0.929164639410865,1.0
AC006160.1,0.088836245,-0.034047924,0.929212054949601,1.0
KIAA1586,0.08883251,-0.016801788,0.929215018429118,1.0
ZNF391,0.08881014,-0.15379426,0.9292327993268328,1.0
MGAT1,0.08871692,-0.21259747,0.9293068867808318,1.0
ABCD4,0.08867963,-0.063314974,0.9293365219340313,1.0
VCPIP1,0.088586405,-0.16276222,0.9294106102456721,1.0
RASAL2-AS1,0.08857895,-0.7664823,0.9294165373370431,1.0
CLN5,0.08851929,-0.070067264,0.9294639542089383,1.0
NUTM2A,0.08851556,-0.22703429,0.9294669177717483,1.0
GAPDHS,0.08834403,0.09016356,0.9296032427177299,1.0
AP001033.2,0.08828437,-0.06320746,0.9296506605746819,1.0
FCGRT,0.088276915,0.17105748,0.9296565878243656,1.0
AC022898.2,0.088112846,0.67332864,0.9297869883040756,1.0
POMP,0.08803081,-0.023922484,0.9298521892510857,1.0
NKTR,0.088019624,-0.02350557,0.9298610803258057,1.0
CINP,0.08794132,0.09848445,0.9299233180939095,1.0
TMED4,0.08793013,-0.049283285,0.9299322092386345,1.0
AC009318.3,0.08787047,-0.32688528,0.9299796288248452,1.0
ZNF558,0.0877064,-0.27120295,0.9301100339682534,1.0
AL627309.5,0.08754978,-0.1097132,0.9302345133557228,1.0
AL031714.1,0.0875125,-0.08945486,0.9302641515568015,1.0
ACOT1,0.087478936,2.9111252,0.9302908260204656,1.0
AC096588.1,0.08746402,2.781761,0.930302681362788,1.0
LINC02794,0.08744165,2.278653,0.9303204644052697,1.0
SPSB3,0.08743792,-0.08090642,0.9303234282490659,1.0
AL357093.1,0.08742674,2.2418857,0.9303323197862523,1.0
AC011377.1,0.08742674,2.1739519,0.9303323197862523,1.0
LINC00278,0.08741928,1.860763,0.9303382474825411,1.0
LINC02733,0.087396905,1.1460019,0.9303560305945935,1.0
AL583829.1,0.08738945,0.9702936,0.9303619583063385,1.0
LINC01428,0.08738199,1.7586982,0.9303678860219468,1.0
AC093726.2,0.08738199,1.6497322,0.9303678860219468,1.0
LINC00092,0.08737453,1.988192,0.9303738137414179,1.0
SLC26A1,0.08737453,1.6820668,0.9303738137414179,1.0
ANPEP,0.08736707,1.7315645,0.9303797414647517,1.0
Z82243.1,0.08736707,1.631783,0.9303797414647517,1.0
AL121899.3,0.087359615,1.5157502,0.9303856691919477,1.0
DRD2,0.08735589,0.034097858,0.9303886330569939,1.0
ROS1,0.0873447,1.4533434,0.9303975246579251,1.0
LY6K,0.08733724,1.439455,0.930403452396706,1.0
ZNF578,0.087333515,-0.042260148,0.9304064162675443,1.0
SULT1C3,0.08732978,1.369075,0.9304093801393478,1.0
AL355377.3,0.087322325,1.0494419,0.9304153078858501,1.0
LINC02273,0.087322325,0.9670911,0.9304153078858501,1.0
FAM87A,0.08731487,0.9033586,0.9304212356362129,1.0
AC007823.1,0.087277584,0.7129428,0.9304508744459193,1.0
DGCR6,0.08726267,0.94829774,0.9304627299968126,1.0
SSMEM1,0.08726267,0.06415596,0.9304627299968126,1.0
TAS2R39,0.08726267,0.020189323,0.9304627299968126,1.0
CXCL1,0.08722538,0.8431137,0.9304923689415492,1.0
PPP1R18,0.08721792,0.5955196,0.930498296742066,1.0
SIRLNT,0.087203,0.6742519,0.9305101523546663,1.0
ARSD,0.08718809,0.6904892,0.9305220079826869,1.0
AC004494.1,0.08716571,0.5106123,0.9305397914536251,1.0
HSD11B1L,0.087158255,0.62978566,0.9305457192849783,1.0
COPG1,0.08715453,-0.028487418,0.9305486832020999,1.0
AC015802.3,0.08713588,0.54435,0.9305635028021556,1.0
ZNF837,0.087094866,0.47396195,0.9305961060070174,1.0
AC007378.1,0.08706877,0.53936905,0.9306168535616663,1.0
EPHX2,0.086975545,0.05319366,0.9306909523559456,1.0
MCHR1,0.08697181,0.14441882,0.9306939163202175,1.0
SPAG4,0.08689724,0.28024495,0.9307531958074601,1.0
AJM1,0.086762995,0.37253034,0.9308598998523715,1.0
ATF1,0.08672571,-0.11122444,0.9308895400854844,1.0
RIDA,0.08668096,0.13080364,0.9309251084917423,1.0
AC073389.1,0.08665859,0.24807398,0.9309428927466097,1.0
AC016773.1,0.08665113,0.27359438,0.9309488208392283,1.0
AC138904.1,0.08661384,0.17131142,0.9309784613597774,1.0
AC010255.3,0.08656164,0.20899685,0.9310199582493639,1.0
LAMB2,0.086516894,0.23301162,0.9310555271611208,1.0
PMEPA1,0.08650944,-0.08478885,0.9310614553264696,1.0
ZNF284,0.08648706,-0.28088892,0.9310792398454623,1.0
IL17RC,0.086479604,0.15779486,0.9310851680261075,1.0
IFI35,0.086390115,0.1760133,0.9311563064919766,1.0
AL512343.2,0.08636028,-0.04484649,0.9311800194361814,1.0
MGAT4A,0.08624841,0.011192172,0.9312689435208559,1.0
PRDM4,0.08624469,-0.11576937,0.9312719076717938,1.0
HECTD1,0.08621113,-0.011744372,0.9312985850731273,1.0
RALY-AS1,0.086196214,-0.14681101,0.931310441720719,1.0
CREB3,0.08591655,-0.38629624,0.9315327566826312,1.0
FJX1,0.08575248,0.049131572,0.9316631839475848,1.0
CCDC144NL-AS1,0.08559587,-0.06519118,0.9317876844123667,1.0
AC019080.1,0.08537587,0.38025954,0.9319625807407343,1.0
SCUBE2,0.08516705,0.12442852,0.9321285870743677,1.0
MEX3D,0.08512976,-0.059475854,0.9321582313733952,1.0
C1GALT1C1,0.0851223,0.37188157,0.9321641602444942,1.0
PTPRN2,0.08494332,-0.14990053,0.9323064542792439,1.0
AC009145.3,0.08489857,0.658629,0.9323420281261385,1.0
TRIP6,0.084850095,0.7098213,0.9323805666127758,1.0
ZNF418,0.08483891,0.93111444,0.9323894601322061,1.0
AC087286.4,0.08480908,2.3559465,0.9324131762252819,1.0
AL136115.2,0.08480908,-0.010543267,0.9324131762252819,1.0
AP000936.1,0.08480162,2.5921094,0.9324191052579266,1.0
HSH2D,0.08478297,0.6976176,0.9324339278559426,1.0
ODF2L,0.08478297,-0.08238264,0.9324339278559426,1.0
AC131237.1,0.08475687,1.8037571,0.9324546795325269,1.0
CNTD2,0.084749416,1.8909427,0.9324606085914126,1.0
AC121493.1,0.08474196,1.677361,0.9324665376540455,1.0
SLC2A14,0.084730774,1.3568958,0.9324754312550206,1.0
AL731574.1,0.08472704,1.6342885,0.9324783957905524,1.0
IL21-AS1,0.08471958,1.518402,0.9324843248644256,1.0
AL353811.1,0.08471958,1.8449769,0.9324843248644256,1.0
S1PR3,0.08471586,1.0693452,0.9324872894027669,1.0
AC136489.1,0.08470467,1.623039,0.9324961830234098,1.0
LINC02660,0.08470467,1.5985053,0.9324961830234098,1.0
RERGL,0.08470094,1.141633,0.9324991475654968,1.0
AC092162.2,0.084686026,0.9885473,0.9325110057432078,1.0
AL512408.1,0.0846823,1.0975713,0.932513970289976,1.0
AL132996.1,0.08467484,1.0151894,0.9325198993863206,1.0
XAF1,0.084667385,0.8172281,0.9325258284864095,1.0
AL358134.1,0.08465993,0.82068634,0.9325317575902421,1.0
KRTAP10-4,0.08465993,1.1070893,0.9325317575902421,1.0
AC017091.1,0.084656194,1.0061476,0.9325347221435623,1.0
AC015813.8,0.08465247,0.98736686,0.9325376866978181,1.0
AC253536.3,0.084648736,0.8736203,0.9325406512530099,1.0
AC110615.1,0.08464128,0.98804915,0.9325465803662005,1.0
LINC00992,0.08463755,0.7181524,0.9325495449241994,1.0
AL713852.2,0.08463755,0.5900827,0.9325495449241994,1.0
AC046158.2,0.08463755,0.09062649,0.9325495449241994,1.0
AL355674.1,0.08463755,0.28997096,0.9325495449241994,1.0
GPR37L1,0.08463382,1.0070955,0.9325525094831337,1.0
AC008505.1,0.08460772,0.21424687,0.9325732614218687,1.0
PLCXD1,0.08460399,-0.010056108,0.9325762259882866,1.0
C2orf15,0.08459654,0.8018796,0.9325821551239282,1.0
AC105999.1,0.08458908,0.9313527,0.9325880842633103,1.0
TAF1A-AS1,0.084566705,0.7680094,0.9326058717038976,1.0
CAVIN1,0.08455179,0.6700807,0.93261773001632,1.0
AL161644.1,0.08453687,0.57311064,0.932629588343697,1.0
AC084866.2,0.08453314,-0.020762347,0.9326325529278777,1.0
PRB3,0.08447721,0.5012761,0.9326770218027013,1.0
AC011509.2,0.08444365,0.42602155,0.932703703228461,1.0
AL359813.1,0.08442128,0.51329374,0.932721490887643,1.0
AL021368.1,0.08441009,0.3171196,0.9327303847298334,1.0
ANKRD30B,0.08439518,0.24520685,0.9327422431991507,1.0
MPL,0.08438026,0.06258295,0.9327541016833953,1.0
AC011443.1,0.08433551,0.039462395,0.932789677225667,1.0
ABHD4,0.08431314,0.48130074,0.9328074650471516,1.0
TEX29,0.08431314,-0.13886794,0.9328074650471516,1.0
AL121772.1,0.0842945,0.20930995,0.9328222882573541,1.0
AC007091.1,0.08428704,0.19004938,0.9328282175479584,1.0
LINC01756,0.084205,0.30120918,0.9328934399905207,1.0
CHTF8,0.08412297,0.44743884,0.9329586628836242,1.0
KCNN1,0.084096864,0.32691896,0.9329794157167517,1.0
AL512330.1,0.0840745,0.28130424,0.9329972038956906,1.0
CTXND2,0.084070764,0.20308955,0.9330001685954338,1.0
TRMO,0.08405585,0.071836725,0.9330120274036997,1.0
GCNA,0.0840111,-0.095972374,0.9330476039176934,1.0
NT5C1B,0.0839589,-0.1044899,0.9330891100197121,1.0
AL355075.3,0.083932795,0.15825857,0.933109863138949,1.0
BCL7C,0.08389178,0.11474748,0.9331424752753189,1.0
AC006299.1,0.08389178,0.20377694,0.9331424752753189,1.0
AC004923.4,0.08382466,-0.41783354,0.9331958408314137,1.0
POLN,0.08369415,-0.054793995,0.933299608049782,1.0
TNK1,0.083686695,-0.18350793,0.9333055376393686,1.0
SOX11,0.08368296,-0.051647194,0.9333085024355497,1.0
CIB1,0.08367178,0.15547507,0.9333173968296439,1.0
ZBTB12,0.083559915,0.15980677,0.9334063412282863,1.0
ASTL,0.08333245,-0.20627445,0.9335871974016616,1.0
AC011306.1,0.083321266,0.14223756,0.9335960920560854,1.0
AC002310.1,0.08329889,0.10365848,0.9336138813898033,1.0
DNAJC14,0.083291434,-0.026010992,0.9336198111750771,1.0
LCT,0.083283976,-0.023753898,0.9336257409640342,1.0
TMEM138,0.083265334,-0.012050063,0.9336405654525397,1.0
SLC15A5,0.083164655,0.10000398,0.9337206180880193,1.0
ZNF528,0.08308262,0.14499484,0.9337858466569933,1.0
AC104170.2,0.08303414,-0.0044758483,0.9338243910203847,1.0
LINC02680,0.08273956,-0.0877754,0.9340586254845635,1.0
KIAA0895L,0.08272838,-0.052161787,0.9340675205768617,1.0
BSCL2,0.082668714,-0.07378147,0.9341149612081198,1.0
TKFC,0.082605325,-0.239886,0.9341653671352059,1.0
AC011997.2,0.082541935,0.10854796,0.9342157733262381,1.0
PDE6D,0.08238905,0.031517357,0.9343373422834338,1.0
LINC00535,0.08237041,0.33063966,0.9343521678708324,1.0
FDX2,0.08232939,0.09010743,0.9343847842432464,1.0
AC005695.1,0.08221752,0.49285325,0.9344737385458551,1.0
LINC02227,0.08217651,2.364282,0.9345063553285275,1.0
TKTL1,0.08216159,2.6623461,0.934518216004033,1.0
FP236241.1,0.08213922,2.2411084,0.9345360070445432,1.0
AC062028.1,0.08213176,2.083373,0.9345419373986459,1.0
CHST7,0.0821243,0.38874364,0.934547867756381,1.0
PCSK4,0.08211684,2.0842075,0.9345537981177483,1.0
AC079382.2,0.082109384,1.8448213,0.9345597284827473,1.0
AC099671.1,0.082101926,1.9736943,0.9345656588513778,1.0
AC139887.1,0.082101926,1.9221652,0.9345656588513778,1.0
TAS2R10,0.08208702,1.6202098,0.9345775195995317,1.0
GP2,0.08207956,1.6961153,0.9345834499790545,1.0
MBD3L1,0.08206464,1.5330107,0.9345953107489904,1.0
AC004522.3,0.082057185,1.5963757,0.9346012411394027,1.0
AC139718.2,0.08204973,1.323293,0.9346071715334441,1.0
AL136962.1,0.08204227,1.1163894,0.9346131019311144,1.0
IRF5,0.08204227,1.4295328,0.9346131019311144,1.0
TNK2-AS1,0.08203481,1.2711893,0.9346190323324131,1.0
IQSEC3,0.08203481,1.1776161,0.9346190323324131,1.0
AL163636.1,0.08203481,1.3601732,0.9346190323324131,1.0
AC108727.1,0.08203481,1.1461658,0.9346190323324131,1.0
AC129926.2,0.08202735,1.0821286,0.93462496273734,1.0
ZNF716,0.08201244,0.8802777,0.9346368235580771,1.0
AL035078.1,0.08201244,1.079826,0.9346368235580771,1.0
AF111167.1,0.08200498,0.9182638,0.9346427539738865,1.0
LPL,0.08200498,0.8979789,0.9346427539738865,1.0
LINC01641,0.08200498,0.7265955,0.9346427539738865,1.0
ADGRD1,0.08199752,0.7469034,0.9346486843933229,1.0
UCP3,0.08199006,0.94210595,0.9346546148163858,1.0
AMDHD1,0.08199006,0.8363855,0.9346546148163858,1.0
AC027088.3,0.08199006,0.030541748,0.9346546148163858,1.0
ASB5,0.08199006,0.58001775,0.9346546148163858,1.0
AL139089.1,0.081982605,0.736238,0.9346605452430748,1.0
GPR75,0.081982605,0.29616868,0.9346605452430748,1.0
ARHGAP29,0.08197515,0.8781091,0.9346664756733898,1.0
GABRR3,0.08197515,0.499119,0.9346664756733898,1.0
AL117327.1,0.08196769,0.28831628,0.9346724061073304,1.0
AL512329.2,0.08196769,0.41171494,0.9346724061073304,1.0
AL390718.1,0.08196023,-0.41632092,0.9346783365448961,1.0
PLCD1,0.08195277,0.5570216,0.9346842669860868,1.0
AC104126.1,0.08195277,-0.18643901,0.9346842669860868,1.0
AC012593.1,0.081945315,0.2434507,0.9346901974309019,1.0
LINC01967,0.08193786,0.6202046,0.9346961278793413,1.0
AC002467.1,0.08193786,0.77154213,0.9346961278793413,1.0
AC017071.1,0.08193786,-0.14443722,0.9346961278793413,1.0
C17orf64,0.0819304,0.5654405,0.9347020583314047,1.0
KIF5A,0.08192294,0.7680115,0.9347079887870917,1.0
SH2D4B,0.081893116,0.7167619,0.9347317106460687,1.0
SLC35C1,0.08184837,0.5184141,0.9347672935431862,1.0
LINC02253,0.08184091,0.5079568,0.934773224038711,1.0
AC023283.1,0.08183345,0.41911674,0.9347791545378553,1.0
LPAR5,0.081818536,0.47730976,0.9347910155470018,1.0
AC022167.3,0.08180362,0.5107393,0.934802876570623,1.0
BATF3,0.08175141,0.19077684,0.9348443902672474,1.0
RAB11B-AS1,0.0817104,-0.19949366,0.934877008296034,1.0
RFX8,0.08167684,-0.031753782,0.9349036958554479,1.0
LAPTM4A,0.081661925,-0.16211766,0.9349155570164478,1.0
AL157786.1,0.08155006,0.15495619,0.9350045161842696,1.0
AC107204.1,0.081535146,0.14301239,0.9350163774679868,1.0
CTNND2,0.08152769,0.32635632,0.935022308115255,1.0
PCDHGA1,0.08152023,0.0047268984,0.935028238766129,1.0
HNRNPA1L2,0.08146802,0.0029609818,0.9350697534231847,1.0
CYTH2,0.08143819,-0.07888499,0.9350934761636385,1.0
AC067945.4,0.08140836,0.09399399,0.9351171989617236,1.0
VILL,0.08136362,0.2584645,0.9351527832668645,1.0
PLEKHA6,0.08136362,0.138221,0.9351527832668645,1.0
DHX8,0.08131887,-0.106464624,0.9351883677015579,1.0
ZNF653,0.08125548,-0.16246876,0.9352387792056711,1.0
AC009812.1,0.08122192,0.11780398,0.9352654677541605,1.0
DCDC2B,0.08122192,0.21367516,0.9352654677541605,1.0
PRICKLE4,0.08116972,-0.4624263,0.9353069834186184,1.0
NFIL3,0.0811548,0.22533013,0.9353188450693514,1.0
GORAB-AS1,0.08111005,0.10848483,0.9353544301076879,1.0
AC026310.2,0.08099819,-0.1954047,0.9354433932684125,1.0
F5,0.0809609,0.19264205,0.9354730478345068,1.0
AL031775.1,0.08095344,-0.2739026,0.9354789787584699,1.0
ZNF346,0.08094226,-0.1202519,0.9354878751511282,1.0
PCDHB4,0.08084158,0.055581935,0.9355679430474126,1.0
LINC01833,0.08077073,-0.10678261,0.9356242875132738,1.0
SF3B4,0.08069988,-0.03641081,0.9356806323015651,1.0
PIP4P1,0.08048733,0.27159622,0.9358496685982096,1.0
TRIM52-AS1,0.080461234,0.10627257,0.9358704276411802,1.0
PPARA,0.0804575,0.10747954,0.9358733932223068,1.0
PHB,0.08037174,-0.032707382,0.9359416018336972,1.0
AP003096.1,0.08037174,-0.08041112,0.9359416018336972,1.0
SSR1,0.08033072,-0.05407279,0.9359742235097243,1.0
NUDT11,0.08030835,0.723806,0.9359920171965015,1.0
NADSYN1,0.080259874,0.056209914,0.9360305702941848,1.0
ING1,0.08005106,0.04071294,0.9361966468901166,1.0
SLC30A1,0.07996529,-0.012277226,0.9362648577252489,1.0
RGPD3,0.079939194,0.05371159,0.9362856176375124,1.0
BDH2,0.07990564,0.031074457,0.9363123090169274,1.0
DTNA,0.079857156,-0.3172683,0.9363508633579926,1.0
CNR2,0.07967071,1.0386313,0.9364991506752856,1.0
PDCD2,0.07965953,-0.041249838,0.9365080479844194,1.0
EZR-AS1,0.07964089,0.9753042,0.9365228768505943,1.0
KHNYN,0.079599865,0.074437864,0.9365555004336773,1.0
C3orf38,0.0795775,-0.052994676,0.9365732951602573,1.0
TSPAN15,0.07954393,0.034780554,0.9365999873095279,1.0
RAB1B,0.07952902,-0.13602625,0.9366118505098548,1.0
AF121898.1,0.07952529,0.7403041,0.9366148163121355,1.0
AC024559.1,0.07950664,2.1571295,0.93662964533673,1.0
DLG5-AS1,0.07950664,1.9831765,0.93662964533673,1.0
PRRT4,0.07949546,1.1965615,0.9366385427620383,1.0
FOLH1,0.079488,1.083952,0.9366444743833062,1.0
AL591848.3,0.07947682,2.0284145,0.9366533718218011,1.0
LINC02082,0.07945817,1.0746593,0.9366682009035374,1.0
DIP2A-IT1,0.07945817,1.2357699,0.9366682009035374,1.0
AC009269.5,0.07944699,1.7664034,0.9366770983631244,1.0
HYI-AS1,0.07944699,1.6808003,0.9366770983631244,1.0
CYYR1,0.07943207,1.7782816,0.9366889616548741,1.0
AC005232.1,0.07943207,1.731674,0.9366889616548741,1.0
AC092903.2,0.07942461,1.4811753,0.9366948933060198,1.0
AC025257.1,0.07942461,1.6214764,0.9366948933060198,1.0
TMEM9B,0.07942088,0.043330215,0.9366978591329103,1.0
DKK3,0.07942088,-0.10862705,0.9366978591329103,1.0
AC008429.3,0.079417154,1.377504,0.936700824960679,1.0
OR52A1,0.07940597,1.0388057,0.9367097224492549,1.0
AL031118.1,0.07940224,1.4789395,0.9367126882805364,1.0
FAIM2,0.07938732,1.3551873,0.9367245516144439,1.0
AC116407.2,0.079379864,1.1005335,0.9367304832866655,1.0
ECRG4,0.079379864,1.059344,0.9367304832866655,1.0
AC022966.1,0.079372406,1.2287617,0.9367364149623986,1.0
OSCAR,0.079372406,0.88544714,0.9367364149623986,1.0
NPIPB6,0.079372406,1.0162141,0.9367364149623986,1.0
GTSF1,0.079372406,1.1220717,0.9367364149623986,1.0
AL157936.1,0.079372406,1.0917908,0.9367364149623986,1.0
AL359916.1,0.07936868,0.88135505,0.9367393808015819,1.0
MAP10,0.07936868,0.95936424,0.9367393808015819,1.0
AL121749.1,0.07936868,0.9486485,0.9367393808015819,1.0
SHC2,0.07936495,1.1063218,0.9367423466416429,1.0
AL592430.1,0.07936495,0.008476165,0.9367423466416429,1.0
AC044849.1,0.079335116,0.5696992,0.9367660733937253,1.0
LINC01554,0.079335116,0.6159905,0.9367660733937253,1.0
C17orf98,0.079335116,0.2880266,0.9367660733937253,1.0
STARD5,0.07930902,0.8029157,0.9367868343478607,1.0
RCVRN,0.07930529,0.30599493,0.9367898002019602,1.0
AC090912.3,0.07929783,0.014411291,0.9367957319127904,1.0
AL031595.2,0.0792941,0.71900004,0.9367986977695208,1.0
AC105254.1,0.07928292,-0.5743548,0.9368075953449739,1.0
ACTA2-AS1,0.079268,0.7340717,0.9368194587911866,1.0
AL136018.1,0.079268,0.23508856,0.9368194587911866,1.0
C22orf24,0.07924935,0.5484713,0.9368342881186765,1.0
AL391834.2,0.079241894,0.6249859,0.9368402198558079,1.0
AC079145.1,0.07923071,0.35075095,0.9368491174680775,1.0
SPIN1,0.079226986,-0.017771227,0.9368520833405866,1.0
PROC,0.07921207,0.53259796,0.9368639468393845,1.0
RPL3L,0.07921207,0.4934563,0.9368639468393845,1.0
AC005696.2,0.07919715,0.4625953,0.9368758103521988,1.0
AL359715.2,0.079189695,0.47437015,0.9368817421138613,1.0
FAM111A,0.07918224,0.39191622,0.936887673879027,1.0
AC136624.2,0.079178505,-0.14152408,0.9368906397629235,1.0
SNAI1,0.07913749,0.31664982,0.9369232645435689,1.0
LINC02352,0.079126306,0.41760316,0.9369321622293993,1.0
SPHK1,0.07912257,0.4025967,0.9369351281264264,1.0
LINC02464,0.07912257,0.5778005,0.9369351281264264,1.0
EYA1,0.07899952,0.27134988,0.9370330032189765,1.0
TIAF1,0.078969695,0.391931,0.9370567306574823,1.0
ITFG1,0.078932405,0.02878118,0.9370863900342152,1.0
AC138393.3,0.07892867,0.3242128,0.9370893559766904,1.0
SEMA3D,0.0788802,-0.119213164,0.9371279133082892,1.0
LINC02607,0.07883545,0.02506973,0.9371635048221629,1.0
TARID,0.07881681,0.1759777,0.9371783346566699,1.0
ABHD11,0.078813076,0.34356576,0.9371813006261865,1.0
HEPACAM,0.07880189,0.22160657,0.9371901985399661,1.0
ZNF300,0.078794435,-0.03259608,0.9371961304868435,1.0
PCDHGB2,0.078656465,-0.39840904,0.9373058721324757,1.0
AC007036.5,0.07861918,-0.3535308,0.9373355322412198,1.0
MROH8,0.078604266,-0.15006758,0.9373473963090662,1.0
CGN,0.07849985,0.13614194,0.9374304451733133,1.0
AC104758.2,0.07847748,-0.47421417,0.9374482414470966,1.0
KDM5C-IT1,0.07840291,-1.0100297,0.937507562585327,1.0
CDKL4,0.078399174,-0.18442008,0.9375105286513462,1.0
A1BG-AS1,0.078335784,-0.034530297,0.9375609519063051,1.0
GAREM2,0.07831341,0.11909808,0.9375787484090237,1.0
GDF5,0.07827985,0.12867013,0.9376054432215642,1.0
RPS6KA6,0.07825748,-0.077198714,0.9376232398022203,1.0
LINC01392,0.07821273,-0.36993334,0.9376588330570016,1.0
LINC01560,0.078171715,0.14332789,0.9376914603166482,1.0
FAM229B,0.07805985,0.06809185,0.9377804442836154,1.0
ADCY10,0.07794052,-0.04555974,0.9378753613714804,1.0
RSRP1,0.077869676,-0.09871948,0.9379317188101522,1.0
SFPQ,0.07770561,0.022609832,0.9380622319666484,1.0
TARS2,0.077429675,-0.07510999,0.9382817351168795,1.0
AL359922.2,0.077291705,-0.12273003,0.9383914884517316,1.0
AP002433.1,0.07697476,-0.19747847,0.938643628920628,1.0
ZNF677,0.076971024,0.2541825,0.9386465953157468,1.0
AMDHD2,0.07695238,0.15105721,0.9386614273041108,1.0
ARF4-AS1,0.07694865,0.48972043,0.9386643937043374,1.0
DPH3,0.07689645,0.27990502,0.9387059233968611,1.0
AHNAK2,0.07689645,1.3879817,0.9387059233968611,1.0
CFAP54,0.07686289,0.00595445,0.9387326211443824,1.0
CPLANE2,0.07685916,1.8503225,0.9387355875650253,1.0
AP000688.1,0.076844245,1.9624944,0.9387474532560979,1.0
AC013452.2,0.076844245,2.0650988,0.9387474532560979,1.0
WNT7B,0.07681441,1.7924515,0.9387711846790405,1.0
AL357793.2,0.07681441,1.743588,0.9387711846790405,1.0
POLR3H,0.076806955,-0.0028608243,0.9387771175432738,1.0
ALDH1L1,0.076806955,0.83724725,0.9387771175432738,1.0
BATF2,0.07680323,0.54321635,0.9387800839766648,1.0
AC092017.4,0.0767995,1.1278939,0.9387830504109054,1.0
LINC00670,0.0767995,1.5619136,0.9387830504109054,1.0
APOL1,0.07678458,1.6492561,0.9387949161563623,1.0
AL122023.1,0.07678458,1.5433184,0.9387949161563623,1.0
AP000438.1,0.07677712,1.6000199,0.9388008490341871,1.0
ALG12,0.076769665,-0.122553036,0.9388067819154089,1.0
AC004584.3,0.07676221,1.4265429,0.9388127148000275,1.0
AC116565.1,0.07676221,1.3370051,0.9388127148000275,1.0
AC009835.1,0.07676221,1.391151,0.9388127148000275,1.0
TMEM176B,0.07676221,1.0111018,0.9388127148000275,1.0
AC010547.3,0.07675475,1.3672177,0.9388186476880424,1.0
NTN4,0.07675475,0.893893,0.9388186476880424,1.0
LINC01895,0.07674729,1.4803516,0.9388245805794534,1.0
CRYBB3,0.07674729,0.9905732,0.9388245805794534,1.0
LINC02264,0.076732375,1.0427407,0.9388364463724623,1.0
AL158211.4,0.076732375,1.2150273,0.9388364463724623,1.0
AC090651.1,0.076732375,1.065428,0.9388364463724623,1.0
AC012313.1,0.076717466,0.5216525,0.9388483121790516,1.0
VWA1,0.076717466,1.1170689,0.9388483121790516,1.0
SPAAR,0.07671001,0.93532974,0.9388542450874381,1.0
FAM81A,0.076706275,-0.07231311,0.9388572115429041,1.0
RAMACL,0.07670255,0.7001856,0.9388601779992186,1.0
SCGB1A1,0.07670255,0.84407765,0.9388601779992186,1.0
AP002840.2,0.07669509,1.0899262,0.938866110914393,1.0
AC000120.1,0.076687634,0.8634145,0.9388720438329607,1.0
PAH,0.076680176,0.32431248,0.9388779767549216,1.0
HTR3B,0.076650344,-0.0024166277,0.9389017084766899,1.0
AL445253.1,0.076650344,0.37105808,0.9389017084766899,1.0
LMX1B,0.07663543,0.4963689,0.9389135743579242,1.0
AC097359.2,0.07662051,0.7415085,0.9389254402527218,1.0
MRGPRX3,0.07661305,-0.4880377,0.938931373205206,1.0
AL138701.2,0.07661305,0.60148424,0.938931373205206,1.0
AL391987.3,0.07659814,0.6449646,0.9389432391203437,1.0
GAD1,0.07656085,0.70445603,0.9389729039674928,1.0
RPS6KA4,0.07651983,0.11700728,0.9390055353971706,1.0
AC068397.1,0.07650865,0.51129264,0.9390144348957693,1.0
ACOXL,0.07650119,0.48712566,0.9390203678990666,1.0
AP002892.2,0.07650119,0.55324036,0.9390203678990666,1.0
CLEC2B,0.07645644,0.23101622,0.9390559659899228,1.0
AL162311.3,0.07642661,0.33016133,0.9390796981181571,1.0
TMEM236,0.07638932,0.021684254,0.9391093633545342,1.0
MGAT4B,0.07638186,0.24976082,0.9391152964119509,1.0
EVA1C,0.076359496,0.3460359,0.9391330956044779,1.0
LINC02012,0.07634458,0.33624077,0.9391449617497232,1.0
LGALSL-DT,0.07631847,0.005747425,0.9391657275364144,1.0
AC022211.3,0.07624017,0.34179306,0.9392280251446327,1.0
SLC10A3,0.076202884,0.12018631,0.9392576908030996,1.0
LINC02356,0.07613576,-0.08793839,0.9393110892007359,1.0
AL133329.1,0.076083556,-0.16857056,0.9393526214764538,1.0
AF064858.1,0.07606118,0.26007286,0.939370421073695,1.0
SHKBP1,0.076027624,-0.0052597295,0.9393971205263476,1.0
AL163192.1,0.07602017,-0.3176606,0.9394030537473006,1.0
RPL9,0.07597542,-0.091555916,0.9394386531436454,1.0
PCDHA4,0.075926945,-0.30555913,0.9394772192929228,1.0
COL4A2-AS2,0.0758822,-0.043017596,0.9395128189413221,1.0
C2orf49,0.07584864,-0.08056498,0.9395395187569509,1.0
CMC4,0.07580762,0.21828291,0.9395721519572343,1.0
DSG2-AS1,0.0756883,0.11436692,0.9396670854802746,1.0
SAMD14,0.075606264,0.11716183,0.939732352774796,1.0
CSTF3-DT,0.07560253,-0.16068412,0.9397353194796233,1.0
TDRD9,0.075598806,-0.0074972208,0.939738286185287,1.0
AC000065.2,0.07555406,0.07685273,0.9397738867184706,1.0
AP000553.9,0.075278126,0.07382856,0.9399934259966304,1.0
AC098850.1,0.07525575,0.1202987,0.9400112266787333,1.0
ARF5,0.07517371,0.0900122,0.9400764961027962,1.0
RIBC1,0.07507304,0.15462853,0.9401566000369511,1.0
UNC13A,0.075020835,0.6250273,0.9401981356486275,1.0
SV2B,0.07484185,-0.029206919,0.9403405446943602,1.0
C1orf174,0.074681506,-0.09951468,0.9404681210845701,1.0
RNF7,0.074551,-0.015839571,0.9405719634603481,1.0
PLAGL2,0.07452863,0.04216091,0.940589765111978,1.0
ZNF865,0.07445778,-0.2038801,0.9406461372045906,1.0
ZNF550,0.07443167,-0.02880988,0.9406669059452665,1.0
AC104461.1,0.07432727,-0.13381554,0.9407499813113277,1.0
VAMP1,0.074297436,-0.027268711,0.9407737172486555,1.0
AC083880.1,0.07428998,1.359302,0.9407796512412082,1.0
AC027243.2,0.07424523,1.4270583,0.9408152552655529,1.0
AL592429.2,0.07421913,0.03660023,0.9408360243343825,1.0
Z97056.2,0.074196756,1.8029181,0.9408538264254039,1.0
AL163872.1,0.0741893,1.9686166,0.9408597604623119,1.0
AC023830.2,0.0741893,1.8727679,0.9408597604623119,1.0
AC006207.1,0.0741893,1.791471,0.9408597604623119,1.0
AC096759.2,0.07415201,1.5932102,0.9408894306960931,1.0
SMIM8,0.07414455,-0.03212911,0.9408953647526953,1.0
LINC01913,0.074140824,1.0360374,0.9408983317822269,1.0
DSCR10,0.07412964,1.4387691,0.9409072328757431,1.0
AC068620.1,0.074114725,1.2959923,0.9409191010119132,1.0
OR2F1,0.07410727,1.2689743,0.9409250350849183,1.0
AP3M1,0.07410727,-0.08324097,0.9409250350849183,1.0
ASPHD2,0.07409981,-0.06287884,0.940930969161203,1.0
LINC02310,0.07409981,1.2890946,0.940930969161203,1.0
CES4A,0.07409235,1.2829816,0.940936903240767,1.0
AC008897.3,0.07408862,1.0943387,0.9409398702817785,1.0
AC245884.10,0.07408489,1.2473205,0.9409428373236097,1.0
COLEC10,0.07406252,0.8341345,0.9409606395918086,1.0
AL356489.1,0.07405506,0.80088526,0.940966573687764,1.0
AL139339.1,0.07403269,0.5457613,0.9409843759952924,1.0
AC011825.4,0.07403269,0.94603926,0.9409843759952924,1.0
CDC42-IT1,0.07403269,0.62670726,0.9409843759952924,1.0
CPXM2,0.074014045,0.6462835,0.9409992112740909,1.0
AL008721.1,0.07398794,0.047593825,0.9410199806988004,1.0
COL26A1,0.07398048,0.4235806,0.941025914827514,1.0
AL357078.2,0.073965564,-0.2122728,0.9410377830947625,1.0
AC021321.2,0.073950656,0.43904066,0.9410496513751044,1.0
AC005998.1,0.07392455,0.5161607,0.941070420897201,1.0
PRMT5,0.07392082,-0.028195491,0.9410733879750581,1.0
PNOC,0.07389845,0.5130428,0.9410911904593741,1.0
INSRR,0.07389472,0.5027379,0.9410941575429552,1.0
AP001025.1,0.07388726,0.47732025,0.9411000917125701,1.0
AC019127.1,0.073857434,0.37065876,0.9411238284237258,1.0
RGS11,0.073812686,0.26600397,0.9411594335885103,1.0
PABPC4-AS1,0.07372692,-0.13588822,0.9412276771496574,1.0
PLEKHA2,0.073700815,-0.5253136,0.9412484470148097,1.0
AL355490.1,0.073693365,-0.06500517,0.9412543812693355,1.0
DCHS2,0.07366726,0.3144133,0.9412751511858569,1.0
AC005522.1,0.07364116,0.26656318,0.9412959211423161,1.0
AC011815.1,0.07362624,0.23524733,0.94130778970679,1.0
TACR2,0.07362251,0.18117866,0.941310756849945,1.0
GPX4,0.073544204,-0.039876428,0.9413730670443028,1.0
ATP6V1E2,0.073544204,-0.07938219,0.9413730670443028,1.0
NFKBIZ,0.07352184,0.25560367,0.9413908700229028,1.0
AL162377.1,0.073518105,0.038264714,0.9413938371888502,1.0
TICAM1,0.07346963,0.21511278,0.9414324104201713,1.0
NAP1L1,0.07340997,0.011776961,0.9414798853549915,1.0
EGFLAM-AS2,0.07334285,0.23070157,0.9415332949051965,1.0
AC092620.1,0.07334285,-0.45600668,0.9415332949051965,1.0
TUFM,0.07324963,-0.11537267,0.9416074752721587,1.0
AL133387.1,0.07324963,-0.45730102,0.9416074752721587,1.0
AC135178.4,0.07323844,0.10183505,0.9416163769502461,1.0
KIAA2012-AS1,0.07315641,-0.08050155,0.9416816561456582,1.0
AL049820.1,0.07310047,-0.009824228,0.9417261649126291,1.0
UBALD1,0.07305573,-0.04784168,0.9417617720572409,1.0
AC099344.3,0.07296251,-0.04368584,0.9418359539822839,1.0
AC027811.1,0.07296251,-0.27947736,0.9418359539822839,1.0
EHD3,0.07295132,-0.0036312304,0.9418448558472083,1.0
AC040174.1,0.07289912,-0.03958734,0.9418863979795583,1.0
FAM157C,0.072317414,0.31567785,0.9423493066955283,1.0
C12orf43,0.07209368,-0.022626027,0.9425273537031666,1.0
CIC,0.07189232,-0.002890053,0.9426875984657277,1.0
ERICH6B,0.07184758,0.6366223,0.9427232087282171,1.0
SASH1,0.071795374,0.02482468,0.9427647541791447,1.0
PGF,0.071773,0.97106886,0.9427825594200733,1.0
NOL4,0.07165368,0.61895823,0.9428775211876864,1.0
STX10,0.07161266,0.3203007,0.9429101644828907,1.0
NWD2,0.07160147,1.4205147,0.9429190672164082,1.0
GJD4,0.071594015,2.1717625,0.942925002376048,1.0
GPR149,0.071594015,2.3597288,0.942925002376048,1.0
LINC01107,0.07158656,2.2723384,0.942930937538857,1.0
AC244517.5,0.07157164,1.2134402,0.9429428078739803,1.0
AC024730.1,0.07156418,1.7122418,0.9429487430462941,1.0
MIOX,0.07156418,1.8957195,0.9429487430462941,1.0
AC010320.1,0.07156418,2.2230942,0.9429487430462941,1.0
AQP8,0.071556725,1.9952497,0.9429546782217755,1.0
ZNF503,0.07153808,-0.01126679,0.9429695161743352,1.0
ZNF727,0.07153436,1.9010787,0.9429724837672222,1.0
LINC02294,0.07151944,1.0658164,0.9429843541466855,1.0
AC090023.2,0.071511984,2.0970259,0.9429902893411658,1.0
SEMA7A,0.07149707,1.479411,0.9430021597396221,1.0
AL357140.1,0.07149707,1.0828606,0.9430021597396221,1.0
AC138474.1,0.07148961,1.1617029,0.9430080949435974,1.0
AL135925.1,0.07148961,0.7643642,0.9430080949435974,1.0
LINC01964,0.07148961,1.5432075,0.9430080949435974,1.0
SCNN1B,0.07148215,1.0825967,0.943014030150737,1.0
STRA6,0.07148215,1.5144458,0.943014030150737,1.0
SLC13A5,0.07147469,1.0564182,0.9430199653610407,1.0
LINC01116,0.071467236,0.8104854,0.9430259005745081,1.0
LINC02525,0.071467236,1.2675025,0.9430259005745081,1.0
LGALS2,0.07145232,1.1089839,0.9430377710109326,1.0
AC016727.1,0.07144486,-0.072029956,0.943043706233889,1.0
BISPR,0.0714374,1.311677,0.9430496414600079,1.0
AC012494.1,0.0714374,0.74975836,0.9430496414600079,1.0
AC174469.1,0.071429946,1.0776347,0.9430555766892887,1.0
SHANK1,0.071429946,1.1733267,0.9430555766892887,1.0
CD27,0.07142622,0.30087566,0.9430585443051149,1.0
CATSPER4,0.07142249,1.1955146,0.9430615119217314,1.0
LINC02300,0.07142249,1.091773,0.9430615119217314,1.0
AC104785.1,0.07141503,0.9170162,0.9430674471573354,1.0
AL008582.1,0.07141503,0.967941,0.9430674471573354,1.0
UPK1A,0.07140757,0.8180619,0.9430733823961005,1.0
AC005614.1,0.07140757,0.91336805,0.9430733823961005,1.0
AL121938.1,0.07140757,0.76322126,0.9430733823961005,1.0
LONRF2,0.07140011,1.0291078,0.9430793176380263,1.0
SLC25A45,0.07140011,1.0679376,0.9430793176380263,1.0
ONECUT3,0.071392655,0.6429585,0.9430852528831125,1.0
CXCL11,0.0713852,0.6289225,0.9430911881313587,1.0
AC126763.1,0.07137774,0.5509905,0.9430971233827649,1.0
LINC01935,0.07137028,0.5947399,0.9431030586373302,1.0
LINC01260,0.07136283,0.7246035,0.9431089938950549,1.0
TRAJ48,0.07135537,0.27053094,0.9431149291559382,1.0
AL354824.1,0.07135537,0.24360956,0.9431149291559382,1.0
SCARNA9,0.07135537,0.549615,0.9431149291559382,1.0
AC034229.1,0.071333,0.80458665,0.9431327349575374,1.0
LINC00845,0.07130317,-0.14294621,0.9431564760705392,1.0
AL512791.1,0.07128079,0.62506217,0.9431742819384311,1.0
CFAP126,0.071273334,0.55281335,0.9431802172340391,1.0
AC108210.1,0.07126588,0.05182892,0.943186152532802,1.0
AL513422.1,0.07122113,0.423559,0.9432217643916122,1.0
WBP4,0.07122113,-0.062885575,0.9432217643916122,1.0
LINC01823,0.07120621,0.37461105,0.9432336350364392,1.0
AL669970.1,0.071191296,0.30076325,0.9432455056938738,1.0
AC087277.1,0.071146555,0.39221448,0.943281117741796,1.0
AC007114.1,0.0711391,0.19913156,0.9432870530941406,1.0
GCM2,0.07112418,0.2833138,0.9432989238082763,1.0
AL591178.1,0.07104214,-0.16400903,0.943364212961052,1.0
GLIS3,0.07101977,0.2196287,0.9433820191596831,1.0
ANO4,0.07101977,0.3734781,0.9433820191596831,1.0
GASAL1,0.070989944,-0.54400706,0.9434057608018676,1.0
ZDHHC22,0.070952654,-0.47108257,0.9434354379252984,1.0
LRRK2,0.070952654,-0.18490611,0.9434354379252984,1.0
EWSAT1,0.070945196,0.30459458,0.9434413733594079,1.0
THEMIS2,0.07092282,0.32446417,0.9434591796805776,1.0
AL590764.1,0.070907906,-0.88126063,0.9434710505770548,1.0
RIMKLA,0.07090045,0.0028220036,0.9434769860300016,1.0
CDKN1B,0.0708557,-0.16382465,0.9435125988135779,1.0
AL133243.1,0.070751294,0.19518536,0.9435956957475666,1.0
PELO,0.070751294,0.15428524,0.9435956957475666,1.0
NOP9,0.07073265,-0.022905542,0.9436105345503989,1.0
OGG1,0.07060587,0.009141973,0.9437114389283603,1.0
NARF-AS1,0.07043807,-0.1311991,0.943844990228962,1.0
DCAF13,0.07043434,-0.041772794,0.9438479580535846,1.0
AC105384.1,0.07037841,-0.2813593,0.9438924755164367,1.0
PDK2,0.07034112,-0.012105069,0.9439221539223698,1.0
ADAMTS16,0.07033366,0.11949188,0.943928089612899,1.0
AC107032.3,0.0702218,0.0014074298,0.944017125344266,1.0
TCN1,0.07009502,-0.49896184,0.944118033351937,1.0
ZNF583,0.07003535,-0.03756009,0.9441655197835849,1.0
NR1H2,0.06995705,-0.3441606,0.9442278460262127,1.0
COL23A1,0.069945864,-0.012562195,0.94423674980304,1.0
CRHR2,0.06979298,-0.31441444,0.9443584354507719,1.0
YIF1B,0.0695767,-0.0006397368,0.9445305783400799,1.0
GSTCD,0.06924111,0.024050105,0.944797701742028,1.0
CCER2,0.06917026,1.1145022,0.9448540952547549,1.0
AC092757.2,0.069047205,-0.109743394,0.944952042538797,1.0
SCN9A,0.06903229,0.6680681,0.9449639149934422,1.0
AC008870.2,0.06899873,-0.15021758,0.9449906280610856,1.0
PPP1R10,0.06897636,-0.048783712,0.9450084368072142,1.0
AP000465.1,0.06892416,2.0543864,0.9450499906550432,1.0
AL358334.2,0.06889433,1.6943474,0.9450737357780823,1.0
AL109809.5,0.06887941,1.625667,0.9450856083579032,1.0
AC011754.2,0.06887941,1.7787476,0.9450856083579032,1.0
ZC2HC1B,0.06887941,0.8511416,0.9450856083579032,1.0
AL354696.1,0.06887941,2.0171041,0.9450856083579032,1.0
AC024575.1,0.06885704,1.4163721,0.9451034172505042,1.0
CNIH2,0.06884585,1.0031903,0.9451123217070935,1.0
SUB1,0.068838395,-0.030937998,0.9451182580152964,1.0
LRRC46,0.06881975,1.3259786,0.9451330987991358,1.0
SYT3,0.06881229,1.426647,0.9451390351180036,1.0
LY86,0.06880483,1.2084192,0.9451449714399178,1.0
MOG,0.06880483,1.1978294,0.9451449714399178,1.0
AMPD1,0.068782456,1.2334169,0.9451627804239359,1.0
AC016730.1,0.06876009,0.8931338,0.9451805894353598,1.0
AL357497.1,0.06876009,0.96979576,0.9451805894353598,1.0
KRT12,0.06874517,1.0148027,0.9451924621248635,1.0
AL138762.1,0.06874517,0.8739536,0.9451924621248635,1.0
C1orf147,0.068737715,0.61999017,0.9451983984741806,1.0
AC117435.1,0.068737715,0.9921285,0.9451983984741806,1.0
LINC01197,0.0687228,0.47546822,0.9452102711819441,1.0
AC123768.2,0.06870415,0.6919178,0.945225112083762,1.0
AC244093.4,0.06866687,0.768191,0.9452547939444236,1.0
ZNF667-AS1,0.06866687,0.52034765,0.9452547939444236,1.0
CYP39A1,0.068637036,0.6848432,0.9452785394876749,1.0
PNCK,0.0686333,0.38227022,0.9452815076840003,1.0
AC015849.1,0.06862958,0.48863798,0.9452844758810853,1.0
AL355312.4,0.06861466,0.50014925,0.9452963486770208,1.0
AC115622.1,0.06861093,0.4742949,0.9452993168779035,1.0
Z92544.2,0.06861093,0.40019178,0.9452993168779035,1.0
AC146507.3,0.068599746,0.50947505,0.9453082214851073,1.0
PHKG1,0.06858483,-0.039225075,0.9453200943053418,1.0
AC105094.2,0.068581104,0.41927525,0.9453230625122983,1.0
AC004264.1,0.06856991,0.5180201,0.9453319671377219,1.0
LINC01873,0.06854754,0.4493561,0.9453497764090593,1.0
BBS4,0.068543814,-0.028618718,0.9453527446236044,1.0
SLC2A8,0.068536356,-0.018979324,0.9453586810549708,1.0
AL450352.1,0.06853262,0.25299716,0.9453616492717918,1.0
WDR97,0.068525165,0.10436351,0.9453675857077093,1.0
AC007391.3,0.06852144,0.42965823,0.9453705539268058,1.0
DENND3,0.0685028,0.17470701,0.9453853950336633,1.0
TMEM262,0.068499066,0.3805756,0.9453883632573095,1.0
TP73,0.06849534,-0.151265,0.9453913314817138,1.0
SLC25A1,0.06847669,0.24917124,0.9454061726151067,1.0
AC011337.1,0.068443134,0.08261918,0.9454328867029584,1.0
AL133260.2,0.06843194,0.43186352,0.9454417914125461,1.0
AC021613.1,0.0684133,-0.015204114,0.9454566326103401,1.0
UBE2R2,0.0684133,0.004493444,0.9454566326103401,1.0
NDUFS1,0.06832754,-0.015059732,0.9455249023639338,1.0
GATC,0.06829398,0.010705996,0.9455516167242696,1.0
NXPE1,0.068241775,0.25699055,0.9455931725175908,1.0
PPP1R36,0.06823059,0.17584585,0.9456020773497098,1.0
AC016722.2,0.06822313,0.29112336,0.9456080139082319,1.0
AC068831.4,0.06818211,0.118725695,0.945640665034085,1.0
CCDC78,0.068141095,0.2040033,0.9456733162512521,1.0
AP003119.3,0.06809635,0.1833972,0.945708935864968,1.0
AL451085.2,0.06801804,0.077432305,0.9457712704500906,1.0
FUT4,0.06787262,-0.55663264,0.9458870355601546,1.0
RARB,0.06784279,0.09236572,0.9459107823907137,1.0
DEPDC5,0.06772719,-0.023195181,0.9460028018128721,1.0
SATB2-AS1,0.06772347,-1.0669227,0.9460057701933299,1.0
ABCB7,0.06758922,0.003585586,0.9461126323887263,1.0
AC004803.1,0.06757804,0.12278037,0.946121537615468,1.0
IFIT5,0.06756685,0.07919172,0.9461304428489418,1.0
HEMK1,0.06748482,0.09936776,0.9461957481000121,1.0
IRGM,0.0674699,-0.12473905,0.9462076218208806,1.0
AC104574.2,0.067425154,-0.03933245,0.9462432430551697,1.0
PDE12,0.067208886,-0.12407648,0.9464154138679872,1.0
CFAP52,0.06720515,0.061401922,0.9464183823522464,1.0
AC022364.1,0.06710075,0.058373205,0.946501500213375,1.0
ZFP28,0.06702617,0.023799004,0.9465608704707522,1.0
AC010422.2,0.0666943,0.04135898,0.9468250717102029,1.0
TMEM246,0.06664582,-0.10976884,0.9468636633926439,1.0
ZFAT-AS1,0.06662718,0.8331822,0.9468785063806319,1.0
TPP1,0.06657871,-0.040449824,0.9469170982356785,1.0
AL117209.1,0.06648921,0.010387036,0.9469883450644613,1.0
SMIM2-AS1,0.066381074,1.0276042,0.9470744355481431,1.0
HIST1H4I,0.06636989,0.16619655,0.9470833414955363,1.0
AL158196.1,0.0663587,1.4281213,0.9470922474495418,1.0
AC009226.1,0.066280395,-0.17163558,0.9471545893126296,1.0
AL358933.1,0.06622446,1.4875913,0.9471991194129581,1.0
CFAP43,0.066217005,0.6016456,0.9472050567721341,1.0
AC104113.1,0.066217005,1.537473,0.9472050567721341,1.0
AL121584.1,0.06618717,1.5531669,0.9472288062381552,1.0
AL358075.2,0.06618717,1.5979549,0.9472288062381552,1.0
AL022341.1,0.066179715,0.7914049,0.9472347436119881,1.0
NGFR,0.06616481,1.3457333,0.9472466183684447,1.0
AC019129.2,0.06616481,1.281061,0.9472466183684447,1.0
LINC02365,0.06615735,0.5060469,0.9472525557510677,1.0
LINC01194,0.06615735,1.1992075,0.9472525557510677,1.0
DENND6A-DT,0.066134974,1.1694758,0.947270367916512,1.0
PPP2R2C,0.066134974,0.92276967,0.947270367916512,1.0
AC061961.1,0.066134974,1.295165,0.947270367916512,1.0
AC079148.2,0.06612006,1.0485256,0.9472822427081173,1.0
GSG1L2,0.06612006,0.79789186,0.9472822427081173,1.0
TCERG1L,0.06610514,0.80553097,0.9472941175114339,1.0
SMN2,0.06610514,0.42185915,0.9472941175114339,1.0
DDX4,0.066097684,0.8786867,0.9473000549174829,1.0
CYS1,0.066097684,0.85772496,0.9473000549174829,1.0
LINC02479,0.066090226,0.7235022,0.9473059923264587,1.0
BLACE,0.06608277,0.7051113,0.947311929738361,1.0
CA9,0.06607531,0.5146901,0.9473178671531893,1.0
MUC13,0.06606785,0.36489293,0.9473238045709436,1.0
AC007389.3,0.066060394,0.8040657,0.9473297419916231,1.0
LINC01182,0.06603802,0.68886703,0.9473475542712114,1.0
TBX4,0.06603802,0.08852222,0.9473475542712114,1.0
AC090572.2,0.06603802,0.3834864,0.9473475542712114,1.0
AL136309.2,0.066015646,0.22469865,0.9473653665771169,1.0
AL109936.2,0.066015646,0.22583203,0.9473653665771169,1.0
BCO1,0.066015646,0.5354605,0.9473653665771169,1.0
CFHR4,0.06600073,-0.14886317,0.9473772414623369,1.0
DYSF,0.06600073,0.5846892,0.9473772414623369,1.0
LINC00840,0.06599328,-0.62350297,0.9473831789093309,1.0
ZSWIM1,0.06594107,-0.15285675,0.9474247411200905,1.0
AC109597.2,0.06592616,0.2704513,0.9474366160637341,1.0
AC105001.1,0.06586277,0.0008979442,0.9474870847044573,1.0
SPAG9,0.0658031,-0.008422636,0.9475345847940955,1.0
EFCAB6-AS1,0.06579938,0.20943487,0.9475375535558913,1.0
NUCB1,0.06568005,-0.043086246,0.9476325543177342,1.0
DHRS4L2,0.06567259,0.26885396,0.9476384918900843,1.0
AC003005.2,0.06560548,0.18383656,0.9476919301720579,1.0
TSPYL2,0.06553463,-0.20115271,0.9477483375027524,1.0
AL359436.1,0.065530896,0.2363713,0.9477513063168885,1.0
CEP68,0.065374285,-0.022916846,0.9478759971651702,1.0
FP565260.6,0.06536683,0.01949677,0.94788193485648,1.0
AL138921.1,0.06532954,0.044171333,0.9479116233564402,1.0
PRDX4,0.06525869,-0.08395252,0.9479680317055795,1.0
RAB44,0.065254964,-0.08992306,0.9479710005732874,1.0
PTPN6,0.06523259,-0.21782784,0.9479888137947041,1.0
SORCS3,0.065210216,-0.6606617,0.9480066270421184,1.0
THRB-IT1,0.06518784,-0.0016530819,0.9480244403155214,1.0
AC069542.1,0.06509835,-0.02810147,0.9480956936688437,1.0
C6orf226,0.06508344,-0.25973004,0.948107569268104,1.0
THAP9,0.06504615,-0.10838759,0.948137258316685,1.0
LINC00648,0.064979024,-0.025451165,0.9481906987855688,1.0
ZNF697,0.06486716,-0.06890357,0.9482797667515306,1.0
ECHS1,0.06474784,-0.03226,0.9483747732942462,1.0
PDE7B,0.064732924,-0.11669956,0.9483866491637238,1.0
NOP2,0.064650886,-0.06944471,0.9484519666507418,1.0
MCL1,0.064393595,-0.04078158,0.9486568282869009,1.0
PLPP6,0.064367495,0.04397243,0.9486776115412983,1.0
CFAP44-AS1,0.06433394,0.019310577,0.9487043329196873,1.0
PLAA,0.0642519,-0.019752927,0.9487696520874546,1.0
SMAD7,0.06418851,-0.48733994,0.9488201262256539,1.0
LINC01725,0.06414376,0.0962104,0.9488557551527531,1.0
SUPT4H1,0.06392376,-0.13527691,0.949030932197058,1.0
AL590617.2,0.063882746,0.2778112,0.9490635925966907,1.0
EFEMP2,0.06382308,0.5599254,0.9491110987852767,1.0
AC090114.2,0.063770875,-0.054591503,0.9491526668486848,1.0
AL928654.1,0.063688844,0.6222808,0.9492179883707323,1.0
TP63,0.06362918,0.7506245,0.9492654951466082,1.0
AL138962.1,0.06359562,19.77791,0.9492922177873031,1.0
AC005330.1,0.06359562,20.75523,0.9492922177873031,1.0
AC007952.3,0.06359562,20.49343,0.9492922177873031,1.0
AC131097.3,0.06359562,18.69051,0.9492922177873031,1.0
AL589787.2,0.06359562,20.470232,0.9492922177873031,1.0
GPR150,0.06359562,18.55815,0.9492922177873031,1.0
GJD3,0.06359562,18.866096,0.9492922177873031,1.0
OR8D1,0.06359562,19.599058,0.9492922177873031,1.0
AC010595.1,0.06359562,19.928686,0.9492922177873031,1.0
S100B,0.06359562,18.55815,0.9492922177873031,1.0
FOXF1,0.06359562,20.837011,0.9492922177873031,1.0
WFDC12,0.06359562,20.63549,0.9492922177873031,1.0
PRSS45P,0.06359562,20.25002,0.9492922177873031,1.0
CCR1,0.06359562,18.55815,0.9492922177873031,1.0
MESTIT1,0.06359562,18.558548,0.9492922177873031,1.0
MYL2,0.06359562,19.945251,0.9492922177873031,1.0
UBL4B,0.06359562,18.653854,0.9492922177873031,1.0
AC093765.4,0.06359562,21.491737,0.9492922177873031,1.0
AC068616.3,0.06359562,20.424324,0.9492922177873031,1.0
AL353572.3,0.06359562,19.61439,0.9492922177873031,1.0
AC007952.9,0.06359562,18.998636,0.9492922177873031,1.0
AC016716.2,0.06359562,18.558548,0.9492922177873031,1.0
FAM205C,0.06359562,18.996841,0.9492922177873031,1.0
MNDA,0.06359562,19.56138,0.9492922177873031,1.0
LINC00347,0.06359562,20.44124,0.9492922177873031,1.0
AC098798.1,0.06359562,18.441195,0.9492922177873031,1.0
SPINK14,0.06359562,20.662142,0.9492922177873031,1.0
GPC5-IT1,0.06359562,20.111467,0.9492922177873031,1.0
NLRP2B,0.06359562,20.784176,0.9492922177873031,1.0
ZSCAN5C,0.06359562,19.60881,0.9492922177873031,1.0
PRR29,0.06359562,18.55815,0.9492922177873031,1.0
AC006538.3,0.06359562,21.41025,0.9492922177873031,1.0
AL390786.1,0.06359562,18.653854,0.9492922177873031,1.0
AC073176.1,0.06359562,19.51325,0.9492922177873031,1.0
AC023491.2,0.06359562,20.51437,0.9492922177873031,1.0
CCDC54,0.06359562,19.55026,0.9492922177873031,1.0
AL583852.1,0.06359562,20.769402,0.9492922177873031,1.0
AC007688.3,0.06359562,19.67342,0.9492922177873031,1.0
MAGEB3,0.06359562,21.20965,0.9492922177873031,1.0
C5orf58,0.06359562,20.567562,0.9492922177873031,1.0
PRR33,0.06359562,18.866096,0.9492922177873031,1.0
SYT8,0.06359562,20.44124,0.9492922177873031,1.0
LINC01067,0.06359562,18.618164,0.9492922177873031,1.0
LINC02070,0.06359562,20.011837,0.9492922177873031,1.0
TSPAN32,0.06359562,19.949589,0.9492922177873031,1.0
AP000757.1,0.06359562,21.007105,0.9492922177873031,1.0
OR10G8,0.06359562,18.971199,0.9492922177873031,1.0
AC010768.2,0.06359562,18.384941,0.9492922177873031,1.0
AC246793.1,0.06359562,20.380964,0.9492922177873031,1.0
AL136038.2,0.06359562,20.015257,0.9492922177873031,1.0
Z82198.1,0.06359562,20.426052,0.9492922177873031,1.0
AC018802.1,0.06359562,20.79549,0.9492922177873031,1.0
LINC00837,0.06359562,20.458391,0.9492922177873031,1.0
HSFX4,0.06359562,20.293547,0.9492922177873031,1.0
GPR17,0.06359562,21.13422,0.9492922177873031,1.0
AC113361.1,0.06359562,21.206167,0.9492922177873031,1.0
FAM66E,0.06359562,20.211636,0.9492922177873031,1.0
AC130352.1,0.06359562,20.08581,0.9492922177873031,1.0
AC007406.1,0.06359562,20.826157,0.9492922177873031,1.0
LINC02490,0.06359562,20.261969,0.9492922177873031,1.0
AC067945.2,0.06359562,18.55815,0.9492922177873031,1.0
AC008760.2,0.06359562,20.782478,0.9492922177873031,1.0
AC022447.7,0.06359562,18.384941,0.9492922177873031,1.0
AL157756.1,0.06359189,0.677052,0.9492951869731235,1.0
AC023483.1,0.063588165,1.2189286,0.9492981561596482,1.0
FGF8,0.06358443,0.6965694,0.9493011253468768,1.0
AC104803.1,0.06358443,1.9534354,0.9493011253468768,1.0
TIMD4,0.06358443,1.6831312,0.9493011253468768,1.0
AC010285.1,0.06357698,1.6709453,0.949307063723446,1.0
AC009166.3,0.06357698,1.5979699,0.949307063723446,1.0
LINC01768,0.06356952,1.5311271,0.9493130021028308,1.0
AL603756.1,0.063562065,1.343534,0.9493189404850307,1.0
FAT2,0.06355833,0.17665277,0.9493219096771864,1.0
ISM2,0.06354715,1.631756,0.9493308172578754,1.0
AL022328.4,0.06353969,1.4068725,0.9493367556485194,1.0
AL451085.1,0.06353223,1.2677166,0.9493426940419772,1.0
AL157702.2,0.06353223,1.4355388,0.9493426940419772,1.0
AC005197.1,0.06353223,1.2431912,0.9493426940419772,1.0
AC013356.3,0.063524775,1.3252971,0.9493486324382489,1.0
ACTL8,0.06351732,1.1443479,0.9493545708373337,1.0
LHX1-DT,0.06351732,1.2025944,0.9493545708373337,1.0
Z98949.3,0.06350986,1.1645179,0.9493605092392315,1.0
FLI1,0.0635024,1.242495,0.9493664476439421,1.0
AL929472.2,0.06349867,0.9236693,0.9493694168473519,1.0
OR2A12,0.06348003,1.0628515,0.9493842628749461,1.0
ABCC12,0.063450195,0.8437012,0.9494080165556422,1.0
AC106895.2,0.06343901,0.5579724,0.9494169241974957,1.0
TMC8,0.06343528,0.5592474,0.9494198934128517,1.0
AL442067.1,0.06343528,0.6973851,0.9494198934128517,1.0
FGL1,0.06343528,0.57975703,0.9494198934128517,1.0
ATP2B2,0.06343155,0.74080247,0.9494228626289101,1.0
FSCN3,0.06340918,0.693178,0.9494406779400069,1.0
AC079801.1,0.06340172,0.6668019,0.9494466163826559,1.0
AL023803.1,0.063397996,0.26683187,0.9494495856050335,1.0
WDFY4,0.06338308,-0.13976306,0.9494614625015626,1.0
MAPK8IP2,0.06337562,0.45917302,0.9494674009540378,1.0
AC073326.2,0.06337562,0.31250063,0.9494674009540378,1.0
AL592463.1,0.06337562,0.22862051,0.9494674009540378,1.0
SIPA1,0.063368164,0.28272396,0.9494733394093199,1.0
AL355483.2,0.063360706,-0.21841891,0.9494792778674083,1.0
FBXO47,0.06333833,-0.4881695,0.9494970932585087,1.0
AC104841.1,0.06331968,0.46107066,0.9495119394370444,1.0
AC092275.1,0.0633085,0.59970146,0.949520847152579,1.0
AC012146.1,0.06327494,0.42255306,0.9495475703370291,1.0
LINC01900,0.06323765,0.35458514,0.9495772628307491,1.0
OR2A1-AS1,0.063222736,0.27723983,0.9495891398478439,1.0
LINC01993,0.06316307,0.070375055,0.9496366480281964,1.0
LPO,0.06312579,-0.18831933,0.9496663407318415,1.0
TUBGCP6,0.06309968,-0.10171202,0.9496871256659818,1.0
PITX2,0.06308104,0.2780387,0.9497019720684705,1.0
OR2H2,0.06304375,0.27453378,0.9497316649258256,1.0
GPR68,0.06302138,0.23471844,0.9497494806737464,1.0
LNCAROD,0.06301765,0.15091684,0.949752449967509,1.0
TM9SF1,0.06281256,-0.0845347,0.9499157621978245,1.0
AC113346.2,0.062801376,-0.09729624,0.949924670198228,1.0
NKPD1,0.06279019,0.07822372,0.9499335782048899,1.0
CDH23,0.062726796,0.0027711228,0.9499840570274626,1.0
AP005482.3,0.06270443,-0.3022478,0.9500018731304212,1.0
PCDH12,0.06261493,0.040172238,0.9500731377921077,1.0
ECHDC2,0.06255154,-0.117320284,0.9501236171691154,1.0
NTAN1,0.062230863,0.2519462,0.9503789864925869,1.0
SLC26A8,0.061925095,-0.05224453,0.950622482919717,1.0
DOCK7,0.06191018,-0.03662757,0.950634360912333,1.0
AL355483.3,0.061872892,-0.17778648,0.9506640559418538,1.0
AL118505.1,0.061861705,-0.4073116,0.9506729644640715,1.0
CADPS,0.061567124,-0.09288634,0.9509075577644343,1.0
GBE1,0.06148136,-0.11155294,0.9509758578803078,1.0
ZNF580,0.06141424,-0.013666282,0.9510293103961417,1.0
AL391261.2,0.06112339,0.76356333,0.9512609405077836,1.0
LINC00222,0.061041355,1.1879528,0.9513262728231047,1.0
CAPN7,0.061007798,-0.03769361,0.9513529997736905,1.0
SPAG8,0.06100407,0.84254825,0.9513559694382451,1.0
ZNF705E,0.060989153,1.1623946,0.9513678481032182,1.0
AC012676.3,0.060974237,1.5029174,0.9513797267789971,1.0
ZNF718,0.06095932,1.5668154,0.9513916054655791,1.0
LINC02327,0.060951862,1.714539,0.9513975448129206,1.0
LINC02423,0.060944404,5.7927237,0.9514034841629617,1.0
AL354993.1,0.060944404,6.3723383,0.9514034841629617,1.0
DAB1-AS1,0.060944404,4.8742523,0.9514034841629617,1.0
FAM230E,0.060944404,5.2491474,0.9514034841629617,1.0
AC011444.3,0.060944404,1.8399286,0.9514034841629617,1.0
LINC01943,0.060944404,5.210373,0.9514034841629617,1.0
AC092636.1,0.060944404,7.5038533,0.9514034841629617,1.0
AC009955.4,0.060944404,6.860995,0.9514034841629617,1.0
AC099552.5,0.060944404,7.088269,0.9514034841629617,1.0
HAS2,0.060944404,5.2706013,0.9514034841629617,1.0
AC012511.1,0.060944404,6.6664777,0.9514034841629617,1.0
AL138690.1,0.060944404,4.746844,0.9514034841629617,1.0
AC079336.3,0.060944404,5.8389974,0.9514034841629617,1.0
AL589935.3,0.060944404,5.5498776,0.9514034841629617,1.0
AL691515.1,0.060944404,7.3463097,0.9514034841629617,1.0
EPHA5-AS1,0.060944404,4.877741,0.9514034841629617,1.0
AL671883.3,0.060944404,5.617454,0.9514034841629617,1.0
Z97192.1,0.060944404,7.4872384,0.9514034841629617,1.0
OR4K2,0.060944404,4.7358847,0.9514034841629617,1.0
AL138916.1,0.060944404,5.371003,0.9514034841629617,1.0
TRGVA,0.060944404,4.690979,0.9514034841629617,1.0
AC079467.1,0.060944404,5.1429005,0.9514034841629617,1.0
IRX2,0.060944404,7.2473097,0.9514034841629617,1.0
EDN1,0.060944404,7.2860236,0.9514034841629617,1.0
AL731537.2,0.060944404,7.7366033,0.9514034841629617,1.0
C10orf71,0.060944404,5.073681,0.9514034841629617,1.0
AL450307.1,0.060944404,4.6139097,0.9514034841629617,1.0
AC140125.3,0.060944404,5.212192,0.9514034841629617,1.0
AF106564.1,0.060944404,5.6296606,0.9514034841629617,1.0
AL162718.2,0.060944404,5.7325125,0.9514034841629617,1.0
AL358613.1,0.060944404,4.9466324,0.9514034841629617,1.0
OPN4,0.060944404,5.5186615,0.9514034841629617,1.0
AC124861.1,0.060944404,5.3221774,0.9514034841629617,1.0
AC007993.3,0.060944404,6.1528015,0.9514034841629617,1.0
AC092687.2,0.060944404,4.9220033,0.9514034841629617,1.0
OR56A1,0.060944404,5.1136303,0.9514034841629617,1.0
LINC01013,0.060944404,5.935528,0.9514034841629617,1.0
OR10A5,0.060944404,5.726018,0.9514034841629617,1.0
SCARA5,0.060944404,1.5885689,0.9514034841629617,1.0
LYPD4,0.060944404,6.0684915,0.9514034841629617,1.0
AP001610.2,0.060944404,5.3600197,0.9514034841629617,1.0
TRAJ2,0.060944404,5.487385,0.9514034841629617,1.0
PSG1,0.060944404,4.888616,0.9514034841629617,1.0
AL357874.1,0.060944404,5.018994,0.9514034841629617,1.0
OR10R2,0.060944404,4.950457,0.9514034841629617,1.0
AC008764.5,0.060944404,6.17324,0.9514034841629617,1.0
LINC01565,0.060944404,5.1249003,0.9514034841629617,1.0
TEX28,0.060944404,5.5115128,0.9514034841629617,1.0
AL158847.1,0.06093695,4.5199103,0.9514094235157023,1.0
AC126755.2,0.06093695,3.506921,0.9514094235157023,1.0
KRT72,0.06093695,2.7756221,0.9514094235157023,1.0
AQP2,0.06093695,4.37189,0.9514094235157023,1.0
AC113208.5,0.06093695,3.8860087,0.9514094235157023,1.0
Z98257.2,0.06093695,4.3792434,0.9514094235157023,1.0
LINC00377,0.06093695,2.2847583,0.9514094235157023,1.0
LINC01040,0.06093695,3.2312312,0.9514094235157023,1.0
AC040169.4,0.06093695,1.5910504,0.9514094235157023,1.0
RHO,0.06093695,4.302653,0.9514094235157023,1.0
AC091987.1,0.06093695,2.8604078,0.9514094235157023,1.0
MOGAT2,0.06093695,1.9288399,0.9514094235157023,1.0
AC096543.2,0.06093695,4.3879757,0.9514094235157023,1.0
ADM,0.06093695,3.663752,0.9514094235157023,1.0
AL008638.5,0.06093695,3.0808856,0.9514094235157023,1.0
AC074024.1,0.06093695,4.338961,0.9514094235157023,1.0
AC005544.2,0.06093695,4.1368985,0.9514094235157023,1.0
AC103719.1,0.06093695,3.6009161,0.9514094235157023,1.0
AC025437.3,0.06093695,4.478504,0.9514094235157023,1.0
AC108482.1,0.06093695,3.8074424,0.9514094235157023,1.0
AC074389.3,0.06093695,2.8487685,0.9514094235157023,1.0
AL117190.2,0.06093695,4.301381,0.9514094235157023,1.0
Z72006.1,0.06093695,2.7247787,0.9514094235157023,1.0
MAGEA11,0.06093695,3.9920535,0.9514094235157023,1.0
AC106873.1,0.06093695,3.946753,0.9514094235157023,1.0
ORM2,0.06093695,3.9284165,0.9514094235157023,1.0
AL160271.2,0.06093695,2.613925,0.9514094235157023,1.0
AL020997.2,0.06093695,2.7517023,0.9514094235157023,1.0
AC005884.2,0.06093695,3.8590717,0.9514094235157023,1.0
AL137786.2,0.06093695,1.6837932,0.9514094235157023,1.0
AC105227.1,0.06093695,2.294982,0.9514094235157023,1.0
RETNLB,0.06093695,1.975467,0.9514094235157023,1.0
LINC00161,0.06093695,3.9211586,0.9514094235157023,1.0
LINC02617,0.06093695,3.7453334,0.9514094235157023,1.0
INSL3,0.06093695,4.1693444,0.9514094235157023,1.0
AC018445.6,0.06093695,2.5411322,0.9514094235157023,1.0
AC015909.3,0.06093695,4.366093,0.9514094235157023,1.0
Z97192.2,0.06093695,2.0964768,0.9514094235157023,1.0
OR6C6,0.06093695,2.0971768,0.9514094235157023,1.0
IL22,0.06093695,4.087142,0.9514094235157023,1.0
AC000036.1,0.06093695,3.3562763,0.9514094235157023,1.0
AC109458.2,0.06093695,3.7976263,0.9514094235157023,1.0
AC012363.2,0.06093695,3.3687913,0.9514094235157023,1.0
AC244517.12,0.06093695,3.5616064,0.9514094235157023,1.0
AL162457.2,0.06093695,3.729202,0.9514094235157023,1.0
TTTY18,0.06093695,2.3759456,0.9514094235157023,1.0
GSTA1,0.06093695,3.993369,0.9514094235157023,1.0
AL355377.4,0.06093695,3.6815677,0.9514094235157023,1.0
AL445259.1,0.06093695,4.124831,0.9514094235157023,1.0
MIR122HG,0.06093695,4.4677896,0.9514094235157023,1.0
CTAGE6,0.06093695,3.6197586,0.9514094235157023,1.0
AC013248.1,0.06093695,4.164852,0.9514094235157023,1.0
AC127540.2,0.06093695,4.194982,0.9514094235157023,1.0
AC137630.3,0.060892202,1.3304448,0.9514450596888168,1.0
AC010519.1,0.060892202,0.6075877,0.9514450596888168,1.0
AC017074.2,0.060884744,1.1088889,0.9514509990604445,1.0
WDR38,0.06085491,0.6176918,0.9514747565739204,1.0
AC018695.3,0.06083254,1.0502821,0.9514925747373315,1.0
AC022509.3,0.060825083,0.89963037,0.9514985141305248,1.0
FAM110B,0.060817625,1.0119351,0.9515044535264121,1.0
AC068724.1,0.060810167,0.9785923,0.9515103929249934,1.0
PRAP1,0.06080271,0.7573211,0.9515163323262682,1.0
AC145423.2,0.060787793,0.79002523,0.9515282111368972,1.0
AL034427.1,0.060787793,0.8312029,0.9515282111368972,1.0
OR2D3,0.060787793,0.6392502,0.9515282111368972,1.0
LINC02805,0.060772877,0.6046568,0.9515400899582964,1.0
AL356807.1,0.060765423,0.548747,0.951546029373034,1.0
SPATC1,0.060757965,0.5833357,0.9515519687904632,1.0
SLC11A1,0.060750507,0.20361838,0.9515579082105836,1.0
AC097511.1,0.06073559,0.32943857,0.9515697870588968,1.0
COL11A1,0.060720675,-0.06786928,0.9515816659179711,1.0
SHANK3,0.060713217,0.05656532,0.9515876053515429,1.0
UBXN7-AS1,0.060713217,0.23920609,0.9515876053515429,1.0
AL390066.2,0.06070576,0.30257905,0.9515935447878038,1.0
HTR2A,0.060683385,0.503351,0.951611363112719,1.0
C1QTNF2,0.06067593,0.591341,0.9516173025597336,1.0
PNMA6A,0.060668472,-0.83696765,0.951623242009436,1.0
AC008750.4,0.060668472,0.4391737,0.951623242009436,1.0
AC092691.1,0.06063864,0.4033284,0.9516469998351151,1.0
TGM1,0.060623724,0.35357407,0.9516588787640717,1.0
AC007292.1,0.060608808,0.3846034,0.9516707577037697,1.0
AL589923.1,0.060593896,0.25397304,0.9516826366542064,1.0
AL136379.1,0.06054169,0.09952723,0.9517242130652632,1.0
PAOX,0.06054169,0.24373694,0.9517242130652632,1.0
PRDM15,0.060526773,0.0220014,0.951736092063991,1.0
SPDYE2B,0.060519315,0.49193287,0.9517420315673767,1.0
AC131011.1,0.060511857,0.31131157,0.9517479710734431,1.0
LINC01205,0.06047457,0.27008942,0.9517776686439741,1.0
AC245100.1,0.06043728,0.33123565,0.9518073662814734,1.0
RHOD,0.060370162,-0.73668987,0.9518608221976012,1.0
CCDC168,0.06027321,0.11325654,0.951938036681012,1.0
TMSB15B,0.060131516,0.06262759,0.9520508894297384,1.0
AC003991.1,0.06005694,-0.3218279,0.9521102859996429,1.0
LINC02709,0.06004948,-0.29662678,0.9521162256712704,1.0
TESC,0.060008463,-0.2370745,0.95214889391276,1.0
CCNT2,0.059885412,-0.019939834,0.9522468991194667,1.0
AC099811.1,0.059575915,-0.05438141,0.9524934002528688,1.0
PDZD9,0.059471507,-0.06391749,0.9525765582881787,1.0
AC090739.1,0.059355915,0.077202104,0.9526686267152524,1.0
CWC25,0.05911727,-0.043163158,0.952858705464858,1.0
AL161668.3,0.05904269,-0.1569111,0.9529181056245699,1.0
PDE4DIP,0.059035234,0.09447265,0.9529240456549319,1.0
EDEM1,0.058983028,-0.024114778,0.9529656259406737,1.0
SPAG17,0.058956925,-0.077674985,0.9529864161315637,1.0
AC103810.2,0.058934554,0.041880228,0.9530042363206487,1.0
SIM2,0.058446072,0.4302545,0.9533933162905295,1.0
TNFRSF17,0.058375224,1.1953651,0.9534497486611326,1.0
IKZF3,0.05829692,0.7074343,0.9535121215527984,1.0
FOXD4L4,0.05829319,4.1318245,0.953515091697602,1.0
AC108515.1,0.05829319,4.075818,0.953515091697602,1.0
AC068787.5,0.05829319,4.218291,0.953515091697602,1.0
KRT78,0.05829319,4.6888957,0.953515091697602,1.0
AC002115.1,0.05829319,4.926837,0.953515091697602,1.0
LINC02165,0.05829319,4.705828,0.953515091697602,1.0
HCAR1,0.05829319,5.021439,0.953515091697602,1.0
AC108863.2,0.05829319,4.7965074,0.953515091697602,1.0
LINC02654,0.05829319,6.4204392,0.953515091697602,1.0
AC090193.1,0.05829319,4.5842834,0.953515091697602,1.0
DDC-AS1,0.05829319,4.8147454,0.953515091697602,1.0
Z82196.2,0.05829319,4.73831,0.953515091697602,1.0
AL136129.1,0.05829319,5.4244914,0.953515091697602,1.0
AL590235.2,0.05829319,4.045109,0.953515091697602,1.0
AC018755.1,0.05829319,4.1094685,0.953515091697602,1.0
LINC02437,0.05829319,3.8466322,0.953515091697602,1.0
AL136961.1,0.05829319,4.557003,0.953515091697602,1.0
TEMN3-AS1,0.05829319,5.6050735,0.953515091697602,1.0
SP7,0.05829319,3.7840233,0.953515091697602,1.0
LINC01193,0.05829319,4.3016553,0.953515091697602,1.0
TUBB4A,0.05829319,4.7690425,0.953515091697602,1.0
RIMBP3C,0.05829319,4.6189785,0.953515091697602,1.0
TMEM47,0.05829319,4.135385,0.953515091697602,1.0
AL163195.2,0.05829319,4.8099413,0.953515091697602,1.0
AC130307.1,0.05829319,4.3931394,0.953515091697602,1.0
MIR583HG,0.05829319,5.8458943,0.953515091697602,1.0
AC026780.2,0.05829319,3.8894372,0.953515091697602,1.0
AC060234.1,0.05829319,4.323588,0.953515091697602,1.0
AC034238.1,0.05829319,4.4081354,0.953515091697602,1.0
AL121970.1,0.05829319,5.0358715,0.953515091697602,1.0
AC082651.3,0.05829319,3.7960699,0.953515091697602,1.0
AC011365.1,0.05829319,4.6079974,0.953515091697602,1.0
UBASH3A,0.05829319,4.193522,0.953515091697602,1.0
PREX2,0.05829319,0.9214952,0.953515091697602,1.0
AL390730.1,0.05829319,4.7536645,0.953515091697602,1.0
ATP1B4,0.05829319,4.1921253,0.953515091697602,1.0
ZDHHC20-IT1,0.05829319,3.7060378,0.953515091697602,1.0
AC034232.2,0.05829319,4.45971,0.953515091697602,1.0
CD163,0.05829319,4.1233153,0.953515091697602,1.0
AHSG,0.05829319,4.1724734,0.953515091697602,1.0
RAC2,0.05828573,4.138628,0.953521031989146,1.0
AL360219.1,0.05828573,3.338057,0.953521031989146,1.0
AL162713.1,0.05828573,4.210469,0.953521031989146,1.0
AL591503.1,0.05828573,3.3882313,0.953521031989146,1.0
LINC02587,0.05828573,3.3005672,0.953521031989146,1.0
LINC01871,0.05828573,2.9477618,0.953521031989146,1.0
AC008667.4,0.05828573,3.396609,0.953521031989146,1.0
LINC01493,0.05828573,3.9765327,0.953521031989146,1.0
AL096706.1,0.05828573,3.1437788,0.953521031989146,1.0
AL713923.1,0.05828573,3.0236142,0.953521031989146,1.0
AC080078.2,0.05828573,2.9516385,0.953521031989146,1.0
LINC01465,0.05828573,0.9947731,0.953521031989146,1.0
LINC02183,0.05828573,3.9845498,0.953521031989146,1.0
AC090124.1,0.05828573,4.055788,0.953521031989146,1.0
ITPKB-IT1,0.05828573,3.8445582,0.953521031989146,1.0
AL353052.2,0.05828573,3.623257,0.953521031989146,1.0
AL109933.1,0.05828573,3.6927056,0.953521031989146,1.0
AC005301.2,0.05828573,3.6338415,0.953521031989146,1.0
SDR16C5,0.05828573,1.8721161,0.953521031989146,1.0
LINC02809,0.05828573,3.9354758,0.953521031989146,1.0
LINC01123,0.05828573,3.104701,0.953521031989146,1.0
CYP4X1,0.05828573,3.0901227,0.953521031989146,1.0
AL049829.2,0.05828573,3.5329201,0.953521031989146,1.0
SLC22A12,0.05828573,3.4746342,0.953521031989146,1.0
IL13,0.05828573,3.7687924,0.953521031989146,1.0
AC010378.2,0.05828573,3.4564462,0.953521031989146,1.0
AL008720.1,0.05828573,3.6061125,0.953521031989146,1.0
AL391839.2,0.05828573,3.4204068,0.953521031989146,1.0
AC009041.1,0.05828573,3.465768,0.953521031989146,1.0
ANKRD20A1,0.05828573,3.885316,0.953521031989146,1.0
HGFAC,0.05828573,4.2375474,0.953521031989146,1.0
SSX1,0.05828573,4.2080774,0.953521031989146,1.0
AC027013.1,0.05828573,3.9463477,0.953521031989146,1.0
AC129507.4,0.05828573,3.850655,0.953521031989146,1.0
LINC01570,0.05828573,4.087606,0.953521031989146,1.0
AC099811.3,0.05828573,3.179541,0.953521031989146,1.0
AC006065.4,0.05828573,2.5893614,0.953521031989146,1.0
SMIM21,0.05828573,3.024374,0.953521031989146,1.0
AL161782.1,0.05828573,1.9726025,0.953521031989146,1.0
AL121820.1,0.05828573,3.9175706,0.953521031989146,1.0
VPS37D,0.05828573,0.94059914,0.953521031989146,1.0
BX284668.1,0.058278274,2.756146,0.953526972283272,1.0
ROPN1B,0.058278274,2.2721653,0.953526972283272,1.0
LINC00572,0.058278274,1.2079562,0.953526972283272,1.0
AC007881.3,0.058278274,0.9438647,0.953526972283272,1.0
TCP10,0.058278274,1.4030497,0.953526972283272,1.0
AP003973.4,0.058278274,2.3993418,0.953526972283272,1.0
ADGRF4,0.058278274,2.1721752,0.953526972283272,1.0
DSCAM-AS1,0.058278274,1.8132262,0.953526972283272,1.0
KBTBD13,0.058278274,2.574341,0.953526972283272,1.0
AL133464.1,0.058278274,2.7318082,0.953526972283272,1.0
Z97353.2,0.058278274,2.609407,0.953526972283272,1.0
C8orf49,0.058278274,2.831984,0.953526972283272,1.0
GOLGA6L2,0.058278274,3.3912847,0.953526972283272,1.0
AC097375.4,0.058278274,2.8584585,0.953526972283272,1.0
CU633906.1,0.058278274,1.1664363,0.953526972283272,1.0
LCN9,0.058278274,3.3758779,0.953526972283272,1.0
AL353622.2,0.058278274,1.3157924,0.953526972283272,1.0
IL18RAP,0.058278274,2.1012666,0.953526972283272,1.0
AC010186.1,0.058278274,1.3569223,0.953526972283272,1.0
AC068898.2,0.058278274,2.6038854,0.953526972283272,1.0
EVPLL,0.058278274,2.3502197,0.953526972283272,1.0
AP003557.2,0.058278274,3.2358086,0.953526972283272,1.0
CSMD2-AS1,0.058278274,1.5781059,0.953526972283272,1.0
AF067845.1,0.058278274,3.0398834,0.953526972283272,1.0
LINC02360,0.058278274,0.70754707,0.953526972283272,1.0
AC126768.2,0.058278274,2.864189,0.953526972283272,1.0
ACVRL1,0.058278274,1.5658432,0.953526972283272,1.0
LINC01310,0.058278274,1.5051984,0.953526972283272,1.0
STK17B,0.058278274,0.06063031,0.953526972283272,1.0
LINC00550,0.058278274,2.939504,0.953526972283272,1.0
AL354811.2,0.058278274,3.267542,0.953526972283272,1.0
LINC01232,0.058267087,1.2924294,0.9535358827293017,1.0
AC006305.1,0.058244716,1.6300092,0.9535537036387839,1.0
AC113133.1,0.05823726,1.1135324,0.9535596439471057,1.0
SASH3,0.058222342,0.95527476,0.9535715245714889,1.0
BOLA2B,0.058222342,-0.11569946,0.9535715245714889,1.0
AC007906.2,0.058214884,1.1218544,0.9535774648875496,1.0
SLCO1A2,0.05819251,1.050447,0.9535952858512043,1.0
AC123912.1,0.05816268,0.8511916,0.9536190471721678,1.0
ASB16,0.058158953,-0.13096288,0.9536220173401875,1.0
AC002128.1,0.058155224,0.8990768,0.9536249875088512,1.0
AC125616.1,0.058155224,0.8910432,0.9536249875088512,1.0
HORMAD2,0.058147766,0.6005868,0.953630927848111,1.0
GMIP,0.058147766,0.78734136,0.953630927848111,1.0
SSH3,0.058140308,0.43854532,0.9536368681899468,1.0
DHRS9,0.058140308,0.446992,0.9536368681899468,1.0
AC005832.1,0.058140308,0.60799,0.9536368681899468,1.0
AL021920.3,0.058140308,0.65123314,0.9536368681899468,1.0
AC110760.1,0.05813285,0.6111,0.9536428085343582,1.0
C9orf163,0.05812912,0.67161924,0.9536457787075298,1.0
ANKRD35,0.05812539,0.51019204,0.953648748881345,1.0
AC092653.1,0.05812539,0.5274668,0.953648748881345,1.0
AC103739.3,0.058117934,0.54814225,0.9536546892309069,1.0
PDK4,0.058117934,0.7222884,0.9536546892309069,1.0
FKBP6,0.058117934,0.617927,0.9536546892309069,1.0
FAM153A,0.058110476,0.50675243,0.9536606295830434,1.0
LINC01580,0.058103018,0.4771435,0.9536665699377544,1.0
AC104435.2,0.05809556,0.4299335,0.9536725102950394,1.0
ITGB2,0.05809556,0.44884005,0.9536725102950394,1.0
IGF2BP1,0.05809183,0.72405934,0.9536754804746471,1.0
EGR2,0.05809183,0.62842906,0.9536754804746471,1.0
AC006116.6,0.058080647,0.12625766,0.9536843910173303,1.0
SMIM3,0.05807319,0.3716095,0.9536903313823354,1.0
CT66,0.05807319,0.36020082,0.9536903313823354,1.0
FZD5,0.05806573,-0.13374518,0.9536962717499133,1.0
AL358074.1,0.05806573,0.0137659395,0.9536962717499133,1.0
BTK,0.058058273,-0.27004611,0.9537022121200636,1.0
LINC02786,0.058043357,-0.22506785,0.9537140928680801,1.0
AC044839.1,0.05803217,0.39736426,0.9537230034358426,1.0
AC025871.2,0.05802844,-0.24053878,0.9537259736263822,1.0
AC004837.4,0.058017254,0.42536506,0.9537348842018573,1.0
IFI30,0.058017254,0.5539771,0.9537348842018573,1.0
AC007221.1,0.058013525,-0.74211353,0.9537378543949674,1.0
AC106028.2,0.058006067,-0.49271718,0.9537437947831153,1.0
MYOC,0.058006067,-0.5050381,0.9537437947831153,1.0
AC006111.3,0.057998613,-0.953375,0.953749735173833,1.0
AC087897.2,0.057987425,0.3464021,0.953758645764727,1.0
TM4SF19,0.057987425,0.31121346,0.953758645764727,1.0
AC093802.1,0.057983696,-0.63953394,0.9537616159629763,1.0
BACH1-IT1,0.05796878,0.45287746,0.9537734967623948,1.0
AC100774.1,0.05792776,0.4831966,0.9538061690137549,1.0
WFDC6,0.057920303,0.24867477,0.9538121094314354,1.0
AC004477.3,0.057912845,0.4839043,0.9538180498516816,1.0
ZMPSTE24,0.05790912,0.028045857,0.9538210200627669,1.0
AL049557.1,0.057890475,0.09570708,0.9538358711278132,1.0
AC104561.1,0.057890475,0.15562406,0.9538358711278132,1.0
SLAIN2,0.057883017,-0.03524867,0.9538418115583202,1.0
AC068987.3,0.057860643,0.035448596,0.9538596328652257,1.0
AL157385.2,0.057845727,0.30883333,0.9538715137493133,1.0
GZMM,0.05780844,0.02479807,0.9539012160043737,1.0
AC007599.2,0.057786066,-0.3075859,0.9539190373881451,1.0
IL27RA,0.057737593,0.20838253,0.9539576504653461,1.0
FGF14,0.057689115,0.25710878,0.9539962636506191,1.0
SLC5A2,0.057685386,-0.39037123,0.9539992339001138,1.0
CDC42EP2,0.05767047,0.081977524,0.9540111149044814,1.0
AC008149.2,0.057655554,-0.18881679,0.9540229959190688,1.0
AP003120.1,0.05760335,-0.046510275,0.9540645795505676,1.0
AL441883.1,0.057595894,0.007909526,0.9540705200795637,1.0
ERFL,0.057566065,-0.19880097,0.9540942822210615,1.0
AC022211.2,0.05754742,0.14945264,0.9541091335802204,1.0
C17orf99,0.057498943,-0.23248099,0.9541477471885942,1.0
LINC02087,0.057476573,-0.2909536,0.954165568890303,1.0
INHBE,0.05739081,0.013610205,0.9542338856257475,1.0
PYCR3,0.057338603,0.00883903,0.9542754698902487,1.0
C1QTNF9B,0.057334874,-0.3871551,0.9542784401996204,1.0
LINC00672,0.057226736,-0.15789492,0.9543645794474694,1.0
C1QTNF12,0.057226736,-0.22286043,0.9543645794474694,1.0
ZEB2-AS1,0.05686131,0.09892175,0.9546556746373089,1.0
AL031963.3,0.056838937,-0.18420158,0.9546734969886819,1.0
CXorf56,0.056689784,0.063716486,0.954792313243265,1.0
MEGF11,0.05660775,-0.062523685,0.9548576626116893,1.0
NAV2,0.05660402,0.010257499,0.9548606330447407,1.0
RTF2,0.056585375,-0.08194004,0.954875485219401,1.0
LINC00937,0.056443676,-0.41269118,0.954988362258511,1.0
TAS2R19,0.05636537,-0.47084573,0.9550507420623133,1.0
SOX9-AS1,0.056290794,0.062024333,0.9551101516552485,1.0
CCDC117,0.056093168,-0.071599685,0.9552675882818219,1.0
OTUB2,0.055962656,0.30393526,0.9553715568226269,1.0
SEPHS1,0.05595147,-0.046996795,0.9553804684471969,1.0
VAMP4,0.055750113,-0.06614012,0.9555408786421918,1.0
CHMP6,0.055746384,-0.06504212,0.9555438492183607,1.0
AC109441.1,0.05568672,1.6968309,0.9555913785210126,1.0
AC010422.7,0.05565689,1.6863519,0.9556151432315654,1.0
MARCOL,0.055649433,1.2950209,0.9556210844153694,1.0
AC073655.3,0.055641975,3.7113407,0.9556270256016393,1.0
TMEM191B,0.055641975,3.8755968,0.9556270256016393,1.0
AC092958.2,0.055641975,3.4103193,0.9556270256016393,1.0
AL008638.1,0.055641975,3.7044759,0.9556270256016393,1.0
AL357075.4,0.055641975,3.1923175,0.9556270256016393,1.0
AL583722.1,0.055641975,3.6368558,0.9556270256016393,1.0
AC243829.1,0.055641975,4.3585324,0.9556270256016393,1.0
HIST1H1A,0.055641975,3.614542,0.9556270256016393,1.0
TEX33,0.055641975,3.2361648,0.9556270256016393,1.0
AC007920.2,0.055641975,3.7388306,0.9556270256016393,1.0
SPTA1,0.055641975,3.966562,0.9556270256016393,1.0
LINC00313,0.055641975,4.2141905,0.9556270256016393,1.0
AC104211.2,0.055641975,3.7255855,0.9556270256016393,1.0
LINC01181,0.055641975,3.6444309,0.9556270256016393,1.0
PRSS37,0.055641975,1.2661144,0.9556270256016393,1.0
AL161797.1,0.055641975,3.8916075,0.9556270256016393,1.0
TINAGL1,0.055641975,3.2510548,0.9556270256016393,1.0
HTRA3,0.055641975,3.2280476,0.9556270256016393,1.0
TECTB,0.055641975,3.8761175,0.9556270256016393,1.0
LINC01747,0.055641975,4.0657887,0.9556270256016393,1.0
AL356753.1,0.055641975,3.4500442,0.9556270256016393,1.0
AC009055.2,0.055641975,3.5989213,0.9556270256016393,1.0
AC013731.1,0.055634517,3.3062315,0.9556329667903743,1.0
LINC02764,0.055634517,3.263625,0.9556329667903743,1.0
TRBV23OR9-2,0.055634517,3.5054698,0.9556329667903743,1.0
AC114684.1,0.055634517,3.412171,0.9556329667903743,1.0
AC140481.2,0.055634517,3.3482296,0.9556329667903743,1.0
LINC01520,0.055634517,2.950981,0.9556329667903743,1.0
AP003064.2,0.055634517,3.0067074,0.9556329667903743,1.0
AL034550.3,0.055634517,3.3518317,0.9556329667903743,1.0
PIK3CG,0.055634517,2.9243028,0.9556329667903743,1.0
AC023161.1,0.055634517,3.6735175,0.9556329667903743,1.0
HAR1B,0.055634517,3.7587879,0.9556329667903743,1.0
TMEM30B,0.055634517,3.5594406,0.9556329667903743,1.0
TBX18-AS1,0.055634517,3.6004174,0.9556329667903743,1.0
KLHL6-AS1,0.055634517,3.5684092,0.9556329667903743,1.0
AC010680.3,0.055634517,3.5314586,0.9556329667903743,1.0
OR6K3,0.055634517,3.1967194,0.9556329667903743,1.0
LINC02700,0.055634517,3.1095421,0.9556329667903743,1.0
CNN1,0.055634517,1.360382,0.9556329667903743,1.0
CLLU1,0.055634517,3.1061952,0.9556329667903743,1.0
PSG3,0.055634517,3.5197494,0.9556329667903743,1.0
AL445989.1,0.055634517,3.2423801,0.9556329667903743,1.0
AL390964.1,0.055634517,2.448146,0.9556329667903743,1.0
AC110995.1,0.055634517,3.5888891,0.9556329667903743,1.0
AC123595.1,0.055634517,3.2073603,0.9556329667903743,1.0
LRIT1,0.055634517,3.1430779,0.9556329667903743,1.0
CASP5,0.055634517,3.2818825,0.9556329667903743,1.0
LINC01910,0.055634517,2.9251223,0.9556329667903743,1.0
LINC02469,0.05562706,2.8227906,0.9556389079815746,1.0
AC097468.1,0.05562706,2.5901067,0.9556389079815746,1.0
LMNTD2,0.05562706,1.426975,0.9556389079815746,1.0
ADRA1B,0.05562706,1.2998255,0.9556389079815746,1.0
LINC02319,0.05562706,2.3661113,0.9556389079815746,1.0
ANKRD44-IT1,0.05562706,2.5762017,0.9556389079815746,1.0
LINC02800,0.05562706,2.1198874,0.9556389079815746,1.0
TEX50,0.05562706,2.0633698,0.9556389079815746,1.0
AC084809.1,0.05562706,1.9508783,0.9556389079815746,1.0
AC021979.3,0.05562706,1.9827476,0.9556389079815746,1.0
LINC02679,0.05562706,2.6305826,0.9556389079815746,1.0
KCNMA1-AS3,0.05562706,2.7317233,0.9556389079815746,1.0
FSHB,0.05562706,2.59272,0.9556389079815746,1.0
AC006150.1,0.05562706,2.7172413,0.9556389079815746,1.0
AL359552.1,0.05562706,2.6414268,0.9556389079815746,1.0
PI15,0.05562706,1.2622069,0.9556389079815746,1.0
AL133395.1,0.05562706,2.7124543,0.9556389079815746,1.0
AP005242.1,0.05562706,2.8085134,0.9556389079815746,1.0
LINC01848,0.05562706,2.6186006,0.9556389079815746,1.0
TTC22,0.05562706,2.8381393,0.9556389079815746,1.0
AC133530.1,0.05562706,2.5404322,0.9556389079815746,1.0
AP000944.6,0.05562706,2.6063592,0.9556389079815746,1.0
AC016553.1,0.05562706,2.4761581,0.9556389079815746,1.0
Z99289.3,0.05562706,1.9255393,0.9556389079815746,1.0
LINC01866,0.05562706,3.2639787,0.9556389079815746,1.0
TRNP1,0.05562706,2.6852257,0.9556389079815746,1.0
AP003498.2,0.05562706,2.59054,0.9556389079815746,1.0
AC025287.2,0.05562706,2.587752,0.9556389079815746,1.0
AC007834.1,0.05562706,2.9498994,0.9556389079815746,1.0
MATN1-AS1,0.05562706,1.6506313,0.9556389079815746,1.0
AC016583.2,0.05562706,1.8239399,0.9556389079815746,1.0
AC025271.4,0.05562706,2.6769984,0.9556389079815746,1.0
AC137590.2,0.05562706,2.6368556,0.9556389079815746,1.0
AC008632.1,0.05562706,2.4491491,0.9556389079815746,1.0
AC096589.1,0.0556196,0.14911869,0.9556448491752394,1.0
OR6B1,0.0556196,2.7572036,0.9556448491752394,1.0
MFNG,0.0556196,1.7635957,0.9556448491752394,1.0
AL358612.1,0.0556196,1.4996655,0.9556448491752394,1.0
AL135787.1,0.0556196,2.3711386,0.9556448491752394,1.0
HLA-DRB1,0.0556196,1.948433,0.9556448491752394,1.0
AC090515.5,0.0556196,1.7050155,0.9556448491752394,1.0
AC108066.2,0.0556196,2.611945,0.9556448491752394,1.0
AC090409.2,0.0556196,2.399949,0.9556448491752394,1.0
RGL2,0.0556196,-0.12929747,0.9556448491752394,1.0
AC131274.1,0.0556196,1.3906758,0.9556448491752394,1.0
GAS8-AS1,0.0556196,1.3009738,0.9556448491752394,1.0
LINC02020,0.0556196,2.5640683,0.9556448491752394,1.0
C8orf87,0.0556196,0.8608884,0.9556448491752394,1.0
AL359649.1,0.0556196,0.5530141,0.9556448491752394,1.0
LINC01956,0.0556196,1.8806586,0.9556448491752394,1.0
FAM230I,0.0556196,1.047617,0.9556448491752394,1.0
TXNDC2,0.0556196,1.6317168,0.9556448491752394,1.0
AC015818.2,0.0556196,2.0806677,0.9556448491752394,1.0
AL627309.4,0.0556196,1.3712453,0.9556448491752394,1.0
AC133528.1,0.0556196,1.2249327,0.9556448491752394,1.0
AP005131.5,0.0556196,1.9173508,0.9556448491752394,1.0
LINC01706,0.0556196,1.5994138,0.9556448491752394,1.0
AC046129.1,0.0556196,0.91540277,0.9556448491752394,1.0
AC090337.1,0.0556196,1.404727,0.9556448491752394,1.0
ARID3C,0.0556196,0.23532642,0.9556448491752394,1.0
AP006222.2,0.0556196,1.7149,0.9556448491752394,1.0
AC108879.1,0.055604685,1.2441732,0.955656731569962,1.0
GAPLINC,0.055604685,0.8311319,0.955656731569962,1.0
FPR3,0.055597227,1.2155691,0.9556626727710189,1.0
FAM166B,0.05558231,1.2655745,0.9556745551805228,1.0
ZNF649-AS1,0.055574857,-0.6011416,0.955680496388969,1.0
RASGRP2,0.055574857,1.3488241,0.955680496388969,1.0
LINC02384,0.05555994,0.75067157,0.9556923788132483,1.0
KIFC2,0.05555994,0.74053466,0.9556923788132483,1.0
ALDH1A1,0.055552483,1.031539,0.9556983200290807,1.0
LINC02611,0.055552483,1.1204216,0.9556983200290807,1.0
AC006213.2,0.055537567,0.60362977,0.9557102024681294,1.0
AP002856.2,0.055537567,0.9180174,0.9557102024681294,1.0
LINC002481,0.055537567,0.84304607,0.9557102024681294,1.0
AL158071.5,0.05553011,0.9730664,0.955716143691345,1.0
AC092720.1,0.05552265,0.90007454,0.9557220849170212,1.0
AC006252.1,0.05552265,0.6597114,0.9557220849170212,1.0
AC090515.2,0.05552265,0.8563467,0.9557220849170212,1.0
CARD8-AS1,0.055515192,0.9221648,0.9557280261451574,1.0
AC007666.1,0.055515192,0.7673089,0.9557280261451574,1.0
AL596094.1,0.055507734,0.97407407,0.9557339673757532,1.0
AC087392.5,0.055507734,0.760224,0.9557339673757532,1.0
ERICH6-AS1,0.055507734,0.85019237,0.9557339673757532,1.0
GNRH2,0.055500276,0.756479,0.9557399086088086,1.0
AC004801.6,0.055500276,0.8219699,0.9557399086088086,1.0
CCR10,0.05549282,0.7475017,0.9557458498443231,1.0
SLC4A1,0.055477906,0.63497174,0.9557577323227281,1.0
AC073195.1,0.055455532,0.5383725,0.9557755560587706,1.0
SLC14A1,0.055455532,0.5785404,0.9557755560587706,1.0
AC109472.1,0.055455532,0.57684773,0.9557755560587706,1.0
AL359711.2,0.055448074,0.3082468,0.9557814973090328,1.0
OR2A5,0.055448074,0.34490836,0.9557814973090328,1.0
AC008147.2,0.055444345,0.2966154,0.9557844679350853,1.0
AF038458.3,0.055440616,0.59320974,0.9557874385617519,1.0
DNM1P35,0.055388413,-0.13044225,0.9558290273995477,1.0
YTHDF3-AS1,0.05536604,-0.14220242,0.9558468512239935,1.0
CRABP2,0.055351123,0.31578833,0.9558587337858905,1.0
ANKFN1,0.055343665,0.26738918,0.9558646750705179,1.0
C15orf62,0.055336207,0.45336795,0.9558706163575975,1.0
PDIA2,0.055336207,-0.52319634,0.9558706163575975,1.0
AC013400.1,0.05532875,0.36947158,0.955876557647129,1.0
AC010654.1,0.05532875,-0.6524453,0.955876557647129,1.0
TMPRSS15,0.05529892,0.2969837,0.9559003228297669,1.0
MON1A,0.055284005,0.010869985,0.9559122054357885,1.0
AC080013.1,0.05526163,0.28856483,0.9559300293631916,1.0
TMEM132C,0.05526163,0.4056782,0.9559300293631916,1.0
AL360169.2,0.055239256,0.3285185,0.9559478533126319,1.0
HIST4H4,0.055224344,0.27436176,0.9559597359578305,1.0
LINC02511,0.055209428,0.117692016,0.9559716186128168,1.0
ITPKC,0.05519824,-0.016371114,0.9559805306104779,1.0
AL021707.7,0.055194512,0.26376602,0.955983501277588,1.0
AC006008.1,0.055179596,0.29405534,0.9559953839521417,1.0
DHRSX-IT1,0.055112477,0.2056939,0.9560488561086199,1.0
MARCH10,0.05509756,0.20312758,0.9560607388369297,1.0
LINC02613,0.054974508,-0.16007005,0.9561587717178485,1.0
CCR9,0.054955866,-0.19256093,0.956173625242543,1.0
AC137770.1,0.05494468,-0.15153286,0.9561825373646653,1.0
SKAP2,0.054933492,0.12723905,0.9561914494922653,1.0
PYGM,0.054918576,-0.13483678,0.9562033323375844,1.0
AL139289.2,0.054918576,-0.03408687,0.9562033323375844,1.0
AC147651.2,0.05488129,-1.1540904,0.956233039493461,1.0
AC132872.5,0.054862645,-0.08367858,0.9562478930941996,1.0
CYSLTR1,0.05479925,0.20383126,0.9562983954503267,1.0
IKBKE,0.054791797,-0.29484344,0.9563043369155262,1.0
AC016746.1,0.05477688,0.05617603,0.9563162198532085,1.0
IRF2BP1,0.054732133,-0.32216528,0.9563518687244963,1.0
NIN,0.054653827,-0.11272626,0.956414254459288,1.0
AC018529.2,0.054650098,0.12631412,0.9564172252152265,1.0
ADAMTS12,0.05458298,-0.14995116,0.9564706989256013,1.0
AL162258.2,0.054560605,-0.2661609,0.9564885235392727,1.0
IQCE,0.05454196,-0.014706424,0.9565033774006202,1.0
PROX1,0.054527048,-0.055073664,0.9565152605005739,1.0
DNAJC3-DT,0.054441284,0.10222821,0.9565835885127776,1.0
AC009065.2,0.05428467,-0.3748424,0.9567083622274776,1.0
TOMM20L,0.05415416,0.015694443,0.9568123411335114,1.0
CYP3A43,0.054135516,-0.27681455,0.9568271953229771,1.0
AKAP5,0.054049753,-0.044634566,0.9568955247875439,1.0
THAP7-AS1,0.054008737,-0.057852086,0.956928204208683,1.0
MRPL2,0.053986363,-0.10915033,0.956946029378003,1.0
AC073651.1,0.053949073,-0.3350077,0.9569757380413766,1.0
TET2-AS1,0.053770088,-0.3410885,0.9571183404567649,1.0
ACSM3,0.05369551,-0.029665139,0.9571777585351587,1.0
CITED1,0.05343449,-0.024424672,0.9573857236811328,1.0
BLOC1S1,0.05337483,-0.11747466,0.9574332589794202,1.0
GSTM4,0.053359915,0.97110236,0.9574451428276507,1.0
AC069185.1,0.053259235,-0.03652398,0.9575253590504649,1.0
AP003123.1,0.053255506,0.9801619,0.9575283300299455,1.0
ABCF2,0.053095166,-0.20607096,0.9576560827051935,1.0
NEXMIF,0.053091437,-0.022436786,0.9576590537105946,1.0
CHRAC1,0.053024318,0.12022081,0.9577125319083495,1.0
AP004608.1,0.052990757,3.207321,0.9577392710786146,1.0
AL159972.1,0.052990757,3.2955582,0.9577392710786146,1.0
AC009093.1,0.052990757,3.5256221,0.9577392710786146,1.0
FCRL4,0.052990757,3.4441903,0.9577392710786146,1.0
IL6R-AS1,0.052990757,3.4005451,0.9577392710786146,1.0
BPIFB4,0.052990757,3.5019567,0.9577392710786146,1.0
AL603783.1,0.052990757,3.1546834,0.9577392710786146,1.0
AC109349.1,0.052990757,3.8150558,0.9577392710786146,1.0
PDGFB,0.052990757,3.401301,0.9577392710786146,1.0
AC012508.2,0.052990757,3.5086436,0.9577392710786146,1.0
AL132801.1,0.052990757,3.407868,0.9577392710786146,1.0
GGTLC2,0.052990757,3.8797374,0.9577392710786146,1.0
AC005258.2,0.052990757,2.9564216,0.9577392710786146,1.0
AC084741.1,0.052990757,3.4148786,0.9577392710786146,1.0
LINC01415,0.052990757,3.4481173,0.9577392710786146,1.0
AL807757.2,0.052987028,1.5401429,0.9577422421004688,1.0
GCOM1,0.052987028,1.2778275,0.9577422421004688,1.0
AL117336.1,0.0529833,3.0003223,0.9577452131229099,1.0
AC127526.5,0.0529833,2.8581908,0.9577452131229099,1.0
AL583859.3,0.0529833,2.853413,0.9577452131229099,1.0
AC010680.4,0.0529833,2.7789,0.9577452131229099,1.0
AC010267.1,0.0529833,3.004524,0.9577452131229099,1.0
TRAJ8,0.0529833,3.1945198,0.9577452131229099,1.0
LINC00700,0.0529833,2.8497007,0.9577452131229099,1.0
ACOT4,0.0529833,2.8353655,0.9577452131229099,1.0
FO681492.1,0.0529833,2.1429093,0.9577452131229099,1.0
PTX4,0.0529833,2.9381852,0.9577452131229099,1.0
AC090970.2,0.0529833,2.9293456,0.9577452131229099,1.0
CYP2A13,0.0529833,2.885168,0.9577452131229099,1.0
ARX,0.0529833,2.9711428,0.9577452131229099,1.0
AP000235.1,0.0529833,3.1155314,0.9577452131229099,1.0
HAO1,0.0529833,2.8874507,0.9577452131229099,1.0
AC138356.1,0.0529833,2.7912536,0.9577452131229099,1.0
ADIPOQ-AS1,0.0529833,2.8854504,0.9577452131229099,1.0
INHBB,0.0529833,3.1298013,0.9577452131229099,1.0
AC011726.2,0.0529833,2.8729153,0.9577452131229099,1.0
AL136442.1,0.0529833,3.3109794,0.9577452131229099,1.0
TMEM235,0.0529833,2.8559375,0.9577452131229099,1.0
AC084024.1,0.0529833,2.8838403,0.9577452131229099,1.0
AC148476.1,0.052975845,2.556815,0.9577511551695533,1.0
AC099314.1,0.052975845,2.1149895,0.9577511551695533,1.0
AL353608.2,0.052975845,2.661188,0.9577511551695533,1.0
AC008438.2,0.052975845,2.7744834,0.9577511551695533,1.0
AC022784.3,0.052975845,2.5368865,0.9577511551695533,1.0
AC073218.1,0.052975845,2.567078,0.9577511551695533,1.0
AC008742.1,0.052975845,1.7763382,0.9577511551695533,1.0
AC021151.1,0.052975845,2.3436358,0.9577511551695533,1.0
AL356495.1,0.052975845,2.5868459,0.9577511551695533,1.0
LINC00113,0.052975845,2.950741,0.9577511551695533,1.0
LINC02628,0.052975845,3.0019002,0.9577511551695533,1.0
AP002754.1,0.052975845,2.3704755,0.9577511551695533,1.0
LINC00315,0.052975845,2.8689604,0.9577511551695533,1.0
AL133215.3,0.052975845,2.567316,0.9577511551695533,1.0
AC114488.3,0.052975845,2.9813294,0.9577511551695533,1.0
AL008718.3,0.052975845,2.6350865,0.9577511551695533,1.0
AC012409.3,0.052975845,2.3821826,0.9577511551695533,1.0
AC108667.2,0.052975845,2.5853047,0.9577511551695533,1.0
AL109920.1,0.052975845,2.644663,0.9577511551695533,1.0
AC018845.3,0.052972116,1.2524595,0.9577541261937553,1.0
AL445604.1,0.052968387,0.86406744,0.9577570972185442,1.0
CAMK2N2,0.052968387,0.9367429,0.9577570972185442,1.0
AP001116.1,0.052968387,2.354437,0.9577570972185442,1.0
AC011389.1,0.052968387,1.6982335,0.9577570972185442,1.0
AL355836.2,0.052968387,2.2291107,0.9577570972185442,1.0
AL359258.2,0.052968387,2.25069,0.9577570972185442,1.0
AC100810.7,0.052968387,2.0612314,0.9577570972185442,1.0
LINC00595,0.052968387,2.5756876,0.9577570972185442,1.0
AC069113.2,0.052968387,2.5202978,0.9577570972185442,1.0
AC062037.3,0.052968387,1.2664201,0.9577570972185442,1.0
ADGRA1,0.052968387,2.1635363,0.9577570972185442,1.0
AC025162.2,0.052968387,0.66725534,0.9577570972185442,1.0
AL161663.1,0.052968387,2.7099993,0.9577570972185442,1.0
AC009754.2,0.052968387,2.233228,0.9577570972185442,1.0
AVPR2,0.052968387,1.7412422,0.9577570972185442,1.0
AC027088.2,0.052968387,2.5155401,0.9577570972185442,1.0
AC116099.1,0.052968387,0.97809285,0.9577570972185442,1.0
AC068282.2,0.052968387,2.5739727,0.9577570972185442,1.0
AP002856.3,0.052968387,1.3321655,0.9577570972185442,1.0
EMX1,0.052968387,1.0528072,0.9577570972185442,1.0
AC011477.3,0.052968387,2.2255723,0.9577570972185442,1.0
LINC02303,0.052968387,1.5589131,0.9577570972185442,1.0
AC090541.1,0.05296093,1.0122123,0.9577630392698823,1.0
LINC01736,0.05296093,1.14984,0.9577630392698823,1.0
GRAP,0.05296093,2.1921124,0.9577630392698823,1.0
AC079834.2,0.05296093,0.7878379,0.9577630392698823,1.0
AC097501.1,0.05296093,0.77777463,0.9577630392698823,1.0
AC010883.2,0.05296093,1.438606,0.9577630392698823,1.0
AC021818.1,0.05296093,1.8310273,0.9577630392698823,1.0
AC023906.2,0.05296093,0.9568682,0.9577630392698823,1.0
AL358787.1,0.05296093,0.75517964,0.9577630392698823,1.0
AC116667.2,0.05296093,2.1318438,0.9577630392698823,1.0
CCER1,0.05296093,0.9085427,0.9577630392698823,1.0
AC061975.6,0.05296093,0.24407172,0.9577630392698823,1.0
LGALS9B,0.05296093,0.59223795,0.9577630392698823,1.0
AC007786.1,0.05296093,1.6505134,0.9577630392698823,1.0
ERI3-IT1,0.05296093,0.7472372,0.9577630392698823,1.0
TNNI3,0.05296093,0.77522403,0.9577630392698823,1.0
LINC02828,0.0529572,1.2927005,0.9577660102964315,1.0
DPM2,0.05294974,0.04239814,0.9577719523512899,1.0
LINC00879,0.052934825,1.3633969,0.9577838364680455,1.0
MN1,0.052927367,1.1535785,0.9577897785299422,1.0
AC091769.2,0.05291991,1.1825067,0.9577957205941843,1.0
ODF3,0.05291991,1.1011254,0.9577957205941843,1.0
IL23A,0.05291618,0.8656595,0.9577986916271848,1.0
AC027682.2,0.052908722,0.35132718,0.9578046336949444,1.0
LINC00390,0.052904993,1.0627759,0.9578076047297034,1.0
LRRC52-AS1,0.052897535,0.97981,0.9578135468009799,1.0
LINC01727,0.052897535,0.94488496,0.9578135468009799,1.0
NAV2-AS2,0.052882623,1.0598028,0.9578254309505646,1.0
AC024257.1,0.052867707,0.8607147,0.9578373151095233,1.0
AC103706.1,0.052863978,0.69813406,0.9578402861507274,1.0
AC009623.1,0.05286025,0.79766685,0.957843257192517,1.0
ZNF174,0.05284906,0.15267615,0.9578521703213996,1.0
AC098820.3,0.052845333,0.77815807,0.9578551413655314,1.0
AC018761.1,0.05282296,0.43216532,0.9578729676426159,1.0
FOXD4L5,0.0528155,0.41428477,0.9578789097396594,1.0
AC055764.1,0.052808046,0.4303921,0.9578848518390434,1.0
AC004408.1,0.05280059,0.46403286,0.9578907939407676,1.0
AC093799.1,0.05279686,0.54654384,0.9578937649925071,1.0
TLR5,0.052785672,0.34095582,0.9579026781512352,1.0
AL133445.2,0.052774485,0.5904267,0.9579115913152263,1.0
DAZL,0.052770756,-0.0038705498,0.9579145623710594,1.0
ALPL,0.052770756,0.13573533,0.9579145623710594,1.0
AL136169.1,0.05275957,0.23909928,0.9579234755420662,1.0
ADAM20,0.05275584,0.2583216,0.9579264466002376,1.0
AC137810.1,0.052748382,0.085809104,0.9579323887183337,1.0
GABRA6,0.052740924,-0.23343486,0.9579383308387673,1.0
PROB1,0.052737195,0.2982534,0.9579413018998606,1.0
ZNF763,0.052733466,-0.2250424,0.9579442729615382,1.0
AL008628.1,0.052722283,0.3358536,0.9579531861500759,1.0
PPP1R1C,0.052718554,0.45202076,0.95795615721409,1.0
AC008395.1,0.05269245,0.37023318,0.9579769546785402,1.0
AL161628.1,0.05269245,0.2498446,0.9579769546785402,1.0
AL589669.1,0.05268872,-1.0195031,0.9579799257472256,1.0
CLDN6,0.052673806,-0.54000294,0.957991810027804,1.0
MTCH1,0.052621603,-0.07283262,0.9580334050833395,1.0
AC083973.1,0.052610416,0.19900855,0.9580423183243953,1.0
LINC01460,0.052610416,0.23244764,0.9580423183243953,1.0
C11orf71,0.05255821,0.056961156,0.9580839135186654,1.0
AC022973.5,0.05255075,0.24028227,0.9580898556985945,1.0
FP236383.5,0.052543297,0.18479498,0.9580957978808524,1.0
AC010547.1,0.052543297,-0.064379044,0.9580957978808524,1.0
AL158212.1,0.052524652,0.30164772,0.9581106533466834,1.0
CCDC73,0.052517194,-0.1147446,0.9581165955370895,1.0
AC007383.2,0.052476175,0.21929361,0.9581492776259146,1.0
MANEAL,0.052472446,0.28381106,0.9581522487283878,1.0
AC006206.1,0.052468717,0.24290225,0.9581552198314423,1.0
SCNN1A,0.052461263,-0.31397316,0.9581611620392951,1.0
AC087500.1,0.052453805,0.09507803,0.9581671042494728,1.0
AC073487.1,0.052423973,-0.3251684,0.9581908731134252,1.0
SRXN1,0.052420244,0.25074384,0.9581938442240333,1.0
LINC01268,0.052409057,-0.29260957,0.9582027575593419,1.0
LINC01806,0.05239787,0.07806963,0.9582116708998762,1.0
AL139397.1,0.052364312,-0.023656357,0.958238410952822,1.0
PEX16,0.052349396,0.15544659,0.9582502954358834,1.0
KBTBD8,0.052345667,0.004991715,0.9582532665580987,1.0
AL355312.2,0.05230092,-0.086556464,0.9582889200699058,1.0
PXDNL,0.052222613,-0.12031007,0.9583513139163006,1.0
AP001021.3,0.052207697,0.033327702,0.9583631984874112,1.0
AC104506.1,0.052192785,0.06398299,0.9583750830677765,1.0
PDGFRL,0.052189056,-0.2313837,0.9583780542143135,1.0
AP001893.3,0.05217041,0.08737265,0.9583929099556708,1.0
BTBD19,0.052054815,-0.37242708,0.9584850158744079,1.0
AC025171.1,0.0520399,-0.122231804,0.9584969005494799,1.0
AC089999.1,0.05196905,-0.10839811,0.9585533528820037,1.0
AL035409.1,0.051920578,-0.17722987,0.958591978281929,1.0
TUBB1,0.05191685,0.0062143267,0.9585949494705664,1.0
SIX2,0.05191685,0.13816978,0.9585949494705664,1.0
SPATA6L,0.051838543,-0.25886,0.9586573445647588,1.0
LINC00997,0.0518199,0.2302766,0.9586722005769122,1.0
AC019330.1,0.051801253,-0.104056865,0.9586870566034186,1.0
GPD1L,0.051730406,-0.09335586,0.9587435096349519,1.0
AC018410.1,0.051443283,0.07243628,0.958972295088629,1.0
DZANK1,0.051435824,-0.04705177,0.9589782376130536,1.0
LAYN,0.05139108,-0.21344303,0.9590138928074593,1.0
AL360227.1,0.051305316,-0.057233676,0.9590822321591865,1.0
LAGE3,0.051268026,-0.11082502,0.9591119450146286,1.0
TMEM199,0.05123447,0.0037203778,0.9591386866330937,1.0
AL132989.2,0.05118599,-0.05508157,0.9591773134964875,1.0
GADL1,0.051144976,-0.33828428,0.9592099978403763,1.0
NDUFC1,0.051051755,-0.053705305,0.9592842806950359,1.0
NEURL2,0.05103311,-0.20322134,0.9592991373084111,1.0
UBE2D2,0.05103311,-0.00016839155,0.9592991373084111,1.0
AIFM1,0.051003277,-0.0679255,0.9593229079192114,1.0
EBPL,0.050977178,-0.14703082,0.9593437072333301,1.0
AC108727.2,0.050947346,-0.007649644,0.9593674779119249,1.0
AC087741.1,0.050943617,0.22344078,0.9593704492492898,1.0
AL139330.1,0.050910056,-0.45046756,0.9593971913109692,1.0
ZNF709,0.05077582,-0.100003354,0.9595041600142818,1.0
DNAJC8,0.050727345,-0.065799944,0.9595427877808731,1.0
LINC02752,0.050630394,1.3447711,0.959620043598924,1.0
AL050403.1,0.05061548,0.75221807,0.9596319291430703,1.0
HIST1H2BL,0.050525986,0.56066316,0.9597032425962883,1.0
AC002070.1,0.050466325,-0.0019737384,0.9597507850776124,1.0
AC092813.2,0.050339542,3.3374672,0.959851813325506,1.0
AL359853.2,0.050339542,3.2174873,0.959851813325506,1.0
LINC01283,0.050339542,3.036418,0.959851813325506,1.0
RILP,0.050339542,2.995575,0.959851813325506,1.0
RSPO1,0.050339542,2.6439316,0.959851813325506,1.0
CRYBA2,0.050339542,3.5545373,0.959851813325506,1.0
AL133445.3,0.050339542,2.6494112,0.959851813325506,1.0
AC068643.2,0.050339542,2.8989954,0.959851813325506,1.0
AC039056.2,0.050339542,2.9094834,0.959851813325506,1.0
MIR9-3HG,0.050339542,3.1545043,0.959851813325506,1.0
FOXH1,0.050339542,3.052048,0.959851813325506,1.0
C3orf85,0.050339542,3.5575082,0.959851813325506,1.0
AC080013.5,0.050339542,2.7575037,0.959851813325506,1.0
HAVCR1,0.050339542,3.2103558,0.959851813325506,1.0
AL136181.1,0.050339542,2.9696336,0.959851813325506,1.0
SLITRK4,0.050332084,2.7604456,0.9598577561837126,1.0
AL157402.2,0.050332084,2.6231127,0.9598577561837126,1.0
AC068442.1,0.050332084,2.5841677,0.9598577561837126,1.0
NCR3,0.050332084,2.6892915,0.9598577561837126,1.0
HTD2,0.050332084,2.8039927,0.9598577561837126,1.0
LINC01104,0.050332084,2.8002336,0.9598577561837126,1.0
TCAF2C,0.050332084,2.731562,0.9598577561837126,1.0
AC103740.2,0.050332084,2.738013,0.9598577561837126,1.0
AGAP6,0.050332084,2.990189,0.9598577561837126,1.0
AL020997.3,0.050332084,3.0946512,0.9598577561837126,1.0
LINC00661,0.050332084,2.8724382,0.9598577561837126,1.0
AL360014.1,0.050332084,2.7062373,0.9598577561837126,1.0
AL353753.1,0.050332084,3.135967,0.9598577561837126,1.0
LILRA5,0.050332084,2.4217947,0.9598577561837126,1.0
AP001056.2,0.050328355,2.5055494,0.9598607276136525,1.0
AC005696.3,0.050324626,2.8411448,0.95986369904415,1.0
RFX6,0.050324626,2.7361083,0.95986369904415,1.0
Z98949.1,0.050324626,2.36463,0.95986369904415,1.0
CCL16,0.050324626,2.452313,0.95986369904415,1.0
AC023908.1,0.050324626,2.5120308,0.95986369904415,1.0
ZSCAN5B,0.050324626,2.580422,0.95986369904415,1.0
TTC24,0.050324626,2.441977,0.95986369904415,1.0
KLK15,0.050324626,1.9686033,0.95986369904415,1.0
AL096709.1,0.050324626,2.534503,0.95986369904415,1.0
BMS1P14,0.050324626,1.992109,0.95986369904415,1.0
LINC01899,0.050324626,2.6540823,0.95986369904415,1.0
TRGC2,0.050324626,2.6386056,0.95986369904415,1.0
AL034548.1,0.050324626,2.3991666,0.95986369904415,1.0
AC069540.2,0.050324626,2.3452523,0.95986369904415,1.0
VGLL1,0.050324626,2.4257264,0.95986369904415,1.0
LINC02849,0.050324626,2.195891,0.95986369904415,1.0
AC104472.1,0.050324626,2.4292245,0.95986369904415,1.0
CEACAM20,0.050324626,2.2327912,0.95986369904415,1.0
AL359762.2,0.05031717,1.3581975,0.9598696419068179,1.0
TGM5,0.05031717,2.0839794,0.9598696419068179,1.0
AC093911.1,0.05031717,1.7875646,0.9598696419068179,1.0
LINC02771,0.05031717,1.3983095,0.9598696419068179,1.0
AC106053.1,0.05031717,2.667565,0.9598696419068179,1.0
OTOP2,0.05031717,1.5853729,0.9598696419068179,1.0
LINC01654,0.05031717,2.2909572,0.9598696419068179,1.0
LINC02455,0.05031717,1.4596657,0.9598696419068179,1.0
AC003070.2,0.05031717,1.9138591,0.9598696419068179,1.0
AC092958.1,0.05031717,2.3240829,0.9598696419068179,1.0
C19orf67,0.05031717,2.2939348,0.9598696419068179,1.0
AC138781.1,0.05031717,2.5027895,0.9598696419068179,1.0
LINC02848,0.05031717,2.07108,0.9598696419068179,1.0
ANKRD62P1-PARP4P3,0.05031717,1.7149643,0.9598696419068179,1.0
AC080075.1,0.05031717,0.7642662,0.9598696419068179,1.0
LINC01778,0.05031717,2.3065429,0.9598696419068179,1.0
AC008555.5,0.05031717,2.3880055,0.9598696419068179,1.0
AC100781.1,0.05031717,1.5351927,0.9598696419068179,1.0
EHF,0.05031717,1.2934178,0.9598696419068179,1.0
LINC02229,0.05031717,1.6178061,0.9598696419068179,1.0
AL133215.1,0.05031717,2.2228303,0.9598696419068179,1.0
POTEM,0.05031717,1.8319684,0.9598696419068179,1.0
LINC01844,0.05031717,1.7582054,0.9598696419068179,1.0
AL353997.2,0.05031717,2.130833,0.9598696419068179,1.0
STARD8,0.05030971,1.3186239,0.9598755847717158,1.0
AL133553.1,0.05030971,1.0262798,0.9598755847717158,1.0
AC023503.1,0.05030971,1.2534903,0.9598755847717158,1.0
AC090844.3,0.05030971,1.2822852,0.9598755847717158,1.0
TMPRSS13,0.05030971,1.4630122,0.9598755847717158,1.0
AL451069.3,0.05030971,1.2919531,0.9598755847717158,1.0
AP003170.4,0.05030971,1.9204946,0.9598755847717158,1.0
AL356361.2,0.05030971,0.86966604,0.9598755847717158,1.0
AC093001.1,0.05030971,0.6512923,0.9598755847717158,1.0
AC133106.1,0.05030971,0.8008084,0.9598755847717158,1.0
CLDN24,0.05030971,1.9170314,0.9598755847717158,1.0
RAMP3,0.05030971,1.5662043,0.9598755847717158,1.0
CYLC2,0.05030971,1.3570338,0.9598755847717158,1.0
AC078788.1,0.05030971,1.9115587,0.9598755847717158,1.0
SLC22A7,0.05030971,1.9736347,0.9598755847717158,1.0
SYT13,0.05030971,1.9179642,0.9598755847717158,1.0
AC063977.6,0.05030971,1.74533,0.9598755847717158,1.0
PCDHA3,0.05030971,1.7584826,0.9598755847717158,1.0
LINC02489,0.05030971,2.1557395,0.9598755847717158,1.0
TNFSF18,0.05030971,1.6438247,0.9598755847717158,1.0
AC093582.1,0.05030971,2.0385497,0.9598755847717158,1.0
LAMA5-AS1,0.05030971,0.53137815,0.9598755847717158,1.0
TGM7,0.05030971,1.9638927,0.9598755847717158,1.0
AC011491.2,0.05030971,0.38335764,0.9598755847717158,1.0
AL162717.1,0.05030971,1.5928276,0.9598755847717158,1.0
LINC02627,0.05030971,1.9943948,0.9598755847717158,1.0
AL078605.1,0.05030971,1.3198762,0.9598755847717158,1.0
AC084880.2,0.05030971,2.071795,0.9598755847717158,1.0
PRSS54,0.05030971,0.9307586,0.9598755847717158,1.0
AC064829.1,0.05030971,1.5581876,0.9598755847717158,1.0
CHRM1,0.05030971,1.5942347,0.9598755847717158,1.0
AC103957.2,0.05030971,2.1124282,0.9598755847717158,1.0
Z99774.1,0.050302252,0.60342175,0.9598815276388434,1.0
DES,0.050302252,0.8167415,0.9598815276388434,1.0
PANX2,0.050302252,1.2661824,0.9598815276388434,1.0
CYTIP,0.050302252,-0.17915438,0.9598815276388434,1.0
AL691432.4,0.050302252,0.578985,0.9598815276388434,1.0
LINC01914,0.050302252,0.48105922,0.9598815276388434,1.0
C19orf81,0.050302252,0.054687258,0.9598815276388434,1.0
AC092435.1,0.050302252,0.9187618,0.9598815276388434,1.0
AL161912.1,0.050302252,0.42834243,0.9598815276388434,1.0
LINC00229,0.050302252,0.44235,0.9598815276388434,1.0
EGFL7,0.050302252,-0.04385926,0.9598815276388434,1.0
AL021937.3,0.050302252,0.9632992,0.9598815276388434,1.0
GAS6-DT,0.050302252,0.7443605,0.9598815276388434,1.0
AP000553.8,0.050302252,-0.19065484,0.9598815276388434,1.0
PKNOX2-AS1,0.050302252,-0.20860744,0.9598815276388434,1.0
OR52N1,0.050302252,0.24719964,0.9598815276388434,1.0
AC021016.3,0.050302252,1.4281694,0.9598815276388434,1.0
AC022469.1,0.050302252,0.9167811,0.9598815276388434,1.0
HPYR1,0.050302252,0.19081372,0.9598815276388434,1.0
AC002057.2,0.050302252,-0.39394495,0.9598815276388434,1.0
DDO,0.050302252,0.4149721,0.9598815276388434,1.0
AL162456.1,0.050302252,-0.16559394,0.9598815276388434,1.0
LINC01136,0.050294798,1.1011945,0.9598874705082003,1.0
ADCY5,0.05028734,0.7638151,0.9598934133797865,1.0
LINC01391,0.05028734,1.2107283,0.9598934133797865,1.0
KAZN-AS1,0.050264966,1.2102889,0.9599112420079159,1.0
AC107081.4,0.050264966,0.9505264,0.9599112420079159,1.0
AC010967.1,0.05025005,0.9812538,0.9599231277711415,1.0
SMKR1,0.05025005,1.2356994,0.9599231277711415,1.0
LINC00638,0.05025005,0.92256224,0.9599231277711415,1.0
TRPC7-AS1,0.050227676,0.9095397,0.9599409564326824,1.0
AL133367.1,0.050227676,0.6783988,0.9599409564326824,1.0
AC084756.1,0.050212763,0.831499,0.959952842218174,1.0
POTEG,0.050212763,0.8464834,0.959952842218174,1.0
KLRK1,0.050197847,0.5960009,0.9599647280125675,1.0
AC096642.2,0.050197847,0.7843576,0.9599647280125675,1.0
CHIA,0.05018293,0.6163491,0.9599766138158601,1.0
MPDU1,0.050179202,-0.058244284,0.9599795852680735,1.0
AC110809.1,0.050160557,0.34854776,0.9599944425374792,1.0
AC091185.1,0.050138183,0.42139733,0.9600122712791065,1.0
AC007497.1,0.05012327,0.17325625,0.9600241571179694,1.0
SELENBP1,0.05009344,0.46267667,0.9600479288223505,1.0
AC105052.5,0.05009344,0.4351091,0.9600479288223505,1.0
AC093752.2,0.05008598,-0.019073527,0.9600538717539969,1.0
AC012213.1,0.050071064,-0.47537073,0.9600657576239492,1.0
LINC01840,0.050063606,0.32876858,0.9600717005622542,1.0
FBXO24,0.05005242,-0.028365595,0.9600806149738721,1.0
LINC02453,0.050041232,-0.46055895,0.9600895293904812,1.0
SLC6A4,0.050033778,0.32435292,0.9600954723376597,1.0
GGA3,0.050011404,-0.030257506,0.960113301192499,1.0
AP003467.1,0.050011404,0.3858128,0.960113301192499,1.0
DDX25,0.050007675,0.31896007,0.9601162726702454,1.0
TCAP,0.050003946,0.35009804,0.9601192441485458,1.0
AC079922.2,0.050003946,0.32013345,0.9601192441485458,1.0
C3orf14,0.049996488,0.2051724,0.9601251871068086,1.0
AC089983.1,0.049951743,0.15462235,0.960160844902908,1.0
SLC30A8,0.049944285,0.16670354,0.9601667878766752,1.0
TMEM25,0.04992937,-0.11923791,0.96017867383085,1.0
SHBG,0.049847335,0.1900752,0.9602440467369642,1.0
PNMA1,0.049839877,0.27140996,0.9602499897416915,1.0
DHFR2,0.049839877,0.1325663,0.9602499897416915,1.0
AC016245.1,0.04983242,0.26366934,0.9602559327486277,1.0
CST7,0.049802586,0.17074676,0.9602797047984558,1.0
TDRD5,0.049780216,-0.4137817,0.9602975338590047,1.0
AC009148.1,0.049757842,0.12800168,0.9603153629394107,1.0
ACAP2-IT1,0.049742926,0.04967066,0.9603272490040419,1.0
LINC02558,0.049713094,-0.90381163,0.9603510211597578,1.0
NR1I3,0.049556483,0.09904679,0.9604758255551573,1.0
SFR1,0.049377497,0.06314858,0.9606184603357961,1.0
AL122035.2,0.04931038,-0.33168462,0.9606719487037758,1.0
PARP9,0.049153768,0.13603227,0.9607967555837623,1.0
PRKCD,0.049123935,0.10176162,0.9608205284318322,1.0
PLGLB2,0.04901207,0.107313044,0.9609096769221886,1.0
ZBTB16,0.048997156,-0.48196712,0.960921563424524,1.0
PPP2R1A,0.048959866,-0.08456194,0.9609512797183613,1.0
SPRYD3,0.04894495,0.051314265,0.9609631662510889,1.0
NUP37,0.048937492,-0.08890836,0.960969109520707,1.0
UBA6,0.048922576,-0.046402067,0.96098099606645,1.0
EPOP,0.048900206,0.067097254,0.9609988259013268,1.0
RBP4,0.048866645,0.12744257,0.9610255706902143,1.0
AL499604.1,0.048862915,-0.25004014,0.961028542336132,1.0
CDKL1,0.048862915,-0.016350282,0.961028542336132,1.0
FOXJ2,0.04884054,-0.13278423,0.961046372223007,1.0
TGFBR2,0.048795797,0.018691108,0.9610820320551972,1.0
NPFF,0.048594438,-0.84627604,0.9612425022625517,1.0
SLC7A6OS,0.048471387,-0.082667634,0.9613405681626621,1.0
MFSD10,0.048441555,-0.0238192,0.9613643418023471,1.0
NEPRO,0.048217826,-0.0105974125,0.9615426451935659,1.0
GPR143,0.048184264,1.0411599,0.9615693908683698,1.0
OSER1-DT,0.048012737,-0.04690515,0.9617060916588244,1.0
TUBE1,0.04799782,-0.08103136,0.9617179787373433,1.0
ZNF295-AS1,0.047982905,-0.8301672,0.9617298658243724,1.0
TAPBPL,0.047859855,-0.02649363,0.9618279346167296,1.0
RER1,0.047826294,-0.02364757,0.9618546807513079,1.0
AL390066.1,0.047822565,1.1640843,0.9618576525466892,1.0
AC005041.4,0.047714427,1.2501917,0.9619438348431061,1.0
AL450384.1,0.047710698,0.8887704,0.9619468066543677,1.0
C3orf80,0.047688328,2.6509113,0.9619646375330391,1.0
KIF25-AS1,0.047688328,2.9363105,0.9619646375330391,1.0
NPIPA3,0.047688328,2.8376553,0.9619646375330391,1.0
AC007849.1,0.047688328,3.5209613,0.9619646375330391,1.0
AP000842.1,0.047688328,2.948642,0.9619646375330391,1.0
AC103879.1,0.047688328,2.8453965,0.9619646375330391,1.0
BCHE,0.047688328,2.3072405,0.9619646375330391,1.0
MAT1A,0.047688328,2.8876357,0.9619646375330391,1.0
XIST,0.04768087,2.2102814,0.961970581163491,1.0
AL353614.1,0.04768087,2.0854816,0.961970581163491,1.0
FCGR1B,0.04768087,2.6681666,0.961970581163491,1.0
AC000372.1,0.04768087,2.576503,0.961970581163491,1.0
SIGLEC6,0.04768087,2.4393778,0.961970581163491,1.0
FAM245B,0.04768087,2.570263,0.961970581163491,1.0
XKRX,0.04768087,2.657809,0.961970581163491,1.0
AC027779.1,0.04768087,2.1542656,0.961970581163491,1.0
SCAT8,0.04768087,2.6843638,0.961970581163491,1.0
ANKRD2,0.04768087,2.8666859,0.961970581163491,1.0
AL844908.2,0.04768087,2.4649239,0.961970581163491,1.0
C16orf97,0.04768087,2.5870018,0.961970581163491,1.0
AL135818.3,0.04768087,2.4525034,0.961970581163491,1.0
AC009803.1,0.04767341,2.4507747,0.9619765247960563,1.0
AP001596.1,0.04767341,2.415339,0.9619765247960563,1.0
LINC00330,0.04767341,2.2086132,0.9619765247960563,1.0
AC108477.2,0.04767341,2.722933,0.9619765247960563,1.0
C6orf223,0.04767341,2.2330637,0.9619765247960563,1.0
TGM3,0.04767341,2.158918,0.9619765247960563,1.0
AC068234.3,0.04767341,2.5170398,0.9619765247960563,1.0
LINC02048,0.04767341,2.235119,0.9619765247960563,1.0
AC099063.4,0.04767341,2.302778,0.9619765247960563,1.0
AL161630.1,0.04767341,2.1851888,0.9619765247960563,1.0
KIF4B,0.04767341,2.0958836,0.9619765247960563,1.0
AC008121.3,0.047665954,1.6574026,0.9619824684307349,1.0
AL355672.1,0.047665954,1.8019235,0.9619824684307349,1.0
ANKRD34B,0.047665954,2.2347755,0.9619824684307349,1.0
AC009487.3,0.047665954,2.1242056,0.9619824684307349,1.0
AC090099.1,0.047665954,2.1633594,0.9619824684307349,1.0
AC083870.1,0.047665954,-0.0218197,0.9619824684307349,1.0
LINC00309,0.047665954,1.7895166,0.9619824684307349,1.0
AC016027.1,0.047665954,1.7148626,0.9619824684307349,1.0
AC087855.1,0.047665954,2.2508683,0.9619824684307349,1.0
AL591770.1,0.047665954,1.7201706,0.9619824684307349,1.0
TBC1D3B,0.047665954,1.8746197,0.9619824684307349,1.0
SLC6A2,0.047665954,1.819633,0.9619824684307349,1.0
FOXR1,0.047665954,1.3612642,0.9619824684307349,1.0
AC007787.1,0.047658496,1.182949,0.9619884120675263,1.0
AL354754.1,0.047658496,1.8275808,0.9619884120675263,1.0
AP001037.1,0.047658496,1.5329616,0.9619884120675263,1.0
AC090587.2,0.047658496,1.5456513,0.9619884120675263,1.0
AC100797.1,0.047658496,1.560353,0.9619884120675263,1.0
AC068756.1,0.047658496,0.66598684,0.9619884120675263,1.0
AC008067.1,0.047658496,0.78304887,0.9619884120675263,1.0
MS4A10,0.047658496,0.85583115,0.9619884120675263,1.0
AC012339.1,0.047658496,1.883696,0.9619884120675263,1.0
AC008736.2,0.047658496,1.9538484,0.9619884120675263,1.0
LINC02672,0.047658496,1.4016083,0.9619884120675263,1.0
LY6G6D,0.047651038,1.1167835,0.9619943557064301,1.0
AC019155.2,0.047651038,1.0041288,0.9619943557064301,1.0
TREX2,0.047651038,1.227253,0.9619943557064301,1.0
TMEM92,0.047651038,1.8518894,0.9619943557064301,1.0
AC008269.2,0.047651038,0.6997355,0.9619943557064301,1.0
LINC02118,0.047651038,1.2771913,0.9619943557064301,1.0
LINC01854,0.047651038,0.99115384,0.9619943557064301,1.0
AC100835.2,0.047651038,1.2287244,0.9619943557064301,1.0
AC087855.2,0.047651038,1.3583218,0.9619943557064301,1.0
FOLR1,0.047651038,1.1654437,0.9619943557064301,1.0
AL596188.1,0.047651038,1.1094806,0.9619943557064301,1.0
SELL,0.047651038,1.1024894,0.9619943557064301,1.0
AP000688.4,0.047651038,0.9842914,0.9619943557064301,1.0
LINC00659,0.047651038,0.9382383,0.9619943557064301,1.0
AL033519.4,0.047651038,1.1996843,0.9619943557064301,1.0
CHI3L1,0.047651038,1.0762863,0.9619943557064301,1.0
CD207,0.047651038,0.9012887,0.9619943557064301,1.0
DPEP3,0.047651038,-0.14347972,0.9619943557064301,1.0
AC092803.2,0.04764731,1.0622498,0.9619973275266741,1.0
ALLC,0.04764731,1.2571899,0.9619973275266741,1.0
AC053503.5,0.04764358,1.443696,0.9620002993474461,1.0
AC005594.1,0.04764358,-0.2872592,0.9620002993474461,1.0
CLVS2,0.04764358,1.3176267,0.9620002993474461,1.0
C1orf158,0.04764358,0.17537864,0.9620002993474461,1.0
OR1M1,0.04764358,0.44227773,0.9620002993474461,1.0
AC010737.1,0.04764358,0.58516014,0.9620002993474461,1.0
CU634019.1,0.04764358,0.8296446,0.9620002993474461,1.0
HID1-AS1,0.04764358,-0.13061377,0.9620002993474461,1.0
AC125793.1,0.04764358,0.98890525,0.9620002993474461,1.0
FIGLA,0.04764358,0.036876697,0.9620002993474461,1.0
ACSM5,0.04764358,-0.23209651,0.9620002993474461,1.0
AL355297.2,0.04764358,0.22144833,0.9620002993474461,1.0
AC087883.2,0.04764358,1.5808253,0.9620002993474461,1.0
AC006148.2,0.047632392,1.1473395,0.9620092148129299,1.0
AP001961.1,0.047610022,0.6734927,0.9620270457581478,1.0
AP005432.1,0.047610022,0.4326928,0.9620270457581478,1.0
BX088651.4,0.047602564,0.91979814,0.962032989410775,1.0
AC239799.1,0.047595106,0.8131999,0.9620389330655121,1.0
AL450442.1,0.04758019,0.9670126,0.9620508203813152,1.0
NUP210,0.04758019,0.9867323,0.9620508203813152,1.0
MCCD1,0.047572732,0.8238091,0.9620567640423805,1.0
DSC2,0.047565274,0.762444,0.9620627077055546,1.0
AL589765.4,0.047565274,0.72026324,0.9620627077055546,1.0
LRRC53,0.047557816,0.66742855,0.962068651370837,1.0
EFCAB12,0.047557816,0.5890954,0.962068651370837,1.0
SLC7A10,0.047550358,0.66995984,0.9620745950382273,1.0
ETV5,0.0475429,-0.06192772,0.9620805387077256,1.0
AC008751.3,0.04753544,0.57187533,0.9620864823793311,1.0
PCDHGB3,0.047531717,0.52553177,0.9620894542159241,1.0
AC005486.1,0.047527988,0.5753179,0.9620924260530437,1.0
CDCP2,0.047527988,0.49838576,0.9620924260530437,1.0
AC121154.1,0.04752053,0.47521284,0.9620983697288631,1.0
RNF212,0.047505613,0.43452004,0.9621102570868207,1.0
SLC9A3,0.047498155,0.336017,0.9621162007689583,1.0
AC027796.1,0.047472052,0.46872362,0.9621370036730179,1.0
FCRL2,0.047468323,0.24187043,0.9621399755185596,1.0
AC069120.1,0.047453407,0.4875984,0.9621518629059861,1.0
AC104051.1,0.047438495,-0.02872342,0.9621637503018263,1.0
AC006441.1,0.047431037,-0.37808484,0.9621696940029008,1.0
AC010325.2,0.047431037,-0.08675396,0.9621696940029008,1.0
AL359076.1,0.047431037,-0.009854126,0.9621696940029008,1.0
PRX,0.04741239,0.44652832,0.9621845532647844,1.0
AC016876.1,0.047408663,-0.028870933,0.9621875251187375,1.0
HBZ,0.047393747,-0.26741725,0.9621994125398032,1.0
PIK3IP1-AS1,0.047393747,0.0797968,0.9621994125398032,1.0
AD000090.1,0.047390018,0.31134775,0.9622023843963827,1.0
AL137077.2,0.04735646,0.3239214,0.9622291311292256,1.0
AC104996.1,0.047349002,-0.91359776,0.9622350748534088,1.0
AC087289.1,0.047341544,-1.028115,0.9622410185796908,1.0
LINC02231,0.047307983,0.055481154,0.9622677653739242,1.0
AL031728.1,0.047307983,0.06135305,0.9622677653739242,1.0
GOLGA8R,0.047304254,0.31068078,0.962270737242572,1.0
AC116366.2,0.047266968,0.27459225,0.962300455957874,1.0
FAT3,0.047211032,0.27597824,0.9623450341290263,1.0
CHKB-DT,0.04718866,0.32571876,0.9623628654304552,1.0
GON4L,0.047136456,-0.016405731,0.9624044718736513,1.0
LINC01250,0.047110353,0.07553772,0.9624252751336495,1.0
MTRNR2L1,0.047106624,-0.4173953,0.9624282470300235,1.0
AL135934.1,0.04709171,-0.40518013,0.9624401346207395,1.0
DUSP18,0.04695747,0.16161844,0.9625471233126063,1.0
AC103853.2,0.046942554,-0.0058744564,0.9625590109867012,1.0
AC022126.1,0.046938825,-0.0702476,0.9625619829065255,1.0
SPRYD4,0.046752386,-0.1274383,0.9627105795601004,1.0
CCDC9,0.046677805,-0.110603325,0.9627700185844944,1.0
MYOSLID,0.046625603,0.059112813,0.9628116260247033,1.0
AL359504.2,0.046618145,-0.20012721,0.962817569953003,1.0
AC110769.2,0.046588313,0.15335348,0.9628413456868639,1.0
DEGS1,0.046524923,-0.046872158,0.962891869231004,1.0
CPSF4L,0.046510007,-0.27033895,0.9629037571454052,1.0
PDZD7,0.04649509,-0.18648385,0.9629156450680533,1.0
AC008937.3,0.046323564,-0.52313286,0.9630523567703947,1.0
LASP1,0.046293736,-0.07182232,0.9630761328296279,1.0
SPDYE9P,0.046125937,-0.14222848,0.9632098737740034,1.0
NR1D2,0.046084918,-0.10793196,0.9632425661624383,1.0
CACTIN,0.046006612,-0.07003218,0.9633049790755538,1.0
STK16,0.045995425,-0.19564293,0.9633138952243627,1.0
MIR4300HG,0.045961868,-0.094602525,0.9633406436983111,1.0
AC006116.11,0.045924578,0.3138569,0.9633703642733087,1.0
ITFG1-AS1,0.045883562,0.058221757,0.9634030569645887,1.0
PRXL2B,0.045782883,-0.042572275,0.9634833029221146,1.0
LRRC37A,0.04575305,-0.076752,0.9635070795731929,1.0
TFCP2L1,0.045633726,-0.03216535,0.9636021865018115,1.0
FO393419.2,0.045581523,0.07704683,0.9636437959460092,1.0
ZNF582,0.045473386,-0.040265094,0.9637299872524,1.0
FOSL2,0.04543237,-0.06834551,0.9637626806174747,1.0
AC025048.2,0.04533915,-0.075848185,0.9638369839464103,1.0
LINC00294,0.04529813,0.1953478,0.9638696775106708,1.0
ANO3,0.04523101,0.5080266,0.9639231762013735,1.0
MAPK6-DT,0.045208637,1.1282057,0.9639410091343786,1.0
RRP8,0.045145247,-0.061695147,0.9639915358758162,1.0
GPR22,0.045126602,-0.13544227,0.9640063967096488,1.0
TCF24,0.045111686,1.772839,0.9640182853857174,1.0
ZFR2,0.045081858,0.9640261,0.9640420627618503,1.0
KDM5C,0.0450744,0.011335256,0.9640480071108808,1.0
AC010735.2,0.04506694,0.8318547,0.9640539514619093,1.0
AC116634.1,0.045052025,1.0201967,0.9640658401699599,1.0
LRRC72,0.045052025,0.73801357,0.9640658401699599,1.0
AC008080.3,0.04503711,2.9480898,0.9640777288859992,1.0
ITGAX,0.04503711,2.5078225,0.9640777288859992,1.0
SKOR1,0.04503711,2.7140782,0.9640777288859992,1.0
AC005863.1,0.04503711,2.565698,0.9640777288859992,1.0
C2-AS1,0.04503711,2.9266107,0.9640777288859992,1.0
AL731533.3,0.04502965,2.579858,0.9640836732470138,1.0
AC006946.3,0.04502965,2.37631,0.9640836732470138,1.0
AC012464.3,0.04502965,1.9010708,0.9640836732470138,1.0
AC021755.3,0.04502965,2.8904173,0.9640836732470138,1.0
AC093798.1,0.04502965,2.4921548,0.9640836732470138,1.0
TACSTD2,0.04502965,2.8254168,0.9640836732470138,1.0
CLDN1,0.04502965,2.4915104,0.9640836732470138,1.0
OR5K1,0.04502965,2.4486737,0.9640836732470138,1.0
LINC01173,0.04502965,2.5455625,0.9640836732470138,1.0
LINC01850,0.04502965,2.71653,0.9640836732470138,1.0
FAM240B,0.04502965,2.485756,0.9640836732470138,1.0
RFPL3,0.04502965,2.2228918,0.9640836732470138,1.0
LINC01349,0.04502965,2.3966436,0.9640836732470138,1.0
AC117481.1,0.04502965,2.1123052,0.9640836732470138,1.0
AC012615.3,0.04502965,2.5466638,0.9640836732470138,1.0
LINC02605,0.04502965,2.1700487,0.9640836732470138,1.0
AC026620.2,0.045022197,2.4207616,0.9640896176100248,1.0
BPIFA2,0.045022197,2.3295853,0.9640896176100248,1.0
HPS1,0.045022197,1.7709258,0.9640896176100248,1.0
LINC01907,0.045022197,2.2768059,0.9640896176100248,1.0
UBE2E1-AS1,0.045022197,2.0586076,0.9640896176100248,1.0
ANKRD20A3,0.045022197,2.4954917,0.9640896176100248,1.0
LINC01360,0.045022197,2.2144594,0.9640896176100248,1.0
AL139231.1,0.045022197,2.365125,0.9640896176100248,1.0
AL121578.3,0.045022197,2.0355392,0.9640896176100248,1.0
AP002856.4,0.045022197,2.16696,0.9640896176100248,1.0
LINC01238.1,0.045022197,1.6362801,0.9640896176100248,1.0
AL035420.2,0.045022197,2.712956,0.9640896176100248,1.0
PLIN1,0.045022197,2.0779097,0.9640896176100248,1.0
AL844908.1,0.045022197,2.3651626,0.9640896176100248,1.0
PLXNB3,0.045022197,1.905115,0.9640896176100248,1.0
AC009276.1,0.045022197,2.6465833,0.9640896176100248,1.0
LINC02668,0.045022197,2.18011,0.9640896176100248,1.0
AC090618.1,0.045022197,1.9516584,0.9640896176100248,1.0
AL929472.3,0.04501474,2.1226544,0.9640955619750315,1.0
AC022405.1,0.04501474,1.7722058,0.9640955619750315,1.0
AC131956.2,0.04501474,1.9990934,0.9640955619750315,1.0
SIRPB2,0.04501474,1.9737889,0.9640955619750315,1.0
AC002091.1,0.04501474,1.869021,0.9640955619750315,1.0
FGD2,0.04501474,1.9370568,0.9640955619750315,1.0
DUPD1,0.04501474,1.9046835,0.9640955619750315,1.0
AC004233.2,0.04501474,1.9119265,0.9640955619750315,1.0
ERICD,0.04501474,1.8444761,0.9640955619750315,1.0
LAMP5-AS1,0.04501474,1.9888636,0.9640955619750315,1.0
AL096803.4,0.04500728,1.5463519,0.9641015063420338,1.0
RHPN1-AS1,0.04500728,1.6502689,0.9641015063420338,1.0
AL356277.3,0.04500728,0.97889507,0.9641015063420338,1.0
RCC2-AS1,0.04500728,0.522017,0.9641015063420338,1.0
AC023787.2,0.04500728,1.5659494,0.9641015063420338,1.0
LINC02402,0.04500728,1.8376814,0.9641015063420338,1.0
GGT6,0.04500728,1.2660805,0.9641015063420338,1.0
ERAS,0.04500728,1.8155802,0.9641015063420338,1.0
AC073115.2,0.04500728,1.8048855,0.9641015063420338,1.0
AC010997.4,0.04500728,1.4580395,0.9641015063420338,1.0
PLA2G1B,0.04500728,1.7091328,0.9641015063420338,1.0
IFT74-AS1,0.04500728,2.0279243,0.9641015063420338,1.0
PLAG1,0.045003552,0.056413025,0.9641044785262833,1.0
LINC02015,0.044999823,1.0165561,0.9641074507110314,1.0
AC012560.1,0.044999823,1.4805508,0.9641074507110314,1.0
AC114928.1,0.044999823,0.9761399,0.9641074507110314,1.0
FAM167A,0.044999823,1.5481791,0.9641074507110314,1.0
AP003327.2,0.044999823,1.4706774,0.9641074507110314,1.0
AL133320.2,0.044999823,1.2237774,0.9641074507110314,1.0
AC109630.1,0.044999823,1.4559194,0.9641074507110314,1.0
AC018731.1,0.044999823,0.98257923,0.9641074507110314,1.0
AC012513.1,0.044999823,0.47616205,0.9641074507110314,1.0
LINC02387,0.044992365,0.16403207,0.964113395082024,1.0
AC099565.1,0.044992365,-0.31990638,0.964113395082024,1.0
AC010999.1,0.044992365,-0.20820284,0.964113395082024,1.0
LINC01016,0.044992365,0.7310659,0.964113395082024,1.0
AL133372.3,0.044992365,0.96301204,0.964113395082024,1.0
AC022424.2,0.044992365,1.144454,0.964113395082024,1.0
AJ006995.1,0.044992365,1.0520087,0.964113395082024,1.0
AC034102.7,0.044992365,0.55737746,0.964113395082024,1.0
AL031293.1,0.044992365,0.5339331,0.964113395082024,1.0
KCTD11,0.044992365,-0.5057234,0.964113395082024,1.0
AF287957.1,0.044992365,0.8187523,0.964113395082024,1.0
AC008534.1,0.044992365,-0.28184244,0.964113395082024,1.0
AC007064.2,0.044992365,1.420223,0.964113395082024,1.0
FAM230J,0.044992365,0.68821675,0.964113395082024,1.0
TUSC7,0.044992365,1.1732833,0.964113395082024,1.0
AC097639.1,0.044992365,0.98619235,0.964113395082024,1.0
AC093714.2,0.044984907,0.42285663,0.964119339455011,1.0
DEFB124,0.044984907,0.06282856,0.964119339455011,1.0
AC092849.3,0.044984907,0.57728934,0.964119339455011,1.0
UGT2B4,0.044984907,0.30953446,0.964119339455011,1.0
AC113167.1,0.044984907,-0.0141685,0.964119339455011,1.0
OR1D2,0.044984907,0.24479726,0.964119339455011,1.0
AC009123.1,0.044984907,-0.80105644,0.964119339455011,1.0
GCSIR,0.044984907,0.43459845,0.964119339455011,1.0
AC010336.5,0.044984907,0.047296956,0.964119339455011,1.0
AC114291.2,0.044984907,-0.5222341,0.964119339455011,1.0
BCL2L10,0.044984907,-0.83191025,0.964119339455011,1.0
SLC2A7,0.044984907,-0.076373234,0.964119339455011,1.0
AL391832.2,0.044984907,0.9171391,0.964119339455011,1.0
IL33,0.044984907,1.1165296,0.964119339455011,1.0
SMIM25,0.044984907,-0.15954182,0.964119339455011,1.0
AC090236.1,0.044984907,0.2335658,0.964119339455011,1.0
TTTY9B,0.044984907,0.69365436,0.964119339455011,1.0
LCP2,0.044984907,0.5032804,0.964119339455011,1.0
Z97652.1,0.044984907,-0.73673284,0.964119339455011,1.0
CTSF,0.044955075,0.17252731,0.9641431169668984,1.0
PURG,0.044955075,0.6987025,0.9641431169668984,1.0
GRIA2,0.04494016,0.7423063,0.964155005734801,1.0
C1orf167,0.04494016,0.762482,0.964155005734801,1.0
AL050343.3,0.04494016,0.93164676,0.964155005734801,1.0
TCL6,0.044932704,0.7446423,0.9641609501217409,1.0
AC027031.2,0.0449066,-0.00020417932,0.9641817554917146,1.0
AC132938.2,0.044902872,0.70205104,0.9641847276894162,1.0
LINC01880,0.044887956,0.4885558,0.9641966164851989,1.0
AC022784.2,0.04487304,0.41204885,0.9642085052889415,1.0
RIMBP2,0.04487304,0.6089447,0.9642085052889415,1.0
AC016252.1,0.044865582,0.5024133,0.9642144496937969,1.0
AC019131.3,0.04485067,0.30458322,0.9642263385094743,1.0
LINC01170,0.04484321,0.44296718,0.9642322829202955,1.0
CENPBD1,0.04484321,0.4005429,0.9642322829202955,1.0
EIF4EBP3,0.044835754,0.49362567,0.9642382273331048,1.0
AC140121.1,0.044835754,0.4787345,0.9642382273331048,1.0
CEBPD,0.044828296,0.12411196,0.9642441717479018,1.0
CFAP58,0.04481338,0.31729814,0.9642560605834571,1.0
ADPGK-AS1,0.04480592,0.38353324,0.964262005004215,1.0
GPRASP2,0.044798464,0.39619762,0.9642679494269593,1.0
AC004895.1,0.044798464,0.07556774,0.9642679494269593,1.0
IDO2,0.044798464,-0.17060806,0.9642679494269593,1.0
TPRX1,0.04477609,-0.17416257,0.9642857827071065,1.0
AC127520.1,0.04476863,-0.13041715,0.9642917271377927,1.0
PIK3R5,0.04475372,-0.84869564,0.9643036160051188,1.0
AP003774.2,0.04475372,-0.02860765,0.9643036160051188,1.0
AC009053.2,0.04471643,-0.6703664,0.9643333382081486,1.0
AC106799.2,0.04467914,0.21398015,0.9643630604607375,1.0
AC087289.5,0.04465677,0.19253933,0.9643808938360621,1.0
AC079200.1,0.044641852,0.25131196,0.9643927827628443,1.0
CXorf40A,0.044597104,0.15758489,0.9644284495906781,1.0
CLDN14,0.04458219,-0.048819076,0.9644403385491096,1.0
ASTN1,0.044500157,0.28540668,0.9645057279617265,1.0
ZBTB39,0.044481512,0.024601895,0.9645205892251735,1.0
AC004593.2,0.04445541,0.033780336,0.9645413950147038,1.0
TMED1,0.04444795,0.16881762,0.9645473395304331,1.0
NFKBIE,0.04444795,-0.49856028,0.9645473395304331,1.0
AL096701.4,0.04439575,-0.7181055,0.9645889511956935,1.0
HRC,0.044380832,-0.28274128,0.9646008402606294,1.0
AC093916.1,0.044365916,-1.0499747,0.9646127293334353,1.0
PPP1R37,0.0443249,-0.28735912,0.9646454243242101,1.0
AC006116.4,0.044321172,-0.005715355,0.9646483965990471,1.0
AL023574.1,0.044201847,0.11477421,0.9647435096529702,1.0
DAB2,0.044201847,-0.32172325,0.9647435096529702,1.0
COL6A3,0.044157103,0.14191146,0.9647791771775974,1.0
AC010761.1,0.04413473,0.09057759,0.9647970109663434,1.0
NLGN2,0.04412354,-0.15748939,0.9648059278673206,1.0
PEA15,0.04412354,-0.06901564,0.9648059278673206,1.0
AC124283.3,0.044104896,-0.42940772,0.9648207893787293,1.0
AC104984.2,0.04408998,0.09325752,0.9648326785966553,1.0
MYBBP1A,0.04406388,-0.03693393,0.964853484746838,1.0
AC007279.2,0.044052694,-0.15543117,0.9648624016756713,1.0
GPR61,0.044048965,-0.12317354,0.9648653739862589,1.0
AL157944.1,0.044004217,0.17293745,0.964901041751379,1.0
HRH1,0.04392591,-0.91686755,0.9649634605092893,1.0
APEX2,0.043910995,-0.1375853,0.9649753498208643,1.0
RIT1,0.04383642,-0.14015804,0.9650347964954905,1.0
PNPLA7,0.043817773,-0.2793514,0.965049658194526,1.0
CR381653.1,0.04361269,-0.49743268,0.965213137684107,1.0
ZKSCAN2,0.04360523,-0.21138151,0.9652190824204133,1.0
CIAO3,0.043523196,-0.17144075,0.965284474647302,1.0
NKAIN3,0.042963866,0.5274623,0.9657303369398825,1.0
DPP7,0.04294895,-0.046592955,0.9657422267483073,1.0
LINC00899,0.04278488,-0.111803286,0.9658730151430976,1.0
ATP11B,0.04276997,0.0007364045,0.9658849050427478,1.0
KIAA1522,0.0426581,-0.53049564,0.9659740795317122,1.0
AP006621.3,0.042594712,-0.012093503,0.9660246119310891,1.0
AC023632.5,0.04256861,-0.21279371,0.9660454194293258,1.0
ADCK5,0.042557422,0.11484801,0.9660543369356482,1.0
NEURL1-AS1,0.042449284,1.3444724,0.9661405397154729,1.0
PNMA8B,0.042438097,0.86394453,0.966149457267022,1.0
AL360268.1,0.04240827,0.8488001,0.9661732374251802,1.0
INSYN1-AS1,0.042385895,2.140878,0.9661910725635425,1.0
USP41,0.042385895,2.4878345,0.9661910725635425,1.0
CALB2,0.042385895,2.5804315,0.9661910725635425,1.0
AC087588.3,0.042385895,2.765927,0.9661910725635425,1.0
AC007922.4,0.042385895,2.408776,0.9661910725635425,1.0
AC068993.2,0.042385895,3.249795,0.9661910725635425,1.0
OR1N2,0.042385895,2.438028,0.9661910725635425,1.0
AC092435.2,0.042385895,2.889051,0.9661910725635425,1.0
AC074008.2,0.042385895,2.2457802,0.9661910725635425,1.0
AC129510.1,0.042385895,2.8856456,0.9661910725635425,1.0
AC009237.15,0.042385895,2.5090039,0.9661910725635425,1.0
FFAR2,0.042385895,2.493302,0.9661910725635425,1.0
AL355592.1,0.042378437,2.5801582,0.9661970176134221,1.0
UBE2QL1,0.042378437,2.4415355,0.9661970176134221,1.0
AL355385.1,0.042378437,2.1178906,0.9661970176134221,1.0
AL391361.2,0.042378437,2.1935334,0.9661970176134221,1.0
TRAJ43,0.042378437,2.5377614,0.9661970176134221,1.0
CCDC179,0.042378437,2.0583887,0.9661970176134221,1.0
STK4-AS1,0.042378437,2.3376207,0.9661970176134221,1.0
PLEKHS1,0.042378437,2.1941602,0.9661970176134221,1.0
AC092807.2,0.042378437,2.4460034,0.9661970176134221,1.0
AL136322.1,0.042378437,2.667833,0.9661970176134221,1.0
OCM,0.042378437,2.1925704,0.9661970176134221,1.0
OR2T12,0.042378437,2.3711674,0.9661970176134221,1.0
TRAJ29,0.04237098,2.2779536,0.9662029626651808,1.0
AC103563.9,0.04237098,2.2382936,0.9662029626651808,1.0
ZNF25-DT,0.04237098,2.011902,0.9662029626651808,1.0
KCNQ1-AS1,0.04237098,1.7709998,0.9662029626651808,1.0
AL022170.1,0.04237098,1.9676676,0.9662029626651808,1.0
AL353597.1,0.04237098,2.1475909,0.9662029626651808,1.0
OXCT1-AS1,0.04236352,1.2898704,0.966208907718818,1.0
AC007450.1,0.04236352,1.9570233,0.966208907718818,1.0
LINC01858,0.04236352,1.8768522,0.966208907718818,1.0
AC244034.2,0.04236352,1.6952004,0.966208907718818,1.0
AC022166.1,0.04236352,1.7930635,0.966208907718818,1.0
AC005100.2,0.042356063,1.792199,0.9662148527743333,1.0
ACCSL,0.042356063,1.8711054,0.9662148527743333,1.0
AC104002.3,0.042356063,1.483289,0.9662148527743333,1.0
AC026367.3,0.042356063,1.6258534,0.9662148527743333,1.0
BPI,0.042356063,1.4321461,0.9662148527743333,1.0
AL355881.1,0.042356063,1.6675117,0.9662148527743333,1.0
PATE4,0.042356063,1.7395576,0.9662148527743333,1.0
PIH1D3,0.042356063,1.8770584,0.9662148527743333,1.0
SH3RF3-AS1,0.042356063,1.4827642,0.9662148527743333,1.0
PACRG-AS3,0.042356063,0.96489376,0.9662148527743333,1.0
AL139398.1,0.042348605,1.5083367,0.9662207978317267,1.0
AC015813.3,0.042348605,0.8936529,0.9662207978317267,1.0
LINC02593,0.042348605,1.0069886,0.9662207978317267,1.0
AC138305.2,0.042348605,1.2132416,0.9662207978317267,1.0
AC098479.1,0.042348605,1.4365065,0.9662207978317267,1.0
SLC17A3,0.042348605,1.2007593,0.9662207978317267,1.0
PCDHA2,0.042348605,1.2973909,0.9662207978317267,1.0
AL357556.4,0.042348605,1.6001037,0.9662207978317267,1.0
AL033527.2,0.042348605,0.85485715,0.9662207978317267,1.0
AC008667.3,0.042348605,1.3460953,0.9662207978317267,1.0
MIR3663HG,0.042348605,1.1789961,0.9662207978317267,1.0
ZNF792,0.042348605,1.4103825,0.9662207978317267,1.0
AC008121.2,0.042348605,0.44586873,0.9662207978317267,1.0
AL023806.2,0.042348605,1.58145,0.9662207978317267,1.0
AL008719.1,0.04234115,1.1723993,0.9662267428909976,1.0
SLC18A1,0.04234115,1.409949,0.9662267428909976,1.0
LINC01942,0.04234115,1.0828316,0.9662267428909976,1.0
AL031432.3,0.04234115,-0.20078093,0.9662267428909976,1.0
AC093519.2,0.04234115,1.4723203,0.9662267428909976,1.0
ZNF676,0.04234115,1.3925126,0.9662267428909976,1.0
AL513185.1,0.04234115,1.0625548,0.9662267428909976,1.0
HCG14,0.04234115,1.0229356,0.9662267428909976,1.0
AC005841.1,0.04234115,1.0674344,0.9662267428909976,1.0
AC025038.1,0.04234115,0.28487507,0.9662267428909976,1.0
AC019193.4,0.04234115,0.3982404,0.9662267428909976,1.0
PNMA8C,0.04234115,0.7805785,0.9662267428909976,1.0
AC099811.5,0.04233742,0.9851315,0.9662297154213371,1.0
AL109659.1,0.042333692,-0.33116215,0.9662326879521458,1.0
AL357054.4,0.042333692,0.6214368,0.9662326879521458,1.0
AC005482.1,0.042333692,-0.56575966,0.9662326879521458,1.0
AC006441.3,0.042333692,1.2033856,0.9662326879521458,1.0
GPRACR,0.042333692,-0.3762139,0.9662326879521458,1.0
Z86062.2,0.042333692,0.5794006,0.9662326879521458,1.0
AC010105.1,0.042333692,0.97263587,0.9662326879521458,1.0
AC022148.2,0.042333692,-0.5634684,0.9662326879521458,1.0
PTH,0.042333692,1.2818551,0.9662326879521458,1.0
LINC01481,0.042333692,0.94376904,0.9662326879521458,1.0
MYB-AS1,0.042333692,-0.31909004,0.9662326879521458,1.0
GPX7,0.042333692,1.1385701,0.9662326879521458,1.0
LINC01497,0.042333692,0.5526208,0.9662326879521458,1.0
AC093675.2,0.042333692,-0.46747553,0.9662326879521458,1.0
BST2,0.042326234,-0.124224484,0.9662386330151709,1.0
AL161793.1,0.042326234,0.9574183,0.9662386330151709,1.0
AC121764.1,0.042326234,0.12194415,0.9662386330151709,1.0
AC005006.1,0.042326234,0.6023878,0.9662386330151709,1.0
AP003469.2,0.042326234,-0.995746,0.9662386330151709,1.0
LAMB3,0.042326234,-0.3286636,0.9662386330151709,1.0
AL109811.2,0.042326234,-0.01635338,0.9662386330151709,1.0
AL357172.1,0.042326234,-0.55220735,0.9662386330151709,1.0
ADIRF-AS1,0.042326234,-0.6713129,0.9662386330151709,1.0
CATSPER1,0.042326234,-0.4386211,0.9662386330151709,1.0
SPINK2,0.042326234,-0.838201,0.9662386330151709,1.0
AC114954.1,0.042326234,-0.48485485,0.9662386330151709,1.0
NAV2-AS3,0.042315047,1.1775267,0.9662475506132271,1.0
RAET1E,0.042315047,0.78042185,0.9662475506132271,1.0
P2RX3,0.04230759,1.1119913,0.9662534956809431,1.0
AL590068.4,0.04230759,0.84933,0.9662534956809431,1.0
AC093157.2,0.042277757,0.66377926,0.9662772759705615,1.0
LINC01169,0.042274028,0.556645,0.966280248508873,1.0
SLC25A35,0.042259112,0.5196116,0.9662921386668043,1.0
ZNF582-AS1,0.042255387,0.5217083,0.9662951112074583,1.0
AC005828.2,0.04224793,0.57875276,0.9663010562901712,1.0
AC109492.1,0.04224793,0.61119336,0.9663010562901712,1.0
GAB3,0.04224047,0.6403589,0.9663070013747572,1.0
AC024610.2,0.042233013,0.48946947,0.9663129464612161,1.0
LINC02371,0.042221826,0.5793513,0.9663218640944152,1.0
ABLIM2,0.042218097,0.36897954,0.966324836639751,1.0
CYP4F22,0.04221064,0.5239031,0.9663307817318263,1.0
AC009464.1,0.042195722,0.43620405,0.9663426719215911,1.0
AC073508.3,0.042188264,0.19782503,0.9663486170192799,1.0
AGBL1-AS1,0.042180806,0.24372555,0.9663545621188392,1.0
NFE4,0.042180806,0.08149421,0.9663545621188392,1.0
C4BPA,0.042165894,0.2699332,0.9663664523235679,1.0
ZCCHC18,0.042158436,-0.0010984398,0.9663723974287366,1.0
TTLL6,0.042154707,0.39543822,0.966375369982022,1.0
LRRTM4,0.04214352,0.42839232,0.9663842876446813,1.0
AP001619.1,0.042128604,-0.010080187,0.9663961778681002,1.0
TMSB4Y,0.042128604,0.032212213,0.9663961778681002,1.0
LINC00514,0.042121146,-0.21712065,0.9664021229826115,1.0
FMR1-IT1,0.042121146,0.45745933,0.9664021229826115,1.0
NLRP12,0.042113688,0.39179078,0.9664080680989904,1.0
AL358790.1,0.04210996,0.31558624,0.96641104065788,1.0
NODAL,0.042095043,-0.11110818,0.9664229308981057,1.0
VWA7,0.042095043,0.25124016,0.9664229308981057,1.0
TRPM8,0.042091314,-0.11321832,0.9664259034593288,1.0
AC005082.1,0.042083856,-0.36063942,0.9664318485831744,1.0
AL645608.1,0.042068943,-0.8421062,0.9664437388364631,1.0
AC087645.2,0.042061485,-0.7782538,0.9664496839659054,1.0
AL450338.2,0.04204284,0.28697088,0.9664645467976691,1.0
TSPAN1,0.042035382,0.16922134,0.9664704919336371,1.0
AC087521.3,0.042035382,0.3669455,0.9664704919336371,1.0
AC008403.3,0.04200182,0.26088274,0.9664972450685516,1.0
AC104521.1,0.04198691,0.16710211,0.9665091353628422,1.0
FES,0.041964535,0.24190134,0.9665269708182391,1.0
AL590666.5,0.041927245,0.17224409,0.9665566966144414,1.0
SEZ6L,0.041901145,-0.12545298,0.9665775046994373,1.0
NFAM1,0.04188623,0.0059725004,0.9665893950439394,1.0
TMX1,0.041871313,-0.24483871,0.9666012853958699,1.0
ZBTB3,0.041867584,-0.04233062,0.9666042579850129,1.0
MDK,0.04184148,0.24701379,0.9666250661220059,1.0
ITIH5,0.041811652,-0.5570097,0.9666488468778244,1.0
AC007540.1,0.04167741,-0.2705145,0.9667558606457596,1.0
AC018557.2,0.041669954,-0.8384968,0.9667618058726619,1.0
KCNJ2,0.04165131,-0.077030376,0.9667766689480003,1.0
PLD6,0.041647583,-0.14547728,0.9667796415644532,1.0
RPH3A,0.041573003,0.061456084,0.9668390939904004,1.0
AC009704.2,0.04156182,-0.28678727,0.9668480118701985,1.0
TYMP,0.041509613,0.09873968,0.9668896286973949,1.0
RAB24,0.041494697,0.053995218,0.96690151923602,1.0
ANGPTL7,0.04142758,-0.1735834,0.966955026750865,1.0
HEATR4,0.041408934,-0.060325414,0.9669698899758477,1.0
MAB21L2,0.0413269,0.07057581,0.967035288302025,1.0
PRKCQ,0.041278426,-0.08251684,0.9670739328717377,1.0
RGS9BP,0.04126724,0.08782275,0.9670828508603483,1.0
LINC02422,0.04126724,-0.0057205865,0.9670828508603483,1.0
ACAT1,0.04126351,-0.07945774,0.9670858235241335,1.0
SIX5,0.041129272,-0.3260172,0.9671928397246999,1.0
BRD4,0.041054692,-0.02180692,0.9672522934248893,1.0
AC009019.1,0.041009948,-0.23006184,0.9672879657323994,1.0
AL592295.5,0.040987574,-0.1390679,0.9673058019107066,1.0
AC020916.1,0.040748928,0.4677739,0.9674960554952445,1.0
SETD9,0.040726554,0.10230138,0.9675138918638188,1.0
SH2D3A,0.04067435,-0.056012098,0.967555510120346,1.0
CD5,0.040651977,-0.027667267,0.9675733465430594,1.0
AJ009632.2,0.04057367,-0.11564996,0.9676357741502497,1.0
EEF1AKMT4,0.040510282,-0.14393033,0.967686310929931,1.0
COX6B1,0.040144853,-0.096573435,0.9679776431251842,1.0
AP1S2,0.040074006,-0.045909613,0.9680341263935711,1.0
DGKG,0.039936036,-0.08996997,0.9681441205867085,1.0
UBE2Q1,0.03992485,0.07946599,0.9681530390613907,1.0
AFDN-DT,0.03989875,-0.08205891,0.9681738488511377,1.0
EIF2S3B,0.0398018,0.8361625,0.9682511425455412,1.0
TOX,0.039749593,1.3806777,0.9682927623507294,1.0
AC016876.3,0.03973468,2.5923715,0.9683046537395081,1.0
AC005786.2,0.03973468,2.1045864,0.9683046537395081,1.0
AC007014.2,0.03973468,2.6706266,0.9683046537395081,1.0
NLRP10,0.03973468,2.249983,0.9683046537395081,1.0
SERPINB9,0.03973468,2.3900476,0.9683046537395081,1.0
AC116351.1,0.03973468,2.7666512,0.9683046537395081,1.0
AL031651.1,0.03973468,2.0287738,0.9683046537395081,1.0
R3HDML,0.03973468,2.4341917,0.9683046537395081,1.0
LINC00412,0.03973468,2.4356089,0.9683046537395081,1.0
AC013356.2,0.03973468,2.3489408,0.9683046537395081,1.0
AC011479.3,0.03973468,2.6898608,0.9683046537395081,1.0
ALOX15B,0.039727222,2.2251883,0.9683105994365405,1.0
AC138819.1,0.039727222,2.1216824,0.9683105994365405,1.0
NPIPB7,0.039727222,1.9840084,0.9683105994365405,1.0
AL353608.3,0.039727222,1.83332,0.9683105994365405,1.0
NRAP,0.039727222,1.8288985,0.9683105994365405,1.0
AC107952.2,0.039727222,2.2923815,0.9683105994365405,1.0
GBP7,0.039727222,2.1272936,0.9683105994365405,1.0
BFSP2-AS1,0.039727222,2.1745028,0.9683105994365405,1.0
LINC02612,0.039727222,2.2280617,0.9683105994365405,1.0
AC025809.1,0.039727222,2.2891934,0.9683105994365405,1.0
TGFB1,0.039723493,0.008006366,0.9683135722857173,1.0
AC093791.2,0.039719764,2.04478,0.9683165451353345,1.0
AL356215.1,0.039719764,1.6022415,0.9683165451353345,1.0
FILNC1,0.039719764,1.1934997,0.9683165451353345,1.0
ZIM2,0.039719764,2.0276167,0.9683165451353345,1.0
AC104561.4,0.039719764,1.9894867,0.9683165451353345,1.0
Z98749.1,0.039719764,1.9254256,0.9683165451353345,1.0
AC025947.1,0.039719764,1.9020643,0.9683165451353345,1.0
CCDC39-AS1,0.039719764,1.9151889,0.9683165451353345,1.0
OR2D2,0.039712306,1.9037429,0.9683224908358896,1.0
LINC02197,0.039712306,1.7058015,0.9683224908358896,1.0
LINC00392,0.039712306,1.5652044,0.9683224908358896,1.0
AC009268.2,0.039712306,1.756919,0.9683224908358896,1.0
AC012613.2,0.039712306,1.6744063,0.9683224908358896,1.0
YBX2,0.039712306,1.8345282,0.9683224908358896,1.0
LINC02696,0.039712306,1.901114,0.9683224908358896,1.0
SCT,0.039704848,1.5188872,0.9683284365382057,1.0
SERPINB8,0.039704848,1.5437111,0.9683284365382057,1.0
LINC01449,0.039704848,1.6941197,0.9683284365382057,1.0
LINC02477,0.039704848,1.4444916,0.9683284365382057,1.0
ARAP3,0.039704848,1.4971708,0.9683284365382057,1.0
GPRC5D,0.039704848,1.3810791,0.9683284365382057,1.0
ADIPOQ,0.039704848,1.6978136,0.9683284365382057,1.0
AL359852.2,0.039704848,1.537975,0.9683284365382057,1.0
LINC02813,0.039704848,1.4326816,0.9683284365382057,1.0
AC093334.1,0.039704848,1.2824633,0.9683284365382057,1.0
ARHGDIG,0.039704848,1.8404053,0.9683284365382057,1.0
STOML3,0.039704848,1.4327103,0.9683284365382057,1.0
AC135803.1,0.03969739,1.364158,0.9683343822422823,1.0
PIRT,0.03969739,1.2572789,0.9683343822422823,1.0
AC131157.1,0.03969739,0.18445219,0.9683343822422823,1.0
LYZL1,0.03969739,0.755253,0.9683343822422823,1.0
AC025521.1,0.03969739,1.3004435,0.9683343822422823,1.0
AL691520.1,0.03969739,1.3912429,0.9683343822422823,1.0
LINC02726,0.03969739,1.361158,0.9683343822422823,1.0
AC009509.4,0.03969739,1.5543689,0.9683343822422823,1.0
AC103993.1,0.03969739,1.4666139,0.9683343822422823,1.0
AC074389.1,0.03969739,1.1332433,0.9683343822422823,1.0
AC100810.3,0.039689932,1.1300153,0.9683403279481192,1.0
AC074132.1,0.039689932,0.879467,0.9683403279481192,1.0
AP003472.2,0.039689932,0.9435247,0.9683403279481192,1.0
AC093639.2,0.039689932,0.73728687,0.9683403279481192,1.0
AL133485.2,0.039689932,0.8983309,0.9683403279481192,1.0
MYMX,0.039689932,1.2108154,0.9683403279481192,1.0
TRAJ28,0.039689932,0.7259604,0.9683403279481192,1.0
AC093797.1,0.039689932,1.2343006,0.9683403279481192,1.0
KCNH1-IT1,0.039689932,0.9601379,0.9683403279481192,1.0
CYSRT1,0.039682474,0.91319185,0.9683462736557159,1.0
LINC02636,0.039682474,0.5221397,0.9683462736557159,1.0
FAM237B,0.039682474,0.16759613,0.9683462736557159,1.0
LINC01533,0.039682474,0.39357772,0.9683462736557159,1.0
PCAT14,0.039682474,0.81502205,0.9683462736557159,1.0
ONECUT1,0.039682474,-0.3026658,0.9683462736557159,1.0
AWAT2,0.039682474,0.09880077,0.9683462736557159,1.0
TRAJ26,0.039682474,0.9761129,0.9683462736557159,1.0
AC090907.3,0.039682474,0.29881433,0.9683462736557159,1.0
AC121757.2,0.039682474,0.6469059,0.9683462736557159,1.0
AC092745.4,0.039682474,-0.5439526,0.9683462736557159,1.0
LINC00698,0.039682474,0.26133537,0.9683462736557159,1.0
GALR2,0.039682474,0.6404367,0.9683462736557159,1.0
XPNPEP2,0.039675016,0.85752535,0.9683522193650723,1.0
LINC02748,0.039675016,0.15904981,0.9683522193650723,1.0
AC020743.2,0.039675016,0.966794,0.9683522193650723,1.0
LINC01075,0.039675016,-0.68482804,0.9683522193650723,1.0
LINC00320,0.039675016,-0.031821538,0.9683522193650723,1.0
LIPT2,0.039675016,0.23223674,0.9683522193650723,1.0
AL392023.2,0.039675016,-0.33253366,0.9683522193650723,1.0
AC022868.2,0.039675016,-0.25815892,0.9683522193650723,1.0
AC108868.1,0.039675016,0.14351061,0.9683522193650723,1.0
AC069079.1,0.039675016,-0.26773992,0.9683522193650723,1.0
SLC37A1,0.039667558,-0.36172345,0.9683581650761879,1.0
AC009268.3,0.039667558,-0.7858758,0.9683581650761879,1.0
AC002551.1,0.039667558,-0.48433375,0.9683581650761879,1.0
AC112503.2,0.039667558,-0.8914409,0.9683581650761879,1.0
AC138028.5,0.039667558,-0.106905684,0.9683581650761879,1.0
AC007880.1,0.039667558,-1.0869287,0.9683581650761879,1.0
AC109462.1,0.039667558,0.13628122,0.9683581650761879,1.0
AC079384.1,0.039667558,-0.4916081,0.9683581650761879,1.0
AC108673.2,0.039667558,0.7264013,0.9683581650761879,1.0
IL4I1,0.039660104,0.596734,0.9683641107890624,1.0
AL139393.1,0.039652646,0.72528076,0.9683700565036955,1.0
CLCF1,0.039645188,0.7275975,0.9683760022200868,1.0
AC018616.1,0.039645188,0.761708,0.9683760022200868,1.0
PCDHGB5,0.039622813,0.83008164,0.968393839379807,1.0
AC011472.1,0.039622813,0.8418497,0.968393839379807,1.0
TMEM173,0.039607897,0.62116015,0.9684057308284058,1.0
AC008088.1,0.039607897,0.71030545,0.9684057308284058,1.0
LINC02150,0.03960044,0.6435394,0.9684116765553397,1.0
AL023495.1,0.039585523,0.5555967,0.968423568014475,1.0
AC008780.1,0.039585523,0.5676071,0.968423568014475,1.0
IER5L,0.039563153,0.51369286,0.9684414052163419,1.0
AC012574.2,0.03954078,0.24091196,0.9684592424339974,1.0
DAO,0.03954078,0.32013184,0.9684592424339974,1.0
AC018521.2,0.03953332,0.45571092,0.968465188176723,1.0
AL138686.1,0.03953332,0.3820173,0.968465188176723,1.0
GALNT8,0.03952959,-0.6704229,0.9684681610487431,1.0
JRKL-AS1,0.039525863,0.277703,0.9684711339212015,1.0
AC023983.2,0.039518405,0.2600835,0.9684770796674327,1.0
AL121990.1,0.039518405,0.25906864,0.9684770796674327,1.0
AC002383.1,0.039518405,0.090859964,0.9684770796674327,1.0
FAM226B,0.039510947,0.23068935,0.9684830254154161,1.0
SLC38A4,0.03950349,0.40297067,0.9684889711651515,1.0
AC107982.3,0.039488573,-0.09201215,0.9685008626698771,1.0
APOE,0.039458744,0.3391465,0.9685246457003374,1.0
AL122020.2,0.039451286,-0.12813911,0.9685305914623275,1.0
MMP20,0.03944383,-0.2793356,0.9685365372260669,1.0
TTC21A,0.03943637,-0.50620246,0.9685424829915553,1.0
AL360015.1,0.03943637,-0.30575475,0.9685424829915553,1.0
IL1R1,0.039406538,-0.66450137,0.9685662660709925,1.0
COQ3,0.039395355,-0.25634295,0.9685751847329904,1.0
APOC2,0.039384168,-0.9653962,0.9685841033989188,1.0
AC131009.1,0.03937671,-0.94962656,0.9685900491783874,1.0
AL356310.1,0.03936925,-0.50791234,0.9685959949596021,1.0
AC069366.2,0.039354336,0.21469156,0.9686078865272681,1.0
NPIPB15,0.03933942,0.109262906,0.9686197781019145,1.0
BECN1,0.03933942,-0.08629128,0.9686197781019145,1.0
OR9Q1,0.039264843,-0.28786898,0.9686792360797564,1.0
AL928970.1,0.039253656,-0.07810045,0.9686881547914575,1.0
AGMO,0.039190266,0.058404714,0.9687386942317068,1.0
AC018931.1,0.039149247,0.009117842,0.9687713962893737,1.0
AC093525.6,0.03897772,-0.01721421,0.9689081509170402,1.0
AC113410.5,0.03892179,-1.2345885,0.968952745015244,1.0
AL359764.3,0.03885467,-0.2251798,0.9690062580612242,1.0
NOTCH1,0.03881365,-0.042468697,0.9690389605469292,1.0
KCNAB3,0.038742803,0.11134536,0.969095446781199,1.0
CFB,0.03866077,0.0097884415,0.9691608520882468,1.0
GOLGA6L4,0.03862348,0.10719847,0.9691905818418685,1.0
BEST1,0.038541444,-0.09709593,0.9692559874504948,1.0
SLC39A13,0.038519073,-0.352828,0.9692738253796652,1.0
AC007952.4,0.038466867,0.05302541,0.9693154472741631,1.0
LINC02097,0.038317714,-0.4838679,0.9694343674328958,1.0
ARMCX1,0.038041778,-0.054665715,0.9696543715163322,1.0
RFLNA,0.037997033,0.0069484557,0.9696900480722411,1.0
NAIF1,0.037900083,-0.072639704,0.9697673474847068,1.0
LIN28B-AS1,0.03786652,-0.03497881,0.96979410503985,1.0
SYT7,0.037855335,-0.443289,0.9698030242324555,1.0
AP002851.1,0.037721097,-0.20415723,0.9699100548380102,1.0
KLF2,0.037691265,-0.23341379,0.9699338394906903,1.0
DYNC1H1,0.037504822,-0.043396413,0.9700824941749902,1.0
DYNC1LI1,0.03749364,-0.07098793,0.9700914134891547,1.0
PEX14,0.037467536,-0.040231027,0.9701122252367518,1.0
LINC01719,0.037400417,0.46257842,0.9701657412525698,1.0
MAGED2,0.037340753,-0.03232477,0.9702133111571958,1.0
CEP41,0.037281092,-0.14496486,0.9702608811677985,1.0
AC008805.2,0.03722143,0.5331507,0.9703084512842092,1.0
AC090241.3,0.037202787,0.9524162,0.9703233169672597,1.0
OR10J1,0.037180413,0.85778,0.9703411558005305,1.0
NKAP,0.03713194,0.030227784,0.970379806656845,1.0
AC007938.2,0.03712448,1.2465286,0.970385752948609,1.0
AC008667.2,0.03709465,-0.8197303,0.9704095381321249,1.0
AC074135.1,0.03709465,1.1162764,0.9704095381321249,1.0
AC106037.2,0.037083462,2.2995074,0.9704184575827302,1.0
TUBB2A,0.037083462,0.2700056,0.9704184575827302,1.0
AC079052.1,0.037083462,2.113379,0.9704184575827302,1.0
AC114776.1,0.037083462,1.9738891,0.9704184575827302,1.0
ACSM2A,0.037076004,2.1536598,0.9704244038851892,1.0
LINC02759,0.037076004,2.1976056,0.9704244038851892,1.0
TNFAIP8L2,0.037076004,2.0660493,0.9704244038851892,1.0
Z95115.2,0.037076004,2.0724595,0.9704244038851892,1.0
AC027329.1,0.037068546,1.8546622,0.9704303501892926,1.0
AL355516.1,0.037068546,1.4045254,0.9704303501892926,1.0
TMEM121B,0.037068546,1.669319,0.9704303501892926,1.0
AC018437.3,0.037068546,1.676964,0.9704303501892926,1.0
LINC02045,0.037068546,1.7421825,0.9704303501892926,1.0
AC005920.4,0.037068546,1.7246675,0.9704303501892926,1.0
SLC22A18AS,0.037068546,1.8430554,0.9704303501892926,1.0
AC079340.2,0.037068546,1.5883679,0.9704303501892926,1.0
AL355481.1,0.037068546,1.632418,0.9704303501892926,1.0
DNAAF3,0.037068546,1.8938439,0.9704303501892926,1.0
AC007349.4,0.03706109,1.5365789,0.9704362964950398,1.0
DSG3,0.03706109,1.6659912,0.9704362964950398,1.0
RAB33A,0.03706109,1.5430381,0.9704362964950398,1.0
ZAR1,0.037053633,1.0382771,0.9704422428024304,1.0
AC009961.4,0.037053633,1.2147022,0.9704422428024304,1.0
AC025154.2,0.037053633,1.1948028,0.9704422428024304,1.0
AP001160.4,0.037053633,1.234707,0.9704422428024304,1.0
PLAAT5,0.037053633,0.95973253,0.9704422428024304,1.0
AC012181.2,0.037046175,1.1311423,0.9704481891114642,1.0
AC103739.1,0.037046175,1.1885138,0.9704481891114642,1.0
AC093577.1,0.037046175,1.321858,0.9704481891114642,1.0
LENEP,0.037046175,1.3532258,0.9704481891114642,1.0
EMILIN1,0.037042446,0.99681675,0.9704511622665972,1.0
TLR10,0.037038717,1.1517978,0.970454135422141,1.0
SI,0.037038717,1.0531867,0.970454135422141,1.0
ADCY4,0.037038717,0.30802882,0.970454135422141,1.0
AL133372.2,0.037038717,0.99515235,0.970454135422141,1.0
UGT2B7,0.037038717,0.9873404,0.970454135422141,1.0
CCR3,0.037038717,0.98355746,0.970454135422141,1.0
AC104823.1,0.037038717,1.1164435,0.970454135422141,1.0
GJA10,0.037038717,1.1467544,0.970454135422141,1.0
GPR78,0.03703126,0.7872683,0.9704600817344601,1.0
AL356019.1,0.03703126,0.8162954,0.9704600817344601,1.0
AC040169.3,0.03703126,0.8230247,0.9704600817344601,1.0
AC243654.3,0.03703126,0.5190027,0.9704600817344601,1.0
AL096799.1,0.03703126,0.5514789,0.9704600817344601,1.0
AC097520.2,0.03703126,0.952149,0.9704600817344601,1.0
AC027338.1,0.0370238,-0.08856624,0.9704660280484215,1.0
AC025918.1,0.0370238,-0.6993527,0.9704660280484215,1.0
AC021701.1,0.0370238,-0.20761076,0.9704660280484215,1.0
GBGT1,0.0370238,0.8110711,0.9704660280484215,1.0
TSGA13,0.0370238,0.49014845,0.9704660280484215,1.0
AC024028.1,0.0370238,-0.49968994,0.9704660280484215,1.0
AC004014.1,0.0370238,-0.029883202,0.9704660280484215,1.0
SLFN13,0.0370238,-0.22185558,0.9704660280484215,1.0
AC068790.5,0.037020072,0.8706504,0.9704690012060179,1.0
SULT1B1,0.037020072,0.7912911,0.9704690012060179,1.0
AL121906.1,0.037016343,-0.19301042,0.9704719743640248,1.0
AC008517.1,0.037016343,0.201118,0.9704719743640248,1.0
REG1B,0.037016343,0.29134604,0.9704719743640248,1.0
MEOX2,0.037016343,0.40492785,0.9704719743640248,1.0
AC096773.1,0.037016343,0.025577163,0.9704719743640248,1.0
OR8A1,0.037016343,0.46785164,0.9704719743640248,1.0
VGLL3,0.037016343,0.48474905,0.9704719743640248,1.0
MAFA-AS1,0.037016343,-1.0152444,0.9704719743640248,1.0
AC017048.2,0.037016343,-1.0701329,0.9704719743640248,1.0
TMPRSS2,0.037016343,-0.5225105,0.9704719743640248,1.0
AL033527.4,0.037016343,-0.4787256,0.9704719743640248,1.0
LHX9,0.037016343,0.554672,0.9704719743640248,1.0
CD3G,0.037016343,0.50929743,0.9704719743640248,1.0
AL512604.3,0.037016343,-0.7646522,0.9704719743640248,1.0
AC104454.2,0.037016343,-0.6245666,0.9704719743640248,1.0
ARHGEF9-IT1,0.037016343,-0.51088923,0.9704719743640248,1.0
AC127070.1,0.037016343,0.052003905,0.9704719743640248,1.0
TFEC,0.037012614,0.9687535,0.9704749475224419,1.0
AL353740.1,0.037008885,-0.5626497,0.9704779206812695,1.0
LINC02715,0.037008885,-0.5555108,0.9704779206812695,1.0
LINC02452,0.037008885,0.09830666,0.9704779206812695,1.0
AC106772.1,0.037008885,-0.2811968,0.9704779206812695,1.0
LINC02429,0.037008885,-0.26999655,0.9704779206812695,1.0
AC007938.3,0.037008885,-0.4032059,0.9704779206812695,1.0
AC115618.2,0.037008885,-0.6690929,0.9704779206812695,1.0
ERICH3-AS1,0.037008885,-0.14269102,0.9704779206812695,1.0
PNLIP,0.037008885,-1.1231687,0.9704779206812695,1.0
RAB19,0.037001427,0.73541594,0.9704838670001554,1.0
AC009120.3,0.0369977,0.4905006,0.9704868401602137,1.0
AP002815.1,0.036975328,0.7818544,0.9705046791291758,1.0
PCDHGA11,0.03696041,0.6574763,0.9705165717833497,1.0
AL162713.2,0.036945496,0.75560945,0.9705284644440797,1.0
AC007923.4,0.036945496,0.7032034,0.9705284644440797,1.0
LINC00609,0.036938038,0.53323865,0.9705344107769025,1.0
SLC2A4,0.03693058,0.63749,0.9705403571113632,1.0
AC018695.6,0.03692312,0.5287344,0.9705463034474617,1.0
TMEM141,0.036911935,0.31552702,0.9705552229546796,1.0
AC007402.1,0.036908206,-0.08160662,0.9705581961245707,1.0
SPACA9,0.03689329,0.2493085,0.9705700888082266,1.0
LINC01807,0.036882106,0.43373746,0.9705790083252632,1.0
CSE1L-AS1,0.036878377,0.20112647,0.9705819814984267,1.0
AL138999.2,0.036856003,-0.00452384,0.9705998205459917,1.0
AL139042.1,0.036844816,0.37899184,0.970608740075291,1.0
PCDHGB7,0.036814984,0.2001642,0.9706325255047257,1.0
LINC00558,0.036811255,-0.29900715,0.9706354986852421,1.0
HYAL3,0.036777698,0.2273756,0.9706622573282503,1.0
ATP4A,0.03677397,-0.09316317,0.970665230512846,1.0
OR10H1,0.036755323,0.15544507,0.9706800964419392,1.0
PLEKHD1,0.036740407,0.058656175,0.9706919891925488,1.0
AC026401.1,0.03667329,0.28028527,0.9707455066509045,1.0
LINC02476,0.03666583,-0.14212891,0.9707514530433023,1.0
IL19,0.036650915,-0.15878454,0.9707633458329755,1.0
AC016065.1,0.03661363,0.043843776,0.9707930778355964,1.0
ITGA1,0.03660617,-0.18956612,0.970799024240993,1.0
CHST9,0.036598712,-0.11852343,0.9708049706480129,1.0
AC137735.2,0.036583796,0.21254864,0.9708168634669214,1.0
AC009053.3,0.036580067,0.14985296,0.9708198366726627,1.0
SLC35D2,0.036580067,0.115001746,0.9708198366726627,1.0
LINC00921,0.036550235,0.14467752,0.9708436223331888,1.0
CR1L,0.036520407,0.026846198,0.9708674080196491,1.0
HCG27,0.036516678,-0.15815607,0.9708703812322791,1.0
ZNF853,0.036498033,0.11096951,0.9708852473015008,1.0
AL138895.1,0.036460742,-0.024458721,0.9709149794702874,1.0
AC007655.2,0.036378708,0.054960787,0.9709803903838483,1.0
AC127024.3,0.036371253,-0.08721731,0.970986336840222,1.0
TSPO,0.036300402,-0.15770766,0.9710428282561713,1.0
AC025171.4,0.036292944,0.12260072,0.9710487747294645,1.0
ZNF426,0.03628176,-0.07135801,0.9710576944424221,1.0
CYB5D1,0.036270574,0.0919766,0.9710666141589998,1.0
YME1L1,0.036222097,-0.03231371,0.9711052663059766,1.0
SURF4,0.036117688,-0.030805284,0.9711885173144729,1.0
AC013391.2,0.036106504,-0.1686955,0.9711974370840193,1.0
AC004828.1,0.036005825,-0.7957121,0.9712777151719272,1.0
AC079305.3,0.035774633,-0.21091595,0.9714620585479068,1.0
AC012363.1,0.03575972,0.0862708,0.9714739517213986,1.0
GPN1,0.035755992,-0.097136155,0.9714769250157629,1.0
AC016026.2,0.035700057,-0.23181885,0.9715215244787743,1.0
ZNF100,0.035644125,-0.14674339,0.9715661240308421,1.0
AP000943.2,0.035491243,-0.0439916,0.9716880299264254,1.0
AF230666.1,0.035435308,-0.06964263,0.9717326298097397,1.0
ZNF473,0.03540548,0.10993278,0.9717564164503274,1.0
ZBTB6,0.03514073,-0.07660684,0.9719675239840034,1.0
RNF122,0.03504378,0.16726585,0.9720448314602498,1.0
C11orf95,0.034965474,-0.07703521,0.9721072723059193,1.0
VRK3,0.034730554,-0.1325419,0.9722945958671798,1.0
PJA1,0.03471564,-0.1576654,0.9723064894783332,1.0
LINC01378,0.034439705,1.1225339,0.9725265223927295,1.0
ACSM4,0.034432247,2.1848667,0.9725324692573497,1.0
WDR7-OT1,0.034432247,2.2106054,0.9725324692573497,1.0
FAM181A-AS1,0.034432247,1.7743846,0.9725324692573497,1.0
AL162425.1,0.034432247,1.668364,0.9725324692573497,1.0
AL590814.1,0.034432247,1.8259956,0.9725324692573497,1.0
AC022463.1,0.034432247,2.0363889,0.9725324692573497,1.0
AC134775.1,0.034432247,2.3523142,0.9725324692573497,1.0
AL354949.1,0.034432247,2.1861207,0.9725324692573497,1.0
OR5H14,0.034432247,1.9375411,0.9725324692573497,1.0
LINC01402,0.034432247,2.4661822,0.9725324692573497,1.0
AC007432.1,0.03442479,1.8638693,0.972538416123497,1.0
ELOA2,0.03442479,2.0634966,0.972538416123497,1.0
AC016738.2,0.03442479,1.7514871,0.972538416123497,1.0
MASP1,0.03442479,1.6944919,0.972538416123497,1.0
PTPRH,0.03442479,1.137018,0.972538416123497,1.0
AC005104.1,0.03442479,1.859925,0.972538416123497,1.0
GPSM3,0.03442479,2.3666654,0.972538416123497,1.0
AC005954.2,0.03442479,1.6891861,0.972538416123497,1.0
AC006435.3,0.03442479,1.6620482,0.972538416123497,1.0
AC011465.1,0.03442479,2.1898527,0.972538416123497,1.0
LINC00664,0.03441733,1.6356572,0.9725443629911709,1.0
RBAKDN,0.03441733,1.4964709,0.9725443629911709,1.0
LINC01801,0.03441733,1.9907525,0.9725443629911709,1.0
JADRR,0.03441733,1.860331,0.9725443629911709,1.0
AL136038.3,0.03441733,1.3645033,0.9725443629911709,1.0
LINC00885,0.03441733,1.4843935,0.9725443629911709,1.0
LINC01312,0.03441733,1.6653781,0.9725443629911709,1.0
SCRT1,0.034409873,1.6810151,0.9725503098603713,1.0
PSMB8,0.034409873,1.3678836,0.9725503098603713,1.0
RUFY4,0.034409873,1.4511408,0.9725503098603713,1.0
AL359844.1,0.034409873,1.4708279,0.9725503098603713,1.0
AC188617.2,0.034409873,1.4987901,0.9725503098603713,1.0
PSD2,0.034409873,1.8014568,0.9725503098603713,1.0
PI16,0.034409873,1.2511919,0.9725503098603713,1.0
LINC02232,0.034409873,1.5779891,0.9725503098603713,1.0
TBC1D2,0.034409873,-0.32522744,0.9725503098603713,1.0
COL1A2,0.034409873,1.5526572,0.9725503098603713,1.0
AC005304.1,0.034402415,1.5251843,0.9725562567310977,1.0
AC069503.1,0.034402415,0.68848705,0.9725562567310977,1.0
AC007182.1,0.034402415,1.5076984,0.9725562567310977,1.0
KCNJ4,0.034402415,1.359324,0.9725562567310977,1.0
DNASE2B,0.034402415,1.5542741,0.9725562567310977,1.0
AC004784.1,0.034402415,1.5262794,0.9725562567310977,1.0
WFDC5,0.034402415,1.518229,0.9725562567310977,1.0
AL031432.1,0.034402415,0.97315055,0.9725562567310977,1.0
AP001496.4,0.034394957,0.8646992,0.97256220360335,1.0
AC025946.1,0.034394957,1.1067148,0.97256220360335,1.0
GSTM5,0.034394957,1.2396765,0.97256220360335,1.0
AC011196.1,0.034394957,1.1018035,0.97256220360335,1.0
AP002884.1,0.034394957,0.7868359,0.97256220360335,1.0
NGF-AS1,0.034394957,1.2023473,0.97256220360335,1.0
AP001407.1,0.034394957,1.1904491,0.97256220360335,1.0
ZNF735,0.034394957,1.2477355,0.97256220360335,1.0
AL451042.1,0.034394957,1.3587854,0.97256220360335,1.0
BLK,0.034394957,0.9502936,0.97256220360335,1.0
AC097625.1,0.034394957,0.91044575,0.97256220360335,1.0
AC005546.1,0.0343875,1.1693305,0.9725681504771275,1.0
G6PC,0.0343875,0.15265985,0.9725681504771275,1.0
NLRP7,0.0343875,0.8081922,0.9725681504771275,1.0
AC093722.1,0.0343875,0.91072494,0.9725681504771275,1.0
AC011595.1,0.0343875,1.047094,0.9725681504771275,1.0
ALAS1,0.034383774,0.026201373,0.9725711239145883,1.0
LINC02502,0.034380045,0.98928833,0.9725740973524303,1.0
AL731661.1,0.034380045,0.8295162,0.9725740973524303,1.0
GPR85,0.034380045,0.9401819,0.9725740973524303,1.0
AC092111.1,0.034380045,-0.39730534,0.9725740973524303,1.0
AC090192.2,0.034380045,0.8986609,0.9725740973524303,1.0
AC034213.1,0.034380045,0.77229667,0.9725740973524303,1.0
AC026787.1,0.034380045,0.84685445,0.9725740973524303,1.0
SLC14A2-AS1,0.034380045,0.9187708,0.9725740973524303,1.0
AL357054.3,0.034372587,0.46718302,0.9725800442292577,1.0
SLX1A,0.034372587,0.6991346,0.9725800442292577,1.0
AL591896.1,0.034372587,0.48229623,0.9725800442292577,1.0
AC027682.3,0.034372587,0.98151314,0.9725800442292577,1.0
SLC9A9-AS1,0.034372587,0.29295328,0.9725800442292577,1.0
AC062029.1,0.034372587,1.0716673,0.9725800442292577,1.0
AL031587.1,0.034372587,1.0525002,0.9725800442292577,1.0
LINC01251,0.034372587,0.18175896,0.9725800442292577,1.0
AC105275.2,0.034372587,0.579365,0.9725800442292577,1.0
PNMT,0.03436513,0.72875506,0.9725859911076097,1.0
AL117372.1,0.03436513,-0.029620696,0.9725859911076097,1.0
AC108125.1,0.03436513,-0.6943783,0.9725859911076097,1.0
AF124730.1,0.03436513,0.063492924,0.9725859911076097,1.0
AC239802.2,0.03436513,0.6061711,0.9725859911076097,1.0
AC092675.1,0.03436513,0.25761664,0.9725859911076097,1.0
AL133351.1,0.03436513,0.4661104,0.9725859911076097,1.0
AC006262.2,0.03436513,-0.62591314,0.9725859911076097,1.0
ZNF705A,0.03436513,-0.3978897,0.9725859911076097,1.0
LINC01298,0.03435767,-0.4706958,0.9725919379874857,1.0
AL365434.1,0.03435767,-0.87476,0.9725919379874857,1.0
LINC02718,0.03435767,-0.61832654,0.9725919379874857,1.0
AC020928.1,0.034350213,-0.15632297,0.9725978848688854,1.0
AC127894.1,0.034350213,-1.1057986,0.9725978848688854,1.0
KLHL30,0.034350213,-0.36984822,0.9725978848688854,1.0
LINC02209,0.034350213,-1.1438543,0.9725978848688854,1.0
Z94277.1,0.034350213,-0.094742596,0.9725978848688854,1.0
AC092604.1,0.034350213,-0.03524481,0.9725978848688854,1.0
GPR139,0.034350213,-0.5538627,0.9725978848688854,1.0
AC007422.1,0.034350213,-0.17541829,0.9725978848688854,1.0
METTL11B,0.034350213,-0.55232596,0.9725978848688854,1.0
AC069209.2,0.034350213,-0.7375149,0.9725978848688854,1.0
SLC36A2,0.034350213,-0.9888317,0.9725978848688854,1.0
TBC1D22A-AS1,0.034350213,-0.025243485,0.9725978848688854,1.0
AL133370.1,0.034346484,-0.048737288,0.9726008583101565,1.0
LINC01837,0.034342755,0.84491223,0.9726038317518085,1.0
TOR4A,0.034312923,0.8900484,0.9726276192987291,1.0
RASSF2,0.034305464,0.71959424,0.9726335661892646,1.0
GALNT3,0.034298006,0.52681345,0.9726395130813213,1.0
TRPC4,0.034283094,0.41312346,0.9726514068699982,1.0
AC011284.1,0.034253262,0.33383778,0.9726751944655947,1.0
LINC01209,0.034245804,0.33098918,0.9726811413682924,1.0
AC010319.3,0.034245804,0.40242624,0.9726811413682924,1.0
LINC02395,0.034238346,0.17344582,0.972687088272509,1.0
TRAJ13,0.034238346,0.3520357,0.972687088272509,1.0
AL353708.1,0.034230888,0.4864761,0.9726930351782441,1.0
BX322234.1,0.03421597,0.43918765,0.9727049289942684,1.0
AC012668.3,0.034178685,0.29445937,0.9727346635608795,1.0
TCF15,0.034171227,0.3084801,0.9727406104787505,1.0
RAG1,0.034148853,0.17475837,0.9727584512414554,1.0
AC002094.2,0.03412648,-0.6820548,0.9727762920177909,1.0
ACTL6A,0.03412648,-0.116323926,0.9727762920177909,1.0
AF111169.4,0.034119025,0.23038816,0.9727822389462636,1.0
TLE2,0.03409665,0.19264184,0.9728000797407593,1.0
FGD5,0.03409665,0.15249205,0.9728000797407593,1.0
AC107886.1,0.03409665,-0.3459342,0.9728000797407593,1.0
LINC01289,0.034089193,-0.66675144,0.9728060266752828,1.0
AC091132.1,0.034081735,-1.0763749,0.9728119736113181,1.0
TMEM251,0.034074277,0.20947953,0.972817920548865,1.0
ZNF628,0.034074277,0.25029588,0.972817920548865,1.0
AL512274.1,0.034074277,-1.1394191,0.972817920548865,1.0
AL138828.1,0.03406682,0.2317134,0.972823867487923,1.0
KCNE4,0.03405563,-0.31121638,0.972832787899343,1.0
AL358075.1,0.034051903,-1.3758706,0.9728357613705716,1.0
DEF6,0.03403699,-0.003532739,0.972847655259261,1.0
MSANTD1,0.034022074,0.08117282,0.9728595491539885,1.0
AC098617.1,0.034018345,-0.32731485,0.9728625226286136,1.0
EFCAB8,0.03396241,0.1487024,0.9729071247932286,1.0
PCTP,0.03390275,0.031028504,0.972954700528869,1.0
MSN,0.033872917,-0.2538973,0.9729784884327866,1.0
CCN1,0.0338319,-0.37628245,0.9730111968399163,1.0
AP000553.2,0.0338058,0.1662353,0.9730320113044529,1.0
AP000845.1,0.0338058,-0.4708843,0.9730320113044529,1.0
AC104170.1,0.033753596,-0.08923823,0.9730736402886122,1.0
PCDHGA7,0.033753596,0.03154444,0.9730736402886122,1.0
AC009065.5,0.033731222,-0.40581727,0.9730914813042849,1.0
AC018754.1,0.03370139,-1.0583478,0.9731152693461247,1.0
AC016642.1,0.033693932,0.14752084,0.9731212163603221,1.0
AL158801.2,0.033403084,-0.1858155,0.9733531510763634,1.0
ATP6V0B,0.03328376,-0.06880028,0.9734483044333454,1.0
AC079203.2,0.03317935,-0.36629665,0.9735315639307512,1.0
PHAX,0.03298918,-0.027175928,0.9736832158986487,1.0
TMPPE,0.032985453,-0.5672663,0.973686189476175,1.0
AL354726.1,0.032817654,0.3684863,0.9738200008427769,1.0
AGFG2,0.032750532,-0.08788069,0.9738735255959514,1.0
PGBD1,0.032687142,-0.15774319,0.9739240768597662,1.0
TBC1D8B,0.03266477,-0.19710448,0.9739419185073079,1.0
AC018521.4,0.032552905,-0.053322095,0.9740311269404216,1.0
LRRC75B,0.03243731,0.5721301,0.9741233093292405,1.0
SERF1B,0.03240375,-0.2575066,0.974150072023048,1.0
PCDH11X,0.03237392,-0.26123616,0.9741738611086437,1.0
FBXO48,0.032291885,-0.27622896,0.9742392812124284,1.0
MPP2,0.032161374,0.24213319,0.9743433590072558,1.0
IFT27,0.032105442,-0.87174773,0.9743879639103018,1.0
AL139317.3,0.031926457,-0.22741666,0.9745307001376292,1.0
TESC-AS1,0.031896625,-0.3391423,0.974554489588273,1.0
KCTD19,0.03187798,0.54184735,0.9745693580064213,1.0
AC116345.1,0.03185188,1.4206903,0.9745901738066739,1.0
TRAJ49,0.031840693,0.8635366,0.9745990948692237,1.0
AC020656.1,0.031833235,0.5237308,0.9746050422460222,1.0
ANXA10,0.031822048,1.2513611,0.9746139633138673,1.0
LTO1,0.031799674,-0.13721432,0.9746318054590836,1.0
AC046195.2,0.031792216,1.2371336,0.9746377528436436,1.0
AL078581.3,0.031781033,2.5120225,0.9746466739231276,1.0
PRSS57,0.031781033,2.1156204,0.9746466739231276,1.0
AC099511.1,0.031781033,1.9528165,0.9746466739231276,1.0
PAX3,0.031781033,2.282026,0.9746466739231276,1.0
DUXA,0.031781033,1.727382,0.9746466739231276,1.0
GTSE1-DT,0.031773575,1.9835359,0.9746526213112123,1.0
ADRA1D,0.031773575,1.5282551,0.9746526213112123,1.0
AC106038.1,0.031773575,1.9830904,0.9746526213112123,1.0
AC093627.3,0.031773575,2.081269,0.9746526213112123,1.0
CHGA,0.031773575,2.3924685,0.9746526213112123,1.0
AC048338.2,0.031766117,1.6765001,0.9746585687007063,1.0
AC005523.1,0.031766117,1.8578823,0.9746585687007063,1.0
AC114810.1,0.031766117,1.6080282,0.9746585687007063,1.0
AC025524.1,0.031766117,1.6365942,0.9746585687007063,1.0
CLCA4,0.03175866,1.4409181,0.9746645160916093,1.0
AL021707.4,0.03175866,0.53947544,0.9746645160916093,1.0
LINC02172,0.03175866,1.393254,0.9746645160916093,1.0
AL035661.2,0.03175866,1.5179614,0.9746645160916093,1.0
AURKC,0.03175866,1.5514108,0.9746645160916093,1.0
AC008687.4,0.03175866,1.3191543,0.9746645160916093,1.0
AC024909.1,0.03175866,1.4217718,0.9746645160916093,1.0
FKBP1C,0.03175866,1.2942934,0.9746645160916093,1.0
LINC02004,0.03175866,1.3095707,0.9746645160916093,1.0
LINC02560,0.0317512,1.349077,0.9746704634839208,1.0
IGLV5-52,0.0317512,1.1832038,0.9746704634839208,1.0
NAGS,0.0317512,1.057893,0.9746704634839208,1.0
STK31,0.03174747,0.96164924,0.9746734371806047,1.0
AC090970.1,0.031743743,1.3615558,0.9746764108776407,1.0
PLA2G5,0.031743743,1.1681392,0.9746764108776407,1.0
AC007218.3,0.031743743,1.0580093,0.9746764108776407,1.0
MAP1LC3C,0.031743743,1.0217104,0.9746764108776407,1.0
FAM83A-AS1,0.031736284,0.94218737,0.9746823582727685,1.0
AC027575.2,0.031736284,0.81905293,0.9746823582727685,1.0
LINC01634,0.031736284,0.6773137,0.9746823582727685,1.0
AC073934.1,0.031736284,0.98711735,0.9746823582727685,1.0
FRG2C,0.031736284,0.8217591,0.9746823582727685,1.0
AC012370.1,0.031732555,0.9623307,0.9746853319708603,1.0
SAA1,0.031728826,0.67443705,0.974688305669304,1.0
LINC02475,0.031728826,0.89520484,0.974688305669304,1.0
AL358176.1,0.031728826,0.9127147,0.974688305669304,1.0
AC007906.1,0.031728826,0.85351706,0.974688305669304,1.0
LINC01623,0.031728826,0.6284486,0.974688305669304,1.0
C1orf94,0.03172137,0.43115073,0.9746942530672468,1.0
AC012291.2,0.03172137,0.14624016,0.9746942530672468,1.0
SLFN12L,0.03172137,0.70147645,0.9746942530672468,1.0
KCND3-AS1,0.03172137,0.8451804,0.9746942530672468,1.0
AC011603.3,0.03172137,0.103382334,0.9746942530672468,1.0
ACKR2,0.03171391,-0.046953004,0.9747002004665964,1.0
AC105105.3,0.03171391,0.32324323,0.9747002004665964,1.0
LINC01606,0.03171391,0.2719299,0.9747002004665964,1.0
AJ011932.1,0.03171391,-0.37320602,0.9747002004665964,1.0
AC018618.1,0.03171391,0.6591582,0.9747002004665964,1.0
AC002378.1,0.03171391,0.120146036,0.9747002004665964,1.0
AL021392.1,0.03171391,0.3923184,0.9747002004665964,1.0
TSLP,0.031706452,-0.07397793,0.9747061478673528,1.0
AC117464.1,0.031706452,0.16482903,0.9747061478673528,1.0
SELE,0.031706452,0.25885144,0.9747061478673528,1.0
TRAJ4,0.031706452,0.1316168,0.9747061478673528,1.0
AL135744.1,0.031706452,-0.37449116,0.9747061478673528,1.0
DIRAS2,0.031706452,-0.1204091,0.9747061478673528,1.0
DCST1-AS1,0.031706452,-1.0695318,0.9747061478673528,1.0
AL450267.2,0.031706452,-0.8194242,0.9747061478673528,1.0
EGFLAM-AS3,0.031706452,0.44706112,0.9747061478673528,1.0
ADAM28,0.031706452,0.33045864,0.9747061478673528,1.0
AC023509.3,0.031706452,0.6126179,0.9747061478673528,1.0
STIM2-AS1,0.031706452,0.40580785,0.9747061478673528,1.0
TEX19,0.031698998,-0.0047404123,0.9747120952695155,1.0
AP001150.1,0.031698998,-0.50620365,0.9747120952695155,1.0
MARCO,0.031698998,-0.050431337,0.9747120952695155,1.0
AC092117.1,0.031698998,0.09649724,0.9747120952695155,1.0
OR2M4,0.031698998,-0.5733996,0.9747120952695155,1.0
AC005253.2,0.03169154,-0.9154423,0.9747180426730842,1.0
AL391834.1,0.03169154,0.6225016,0.9747180426730842,1.0
PRSS38,0.03169154,-0.20641072,0.9747180426730842,1.0
LINC02145,0.03169154,-0.4348333,0.9747180426730842,1.0
NUGGC,0.031680353,0.766705,0.9747269637810726,1.0
AC064799.2,0.031676624,0.48904556,0.974729937484438,1.0
VSIG1,0.031672895,0.57037956,0.9747329111881547,1.0
AP002381.2,0.031669166,0.0698327,0.9747358848922226,1.0
RGPD8,0.031665437,0.5758683,0.9747388585966417,1.0
MMP26,0.03162069,0.2754814,0.9747745430770461,1.0
AL355312.3,0.031613234,0.1585082,0.9747804904953576,1.0
AC027544.2,0.031575944,0.12289914,0.974810227607941,1.0
POM121L2,0.03156103,0.036045257,0.9748221224627803,1.0
MDGA2,0.03154984,0.4006226,0.9748310436075845,1.0
NCAN,0.031542383,0.32437956,0.9748369910392034,1.0
NAGPA-AS1,0.031538654,0.31173244,0.9748399647555375,1.0
FSTL3,0.03152374,-0.122707315,0.9748518596243705,1.0
AC004846.1,0.031520013,0.24375325,0.9748548333424527,1.0
OTUD1,0.031508826,-0.29653633,0.9748637544987963,1.0
AC093495.1,0.03148645,-0.057785623,0.9748815968209159,1.0
IL2RA,0.031478994,-0.090315245,0.9748875442644159,1.0
AC009163.1,0.031478994,-0.29920897,0.9748875442644159,1.0
AL590133.2,0.031464078,-0.6945985,0.9748994391556045,1.0
AC133540.1,0.031423062,-0.008215935,0.9749321501351487,1.0
C6,0.031423062,0.067504905,0.9749321501351487,1.0
TBX5,0.031374585,0.17894821,0.974970808619871,1.0
VWA3B,0.031370856,-0.028277326,0.9749737823519015,1.0
TIGIT,0.031367127,-1.0529488,0.9749767560842798,1.0
AC005757.1,0.031348485,-0.0851952,0.9749916247513879,1.0
BLOC1S3,0.031311195,-0.015827928,0.97502136211167,1.0
AC093515.1,0.03126645,-0.2691237,0.975057046989835,1.0
HPX,0.031214245,-0.47261783,0.9750986794107891,1.0
CNGB1,0.031206787,-0.5132198,0.9751046269050374,1.0
TMEM221,0.031147126,-0.4001186,0.9751522069088265,1.0
AC104035.1,0.031147126,-0.4859173,0.9751522069088265,1.0
HRK,0.031083735,0.0024118538,0.975202760759728,1.0
STARD3,0.031024074,-0.044386715,0.9752503409456929,1.0
AC009034.1,0.030990513,-0.57763976,0.975277104839011,1.0
NRSN2,0.030964412,-0.07325039,0.9752979212197264,1.0
LINC01285,0.030830173,-0.4301709,0.9754049771574258,1.0
ZBBX,0.030822715,0.217198,0.9754109247225291,1.0
AC135457.1,0.030796614,0.113949575,0.9754317412111546,1.0
ARSB,0.03071085,-0.0715133,0.9755001383629506,1.0
AF127577.1,0.030453559,-0.29053146,0.975705330897227,1.0
TRAPPC4,0.030431185,0.05150843,0.9757231738024716,1.0
PLIN4,0.03041627,-0.58108324,0.9757350690793842,1.0
FCGR2A,0.030371524,-0.4876187,0.9757707549424908,1.0
ZNF230,0.030334236,-0.5687411,0.975800493198796,1.0
CNTF,0.030274574,-0.5269261,0.9758480744788334,1.0
TM7SF2,0.030069487,-0.12339031,0.9760116357833956,1.0
PHF23,0.030006096,-0.05516725,0.9760621913001017,1.0
AC134312.4,0.029845756,-0.051006667,0.9761900674476018,1.0
ZNF593,0.029823381,0.043990716,0.9762079106797005,1.0
GSK3A,0.029692871,0.021041507,0.976311996437278,1.0
AC008735.1,0.029353546,-0.9969867,0.9765826212902615,1.0
AC006547.1,0.029237952,-0.14034286,0.976674812791347,1.0
PSMD10,0.029226765,0.31290206,0.976683734566072,1.0
AL031600.1,0.029196935,0.78929603,0.9767075259795962,1.0
CEP83-DT,0.02914473,1.0245059,0.9767491610031119,1.0
AC005324.5,0.02914473,1.0025845,0.9767491610031119,1.0
IGLON5,0.029129814,1.924778,0.9767610567357565,1.0
LINC02681,0.029129814,1.6782707,0.9767610567357565,1.0
AC093274.1,0.029129814,1.7056646,0.9767610567357565,1.0
AL049775.2,0.029129814,2.7296464,0.9767610567357565,1.0
UBE2Q1-AS1,0.029129814,1.7883302,0.9767610567357565,1.0
AL035701.1,0.029122358,1.7446473,0.9767670046040171,1.0
GABRP,0.029122358,2.206658,0.9767670046040171,1.0
ITGB2-AS1,0.029122358,2.0779536,0.9767670046040171,1.0
PLEKHG6,0.029122358,1.6242509,0.9767670046040171,1.0
ADAM8,0.029122358,0.957454,0.9767670046040171,1.0
AP000221.1,0.029122358,1.9186574,0.9767670046040171,1.0
EDN3,0.0291149,1.0819746,0.9767729524735695,1.0
AC011294.1,0.0291149,1.479466,0.9767729524735695,1.0
HBEGF,0.0291149,1.3091944,0.9767729524735695,1.0
AC073342.2,0.029111171,1.5129365,0.9767759264088302,1.0
AL031275.1,0.029107442,1.4162924,0.9767789003444135,1.0
AC105402.3,0.029107442,1.2560171,0.9767789003444135,1.0
PRDM13,0.029107442,1.3926668,0.9767789003444135,1.0
OR52E5,0.029099984,1.0095727,0.9767848482165484,1.0
TDO2,0.029099984,1.0873338,0.9767848482165484,1.0
AC009878.1,0.029092526,1.1700295,0.9767907960899743,1.0
LINC00596,0.029092526,0.7572958,0.9767907960899743,1.0
NR5A1,0.029092526,0.9140962,0.9767907960899743,1.0
CCDC114,0.029092526,0.9588928,0.9767907960899743,1.0
AC105460.2,0.029092526,0.7596205,0.9767907960899743,1.0
C5orf52,0.029092526,0.8668715,0.9767907960899743,1.0
GNG14,0.029092526,1.112259,0.9767907960899743,1.0
AC113410.2,0.029092526,0.98035824,0.9767907960899743,1.0
AC093639.1,0.02908507,0.6583218,0.9767967439646906,1.0
AL136985.3,0.02908507,1.1259453,0.9767967439646906,1.0
AC006064.3,0.02908507,1.0119218,0.9767967439646906,1.0
AL390791.1,0.02908507,0.8495692,0.9767967439646906,1.0
AC131238.1,0.02908507,1.0569297,0.9767967439646906,1.0
AC108073.3,0.029077612,0.8008931,0.976802691840697,1.0
AP003400.1,0.029077612,0.46038115,0.976802691840697,1.0
LINC02085,0.029077612,0.5767807,0.976802691840697,1.0
AC008555.4,0.029077612,0.6648723,0.976802691840697,1.0
CYP2B6,0.029070154,0.71351856,0.9768086397179933,1.0
AC010528.1,0.029070154,0.7518195,0.9768086397179933,1.0
WNT9B,0.029070154,0.77194697,0.9768086397179933,1.0
AC007272.1,0.029070154,0.5698101,0.9768086397179933,1.0
UMOD,0.029062696,0.12597679,0.976814587596579,1.0
C1orf232,0.029062696,-0.014170677,0.976814587596579,1.0
AC091946.2,0.029062696,-0.057743452,0.976814587596579,1.0
AL513318.2,0.029062696,0.37375423,0.976814587596579,1.0
TAT,0.029062696,0.21172008,0.976814587596579,1.0
AC016588.1,0.029062696,0.5509672,0.976814587596579,1.0
CLEC4C,0.029062696,0.3786296,0.976814587596579,1.0
AC067930.2,0.029062696,0.5383486,0.976814587596579,1.0
CRYBB1,0.029062696,0.40821284,0.976814587596579,1.0
TMEM35A,0.029062696,0.30636227,0.976814587596579,1.0
PAX8-AS1,0.029062696,0.80168056,0.976814587596579,1.0
UBQLN3,0.029055238,0.49447343,0.9768205354764539,1.0
AC005703.4,0.029055238,-0.011136611,0.9768205354764539,1.0
AC007687.1,0.029055238,0.25473908,0.9768205354764539,1.0
MYCNUT,0.029055238,-0.18651623,0.9768205354764539,1.0
AC083795.2,0.029055238,-0.09160527,0.9768205354764539,1.0
RHOA-IT1,0.029055238,0.31440237,0.9768205354764539,1.0
LNCOG,0.029055238,-0.6090178,0.9768205354764539,1.0
AC026801.2,0.029055238,0.13537052,0.9768205354764539,1.0
KRBOX1-AS1,0.029055238,-0.043696113,0.9768205354764539,1.0
AC100822.1,0.029055238,-0.008437336,0.9768205354764539,1.0
CCDC59,0.02904778,-0.13243502,0.9768264833576176,1.0
VSX2,0.02904778,0.4783783,0.9768264833576176,1.0
CA6,0.02904778,-1.0019342,0.9768264833576176,1.0
AL591543.1,0.02904778,-0.3593084,0.9768264833576176,1.0
AC090679.2,0.02904778,0.05943673,0.9768264833576176,1.0
AC027237.4,0.02904778,0.3330183,0.9768264833576176,1.0
SLC26A9,0.02904778,-0.58874196,0.9768264833576176,1.0
SOD3,0.02904778,-0.5530726,0.9768264833576176,1.0
ASB11,0.029040324,-0.81923056,0.9768324312400698,1.0
INMT,0.029040324,0.05324211,0.9768324312400698,1.0
AC008738.1,0.029040324,-0.78982633,0.9768324312400698,1.0
CARMIL2,0.029040324,-0.7908306,0.9768324312400698,1.0
LINC02656,0.029040324,-1.2047048,0.9768324312400698,1.0
AC082651.1,0.029040324,-1.5265051,0.9768324312400698,1.0
ANKRD65,0.029040324,-1.0485414,0.9768324312400698,1.0
NEUROD2,0.029040324,0.29811645,0.9768324312400698,1.0
NKAPL,0.029040324,-0.94794106,0.9768324312400698,1.0
SYT5,0.029040324,-1.3913786,0.9768324312400698,1.0
AL445183.1,0.029040324,-0.8587274,0.9768324312400698,1.0
LINC00269,0.029040324,-1.1440904,0.9768324312400698,1.0
ARMH2,0.029040324,0.55638963,0.9768324312400698,1.0
CCDC42,0.029032866,-0.3886287,0.9768383791238101,1.0
AC093382.1,0.029032866,0.32680362,0.9768383791238101,1.0
ADAM33,0.029032866,-1.2315652,0.9768383791238101,1.0
AC114546.2,0.029032866,-1.0935314,0.9768383791238101,1.0
LINC01115,0.029032866,-0.8759094,0.9768383791238101,1.0
TINAG,0.029032866,-0.68982244,0.9768383791238101,1.0
LINC01997,0.029032866,-0.8846913,0.9768383791238101,1.0
SULT4A1,0.029029137,-0.02228647,0.9768413530661633,1.0
SLX1B,0.028995577,0.5939849,0.9768681185618227,1.0
GBP2,0.028995577,0.59844875,0.9768681185618227,1.0
MGAT5B,0.02898812,0.36106837,0.976874066453285,1.0
AC004817.5,0.02898812,0.40719104,0.976874066453285,1.0
LINC01445,0.02898812,0.48220855,0.976874066453285,1.0
AC004908.1,0.028980661,0.34610355,0.9768800143460332,1.0
ASB4,0.028973203,0.35666755,0.976885962240067,1.0
SEPTIN5,0.028965745,0.34131598,0.9768919101353858,1.0
AC018638.7,0.02895083,0.39749235,0.9769038059298779,1.0
AC100863.1,0.028928457,0.35839757,0.9769216496312465,1.0
STMN3,0.028920999,0.22347319,0.9769275975342696,1.0
MYO1A,0.028906085,-0.05172239,0.976939493344164,1.0
GALNTL5,0.028898627,0.059715264,0.9769454412510347,1.0
IFI44,0.028876252,-0.023850545,0.9769632849793367,1.0
AL450326.1,0.028876252,-0.01694826,0.9769632849793367,1.0
AC079340.1,0.028846422,-0.40189326,0.9769870766350035,1.0
RTL8C,0.028838964,0.15597475,0.97699302455212,1.0
AC092849.1,0.028838964,-0.09090202,0.97699302455212,1.0
AL031847.1,0.028809134,-0.5057535,0.9770168162333749,1.0
AC087276.1,0.028809134,-0.26145807,0.9770168162333749,1.0
AP000777.3,0.028801676,0.17860223,0.9770227641568842,1.0
CLCA4-AS1,0.028794218,0.2364045,0.9770287120816711,1.0
CSDC2,0.028794218,-0.5349344,0.9770287120816711,1.0
HPN-AS1,0.02878676,-0.9025384,0.9770346600077352,1.0
AC104463.2,0.028734557,0.0004768476,0.9770762955259196,1.0
AC098484.2,0.028719641,0.12504418,0.9770881913997344,1.0
AL391425.1,0.028704725,-0.05144125,0.977100087278645,1.0
AC068620.2,0.028704725,0.17846917,0.977100087278645,1.0
LINC02324,0.028697267,-0.030217988,0.9771060352200104,1.0
ASB15,0.028697267,-0.010432327,0.9771060352200104,1.0
AL034417.2,0.028652523,-0.19930305,0.9771417228949232,1.0
NFKBID,0.028637607,0.15745397,0.977153618796732,1.0
AC099778.1,0.028600318,-0.24293353,0.9771833585734789,1.0
NBL1,0.028503368,-0.5601887,0.9772606821413505,1.0
PRDM6,0.02849591,-0.46257994,0.9772666301169697,1.0
YY1,0.02849218,-0.06825175,0.9772696041052532,1.0
XIAP-AS1,0.028443705,0.10703229,0.9773082659816779,1.0
AC138028.6,0.02843625,0.007192059,0.9773142139674,1.0
AC136604.2,0.028402688,-0.120120235,0.9773409799187543,1.0
AC005599.1,0.028372858,-0.20319106,0.977364771896933,1.0
AC016245.2,0.02833184,0.10257655,0.9773974858998046,1.0
AC113143.1,0.028242348,-0.27832377,0.9774688620379544,1.0
AL118506.1,0.028197601,-1.5920701,0.9775045501747156,1.0
AC092171.2,0.028182685,-0.45891967,0.9775164462303126,1.0
SULT1A3,0.028160313,-0.06700812,0.9775342903230835,1.0
USF1,0.02807082,0.17915773,0.9776056668065017,1.0
AC027290.1,0.028048446,-0.41611704,0.9776235109553953,1.0
BCAP31,0.028026074,-0.09405769,0.9776413551154867,1.0
USP33,0.027925394,-0.029969068,0.977721653974231,1.0
NEDD8,0.027903022,0.021941038,0.9777394981957506,1.0
CCDC102A,0.027765054,0.04368125,0.977849537807606,1.0
DTWD2,0.02767929,-0.13425165,0.9779179410221603,1.0
ETFRF1,0.027597256,-0.14131218,0.9779833703358592,1.0
AC007728.1,0.02752268,0.36965555,0.9780428516586833,1.0
AC025580.2,0.02739217,-0.21606536,0.9781469442672037,1.0
STON1,0.027358608,-0.13268264,0.9781737109981847,1.0
ZNF19,0.02719081,0.185268,0.9783075450211247,1.0
GPAM,0.027183352,-0.17433482,0.9783134932141224,1.0
GCAT,0.027101317,-0.15457973,0.9783789234166117,1.0
SNAP29,0.027097588,-0.19712952,0.9783818975201846,1.0
ZNF587B,0.027086403,-0.07110004,0.9783908198327059,1.0
AC092620.2,0.026907418,-0.16570985,0.9785335771999654,1.0
PRRG3,0.026885044,-0.45524627,0.9785514219193081,1.0
RFPL3S,0.02687013,0.43073827,0.9785633184048337,1.0
APOL2,0.026791824,0.33379847,0.9786257750320039,1.0
LINC02604,0.026717246,-0.2425658,0.9786852576558972,1.0
AC027682.6,0.026687415,0.8157008,0.9787090507386584,1.0
RAG2,0.026679957,0.42088956,0.9787149990123092,1.0
C1orf162,0.026676228,0.60279113,0.9787179731495784,1.0
RLBP1,0.026586736,1.2165954,0.9787893525326979,1.0
AC000085.1,0.026564363,0.33070433,0.9788071974050366,1.0
AC002069.2,0.026545718,0.21173735,0.9788220681400877,1.0
AMFR,0.02653826,-0.12150406,0.978828016436169,1.0
AL669970.3,0.026486058,0.62604696,0.9788696545416837,1.0
LINC01720,0.026471142,2.413032,0.9788815511538388,1.0
OOEP-AS1,0.026471142,1.4944929,0.9788815511538388,1.0
LRRC63,0.026471142,1.530688,0.9788815511538388,1.0
GIP,0.026471142,1.7421064,0.9788815511538388,1.0
AC114271.1,0.026471142,1.3927588,0.9788815511538388,1.0
AC103810.5,0.026463684,1.6212711,0.978887499461678,1.0
AL353611.1,0.026463684,1.3915989,0.978887499461678,1.0
AC019257.2,0.026463684,1.2801986,0.978887499461678,1.0
BPIFB1,0.026463684,1.6199211,0.978887499461678,1.0
GYPE,0.026463684,1.628218,0.978887499461678,1.0
AP000997.3,0.026463684,1.6443155,0.978887499461678,1.0
AL360270.3,0.026456226,1.3760939,0.978893447770691,1.0
AC026202.3,0.026456226,1.3753498,0.978893447770691,1.0
AL021707.3,0.026448768,0.9581712,0.9788993960808777,1.0
AC079331.3,0.026448768,1.1231624,0.9788993960808777,1.0
RGS18,0.026448768,1.2506999,0.9788993960808777,1.0
AC018398.1,0.026448768,1.139757,0.9788993960808777,1.0
AC007601.1,0.026448768,0.6784281,0.9788993960808777,1.0
CLEC1A,0.026441311,0.8841732,0.9789053443922376,1.0
LINC02156,0.026441311,0.7571245,0.9789053443922376,1.0
LINC02321,0.026441311,1.1534293,0.9789053443922376,1.0
ATP12A,0.026441311,1.2426721,0.9789053443922376,1.0
AL161893.1,0.026441311,0.8057494,0.9789053443922376,1.0
AP001599.1,0.026441311,0.95075625,0.9789053443922376,1.0
PEG13,0.026437582,0.82205683,0.9789083185483575,1.0
AC012325.1,0.026433853,0.6979843,0.9789112927047706,1.0
LINC02734,0.026433853,0.7859795,0.9789112927047706,1.0
AL603840.1,0.026430124,0.5120674,0.9789142668614768,1.0
PRB4,0.026426395,0.79528284,0.9789172410184761,1.0
MDH1B,0.026426395,0.9080377,0.9789172410184761,1.0
EEF1A2,0.026426395,0.70675164,0.9789172410184761,1.0
AC025465.1,0.026426395,0.65285814,0.9789172410184761,1.0
AC079858.1,0.026426395,0.8889827,0.9789172410184761,1.0
AC007595.1,0.026426395,0.6645442,0.9789172410184761,1.0
CYP4B1,0.026426395,0.916791,0.9789172410184761,1.0
LINC00163,0.026418937,0.6782385,0.978923189333354,1.0
LINC02843,0.026418937,0.3209894,0.978923189333354,1.0
AC138304.1,0.026418937,0.83387774,0.978923189333354,1.0
AC009041.4,0.026418937,0.9600704,0.978923189333354,1.0
CRIM1-DT,0.026418937,0.52990025,0.978923189333354,1.0
AL133342.1,0.026415208,0.6765184,0.9789261634912324,1.0
NLRP3,0.02641148,0.47922415,0.9789291376494038,1.0
AC073062.1,0.02641148,0.8155016,0.9789291376494038,1.0
AC069155.1,0.02641148,0.6001511,0.9789291376494038,1.0
CARD6,0.02641148,0.108337864,0.9789291376494038,1.0
AL049796.1,0.02641148,0.1946367,0.9789291376494038,1.0
AP001605.1,0.026404023,0.6566352,0.9789350859666253,1.0
AC004969.1,0.026404023,0.034151904,0.9789350859666253,1.0
AC092810.3,0.026404023,0.03008455,0.9789350859666253,1.0
AC055714.1,0.026396565,-0.6899756,0.978941034285018,1.0
LINC01795,0.026396565,-0.39214668,0.978941034285018,1.0
AC074096.1,0.026396565,0.17001098,0.978941034285018,1.0
AC111152.2,0.026396565,-0.08247276,0.978941034285018,1.0
OR7G2,0.026396565,0.24396907,0.978941034285018,1.0
AC020661.1,0.026396565,0.0871847,0.978941034285018,1.0
AC139792.1,0.026389107,0.16639099,0.9789469826045817,1.0
LINC02144,0.026389107,0.3835007,0.9789469826045817,1.0
NCMAP-DT,0.026389107,-0.88241494,0.9789469826045817,1.0
AC096861.2,0.026389107,-0.3472651,0.9789469826045817,1.0
AC084018.4,0.026389107,-0.26589897,0.9789469826045817,1.0
AC027682.1,0.026389107,0.110519476,0.9789469826045817,1.0
ARL13A,0.026385378,0.6998983,0.9789499567648026,1.0
LINC02857,0.026385378,0.5714763,0.9789499567648026,1.0
WT1-AS,0.02638165,-1.2495124,0.9789529309253161,1.0
AC023824.3,0.02638165,-1.1313692,0.9789529309253161,1.0
AL353774.1,0.02638165,-0.618093,0.9789529309253161,1.0
PHOSPHO1,0.02638165,-0.6014405,0.9789529309253161,1.0
AC068489.1,0.026374191,-1.1433952,0.9789588792472208,1.0
EXOSC10-AS1,0.026374191,-0.3435972,0.9789588792472208,1.0
PCDHGA2,0.026374191,-1.4461756,0.9789588792472208,1.0
AC099343.2,0.026374191,-0.68494576,0.9789588792472208,1.0
AC016816.1,0.026374191,-0.6827431,0.9789588792472208,1.0
HIST2H3PS2,0.026374191,-0.4101925,0.9789588792472208,1.0
PCAT5,0.026374191,-1.528757,0.9789588792472208,1.0
UPK2,0.026370462,0.58585614,0.9789618534086119,1.0
LINC01937,0.026359277,0.38308284,0.9789707758945397,1.0
LINC02644,0.026355548,0.54278386,0.9789737500571004,1.0
AC084114.1,0.026355548,0.65846246,0.9789737500571004,1.0
PCDH19,0.026325716,0.435282,0.9789975433681047,1.0
PCAT7,0.026303343,0.29327846,0.9790153883636215,1.0
DTX2,0.026299614,-0.07010853,0.9790183625305621,1.0
ZNF626,0.026266055,0.27535906,0.9790451300461482,1.0
TAS2R13,0.026254868,0.33366588,0.9790540525565885,1.0
ARSA,0.02625114,0.30261776,0.9790570267273176,1.0
AL032819.1,0.026243681,0.14207473,0.9790629750696492,1.0
AC114485.1,0.026228767,-0.09869603,0.9790748717578047,1.0
AC026746.1,0.026221309,-0.05228132,0.979080820103628,1.0
AC020913.3,0.026202664,0.2867253,0.9790956909732744,1.0
AC073111.4,0.026172834,0.20316973,0.9791194843798173,1.0
AP000873.3,0.026154188,-0.5331437,0.9791343552683417,1.0
HHIPL2,0.02614673,-0.79722023,0.9791403036257821,1.0
CR936218.1,0.026128087,0.031104,0.9791551745244569,1.0
PFKFB1,0.026101984,0.18556918,0.9791759937947708,1.0
AC010092.1,0.026098257,0.025256474,0.9791789679774024,1.0
LINC01841,0.026046053,0.047701042,0.9792206065646177,1.0
AC019211.1,0.026012493,-0.20006014,0.9792473742577316,1.0
AC018809.1,0.025971476,0.14720793,0.9792800903588235,1.0
FIBIN,0.025964018,-0.3446403,0.9792860387445863,1.0
UBE2A,0.025930457,-0.11901305,0.9793128064947674,1.0
SSSCA1-AS1,0.02592673,-0.049762405,0.9793157806906704,1.0
LINC01949,0.025840966,-0.17915225,0.9793841872757159,1.0
CEBPB,0.025721641,-0.117366135,0.979479361906996,1.0
METTL24,0.025717912,0.08743888,0.9794823361189374,1.0
BST1,0.025702998,-1.0522782,0.9794942329695548,1.0
ASPSCR1,0.02569554,-0.08643753,0.979500181396574,1.0
NXPH2,0.025673166,-0.47011358,0.9795180266844697,1.0
PPP1R3G,0.025587402,0.053763334,0.9795864337162812,1.0
AC019080.6,0.025572488,-0.28711465,0.9795983306067169,1.0
CIDEB,0.025512826,-0.046869457,0.9796459182138108,1.0
CNDP2,0.025441978,-0.11377598,0.9797024285913015,1.0
CERS1,0.025412146,-0.18032362,0.9797262224649457,1.0
AC087239.1,0.025363673,0.07285661,0.9797648875480781,1.0
AGA,0.025210788,0.07025778,0.9798868315827712,1.0
LINC01772,0.025210788,-0.14286217,0.9798868315827712,1.0
AL139424.2,0.02517723,0.05640918,0.9799135998485182,1.0
ATP2B4,0.02514367,-0.07522479,0.9799403681368829,1.0
RRS1-AS1,0.024990786,-0.36876932,0.9800623128470322,1.0
DNAJC9-AS1,0.024640273,-0.18112135,0.9803418951559755,1.0
MED30,0.024606714,0.2053645,0.980368663802124,1.0
VTA1,0.024539595,-0.035618026,0.980422201160707,1.0
SKAP1,0.024502305,-0.34081417,0.9804519441758157,1.0
TTYH1,0.024189083,-0.2080545,0.9807017865715684,1.0
AC046195.1,0.02402874,-0.5669154,0.9808296828177525,1.0
EEF1AKNMT,0.024013827,-0.046539884,0.9808415801680804,1.0
SNX22,0.02393925,-0.37516728,0.9809010669835873,1.0
SBNO1-AS1,0.023928063,-0.051790737,0.9809099900150814,1.0
AC011498.1,0.023894504,-0.052587796,0.98093675912389,1.0
AC022784.5,0.023879588,0.21970037,0.9809486565124749,1.0
LINC02078,0.023864672,0.91968006,0.9809605539052972,1.0
AL353807.2,0.023849757,0.8096513,0.9809724513023544,1.0
AC007655.1,0.023827383,1.8054202,0.980990297405875,1.0
FAM209B,0.023827383,1.6281701,0.980990297405875,1.0
CLPSL1,0.023827383,1.6528,0.980990297405875,1.0
MFAP2,0.023827383,1.4432199,0.980990297405875,1.0
AC099567.1,0.023819925,1.4808968,0.9809962461091631,1.0
AL358334.1,0.023819925,1.6929752,0.9809962461091631,1.0
TMEM114,0.023819925,1.6455529,0.9809962461091631,1.0
TXLNB,0.023819925,1.4916985,0.9809962461091631,1.0
LINC01856,0.023819925,1.4446152,0.9809962461091631,1.0
AC010157.2,0.023812467,1.4814037,0.9810021948135079,1.0
MAL2-AS1,0.023812467,1.6186652,0.9810021948135079,1.0
AP000695.1,0.023812467,1.1166177,0.9810021948135079,1.0
AP001830.2,0.023812467,1.3342588,0.9810021948135079,1.0
GSTM1,0.023812467,1.3631358,0.9810021948135079,1.0
ZDHHC19,0.023812467,1.5188745,0.9810021948135079,1.0
AC007179.1,0.023812467,1.1207365,0.9810021948135079,1.0
COL13A1,0.023812467,1.473928,0.9810021948135079,1.0
FAM198B-AS1,0.023805011,1.3171892,0.9810081435189092,1.0
LINC01787,0.023805011,1.3794776,0.9810081435189092,1.0
GATD3A,0.023805011,0.8296023,0.9810081435189092,1.0
AC007620.3,0.023805011,1.5465106,0.9810081435189092,1.0
AC026353.1,0.023797553,1.0507464,0.9810140922253665,1.0
AC093903.1,0.023797553,1.2568085,0.9810140922253665,1.0
AC002460.1,0.023797553,0.9160233,0.9810140922253665,1.0
PLVAP,0.023797553,1.0089364,0.9810140922253665,1.0
PDE2A,0.023790095,0.85364354,0.9810200409328795,1.0
AC097480.1,0.023790095,0.9863669,0.9810200409328795,1.0
AC008170.1,0.023782637,0.42073232,0.981025989641448,1.0
ITPKA,0.023782637,0.5039556,0.981025989641448,1.0
AC005606.1,0.023782637,0.82203555,0.981025989641448,1.0
AL670729.1,0.023775179,1.017749,0.9810319383510716,1.0
AL078587.1,0.023775179,0.77569145,0.9810319383510716,1.0
LINC01687,0.023775179,0.5662301,0.9810319383510716,1.0
AL359878.1,0.02377145,-0.061657593,0.981034912706279,1.0
AL049828.2,0.02376772,0.61268604,0.98103788706175,1.0
TNFSF8,0.02376772,0.28178778,0.98103788706175,1.0
NOG,0.02376772,0.58318645,0.98103788706175,1.0
TBX2,0.02376772,0.3956228,0.98103788706175,1.0
LINC02413,0.02376772,-0.05436674,0.98103788706175,1.0
AC008798.2,0.02376772,0.5569905,0.98103788706175,1.0
SFRP1,0.023760265,0.40237406,0.9810438357734828,1.0
LINC01146,0.023760265,0.14740784,0.9810438357734828,1.0
CSNKA2IP,0.023760265,0.24161908,0.9810438357734828,1.0
MYOM3,0.023760265,0.45281827,0.9810438357734828,1.0
AC044839.3,0.023760265,0.506981,0.9810438357734828,1.0
APOL6,0.023760265,0.45134097,0.9810438357734828,1.0
AL390839.2,0.023752807,0.3125978,0.9810497844862696,1.0
GRID2IP,0.023752807,0.5810053,0.9810497844862696,1.0
AC100791.3,0.023745349,0.2900056,0.9810557332001102,1.0
AP000763.4,0.023745349,0.037907247,0.9810557332001102,1.0
HDAC11,0.023745349,0.466856,0.9810557332001102,1.0
ALDOA,0.023745349,0.16757886,0.9810557332001102,1.0
STMN4,0.023745349,0.44837722,0.9810557332001102,1.0
PAQR9,0.023745349,0.6156369,0.9810557332001102,1.0
OR6C4,0.02373789,-0.32624906,0.9810616819150043,1.0
FBP2,0.02373789,-0.82870203,0.9810616819150043,1.0
EPB42,0.02373789,-0.31133187,0.9810616819150043,1.0
TTLL8,0.02373789,-0.53192085,0.9810616819150043,1.0
KDF1,0.02373789,0.012797801,0.9810616819150043,1.0
AL359208.1,0.023730433,-0.5668582,0.9810676306309514,1.0
AP001994.2,0.023730433,-0.6791813,0.9810676306309514,1.0
AC015943.1,0.023730433,-0.9470816,0.9810676306309514,1.0
AC097724.1,0.023730433,-0.60727143,0.9810676306309514,1.0
MOGAT3,0.023730433,-0.72653925,0.9810676306309514,1.0
AC020911.1,0.023730433,0.19522512,0.9810676306309514,1.0
AC010327.7,0.023722976,-1.1251135,0.9810735793479514,1.0
AC097518.2,0.023722976,0.551533,0.9810735793479514,1.0
OR8D4,0.023722976,-1.2348291,0.9810735793479514,1.0
AC233992.3,0.023722976,-0.5504734,0.9810735793479514,1.0
OSTM1-AS1,0.023722976,-0.8192711,0.9810735793479514,1.0
LINC02776,0.023722976,-1.924791,0.9810735793479514,1.0
AC010894.2,0.023715518,-1.5515867,0.9810795280660037,1.0
AC124319.1,0.023715518,0.61763704,0.9810795280660037,1.0
AP001107.8,0.023715518,-0.806526,0.9810795280660037,1.0
AC017002.6,0.023715518,-0.7405283,0.9810795280660037,1.0
TNFAIP8L3,0.023715518,-1.4305652,0.9810795280660037,1.0
AC002064.2,0.023715518,-1.2481515,0.9810795280660037,1.0
LBP,0.02370806,0.46947774,0.9810854767851082,1.0
AL139274.2,0.023663314,0.47739518,0.9811211691218109,1.0
AC023593.1,0.023655856,0.35513926,0.9811271178482709,1.0
ADAMTSL4-AS1,0.023637211,-0.15617995,0.9811419896690116,1.0
AC087286.1,0.023633484,0.13064396,0.9811449640339464,1.0
AL137244.1,0.023633484,0.13528489,0.9811449640339464,1.0
AC112219.2,0.023618568,0.35804114,0.9811568614963062,1.0
LINC00636,0.02361111,0.11282993,0.981162810229058,1.0
AC008667.1,0.023603652,0.37004465,0.9811687589628574,1.0
PGGHG,0.023603652,0.19054927,0.9811687589628574,1.0
AC008555.2,0.023603652,0.4129123,0.9811687589628574,1.0
AC092868.2,0.023588737,0.24942362,0.9811806564335971,1.0
CYB561,0.023585008,-0.76976794,0.9811836308019362,1.0
AC078909.2,0.023566363,-0.1620863,0.9811985026475546,1.0
MANEA-DT,0.023551447,-0.09757188,0.9812104001287543,1.0
AL023803.3,0.023551447,0.29971814,0.9812104001287543,1.0
AL096854.1,0.023543991,0.20989105,0.9812163488709215,1.0
PLUT,0.023543991,0.15884538,0.9812163488709215,1.0
AC063943.1,0.023514159,-0.24247544,0.9812401438500323,1.0
DOK4,0.023506703,-0.39901134,0.9812460925974188,1.0
FBXO40,0.023506703,-0.6078255,0.9812460925974188,1.0
TARBP2,0.023491787,-0.00775235,0.98125799009532,1.0
AC073896.4,0.023491787,0.29687047,0.98125799009532,1.0
LINC01708,0.023491787,-0.14311701,0.98125799009532,1.0
KLHDC9,0.023491787,-0.57604825,0.98125799009532,1.0
FNDC10,0.023491787,-0.56884307,0.98125799009532,1.0
AC131025.1,0.023491787,0.07114448,0.98125799009532,1.0
DSP,0.02347687,-0.64920247,0.98126988759739,1.0
AC024267.1,0.023469413,-0.803956,0.9812758363499874,1.0
DNER,0.023469413,-0.027689537,0.9812758363499874,1.0
CACNA2D2,0.023454498,-1.4688475,0.9812877338583055,1.0
AC010615.2,0.023454498,0.2114315,0.9812877338583055,1.0
AC092608.1,0.02341721,-0.0650536,0.9813174776473045,1.0
AL161443.1,0.023413481,-0.39222002,0.9813204520276335,1.0
BX323046.2,0.023394836,0.092153996,0.9813353239331731,1.0
AC126696.2,0.023394836,-0.05371973,0.9813353239331731,1.0
MRM2,0.023372464,-0.24799615,0.9813531702283828,1.0
STAC,0.02332026,-0.2924084,0.9813948116201481,1.0
XKR8,0.023312801,-0.28915808,0.9814007603945412,1.0
AC092070.3,0.023312801,-0.07804483,0.9814007603945412,1.0
STC1,0.023275513,-0.34589314,0.9814305042820143,1.0
GNAO1,0.023268055,-0.37052742,0.981436453062608,1.0
AC007493.1,0.023103986,-0.7079226,0.981567326496249,1.0
FHDC1,0.023081612,0.2804558,0.9815851729120796,1.0
SPOCK3,0.023014493,-0.35872698,0.9816387122148318,1.0
AC022007.1,0.023007035,-0.21603459,0.9816446610313583,1.0
AC127070.2,0.02299212,-0.3888498,0.9816565586674729,1.0
AC009095.1,0.022947373,-0.4829362,0.9816922516002872,1.0
FRMPD4-AS1,0.022947373,-1.3726315,0.9816922516002872,1.0
BAG1,0.022816863,-0.053846538,0.9817963561967383,1.0
AL136221.1,0.022805678,-0.029917624,0.9818052794623127,1.0
MYH2,0.022708727,-0.06990597,0.9818826145258628,1.0
RPL18,0.022559572,-0.08581582,0.9820015918789193,1.0
MACROD2-AS1,0.02253347,-0.0699256,0.9820224129569393,1.0
AC008443.9,0.022447707,-0.4475401,0.9820908251565811,1.0
PROCA1,0.02243652,-0.17935589,0.9820997484966899,1.0
RTCA-AS1,0.022391774,0.033435352,0.9821354418795104,1.0
PHLDB1,0.022365673,-0.03129989,0.9821562630360091,1.0
IL17RB,0.022335842,0.052303888,0.9821800586583193,1.0
AL591721.1,0.022335842,0.022291275,0.9821800586583193,1.0
AC108449.1,0.022283638,0.35867646,0.9822217010355002,1.0
NSL1,0.022264993,-0.038596544,0.9822365733248106,1.0
B3GNT5,0.022209061,-0.21242839,0.9822811902297633,1.0
IFIT1B,0.021955498,-0.19579072,0.9824834542252932,1.0
LINC00461,0.021873463,-0.030306732,0.9825488928184977,1.0
AL031663.3,0.021798886,-0.10544041,0.9826083825505904,1.0
AC243654.1,0.0217877,0.2903479,0.9826173060187537,1.0
AC084882.1,0.02165719,0.057797313,0.9827214133077359,1.0
STX12,0.02162736,-0.070841484,0.9827452093008833,1.0
CAMKV,0.021612443,0.40555716,0.9827571073032155,1.0
GIN1,0.021500578,-0.009397325,0.9828463424427781,1.0
C6orf120,0.021448374,-0.15416747,0.9828879855814252,1.0
MAMLD1,0.021239558,0.52946645,0.9830545586011538,1.0
AC092131.1,0.0212321,0.3349331,0.9830605076512794,1.0
FASTKD5,0.021228371,-0.5294318,0.9830634821766955,1.0
AC004982.1,0.021224642,0.99560046,0.983066456702347,1.0
SULT1C2,0.021213457,0.4203634,0.9830753802807141,1.0
MPPED2-AS1,0.021176167,1.5684782,0.9831051255572251,1.0
AC055854.1,0.021176167,1.660588,0.9831051255572251,1.0
AC097478.2,0.021176167,1.7286932,0.9831051255572251,1.0
AL365259.1,0.021172438,0.94233584,0.9831081000861687,1.0
CASR,0.02116871,1.2315185,0.9831110746153472,1.0
SCN1B,0.02116871,1.6101215,0.9831110746153472,1.0
AC061975.1,0.02116871,1.1737694,0.9831110746153472,1.0
BICDL2,0.021161253,1.180497,0.9831170236744083,1.0
C9orf106,0.021161253,1.3533244,0.9831170236744083,1.0
APOF,0.021161253,1.6471555,0.9831170236744083,1.0
SPATA25,0.021161253,1.1069249,0.9831170236744083,1.0
ADM2,0.021153795,1.064618,0.9831229727344084,1.0
TCF25,0.021153795,-0.039004505,0.9831229727344084,1.0
AP003464.1,0.021153795,1.1868259,0.9831229727344084,1.0
ZSCAN1,0.021153795,1.238658,0.9831229727344084,1.0
LINC01271,0.021153795,0.9623057,0.9831229727344084,1.0
STK32A-AS1,0.021153795,1.1424961,0.9831229727344084,1.0
AC120498.9,0.021153795,0.9683101,0.9831229727344084,1.0
CD8B,0.021153795,0.99200046,0.9831229727344084,1.0
PLAU,0.021150066,0.82299757,0.9831259472647604,1.0
KIF25,0.021146337,1.1405913,0.983128921795347,1.0
TMEM171,0.021146337,0.9770424,0.983128921795347,1.0
MGAT4D,0.021146337,1.0778943,0.983128921795347,1.0
VWA2,0.021146337,0.97660166,0.983128921795347,1.0
AL450332.1,0.021146337,1.1516469,0.983128921795347,1.0
AC005962.1,0.021146337,0.79278183,0.983128921795347,1.0
KLHL14,0.021138879,0.8795514,0.9831348708572238,1.0
AC026904.2,0.021138879,0.9056743,0.9831348708572238,1.0
AC105137.2,0.021138879,0.9812239,0.9831348708572238,1.0
AL354714.1,0.021138879,0.8252967,0.9831348708572238,1.0
AC015853.2,0.02113142,0.81597894,0.9831408199200384,1.0
RXFP4,0.02113142,0.7397695,0.9831408199200384,1.0
AC104656.1,0.021127693,0.27884734,0.9831437944517973,1.0
SMOC2,0.021123964,0.6738716,0.9831467689837906,1.0
AC009065.7,0.021123964,0.7017435,0.9831467689837906,1.0
NRG3-AS1,0.021123964,0.54344434,0.9831467689837906,1.0
THTPA,0.021123964,0.6803366,0.9831467689837906,1.0
LINC00620,0.021123964,0.84806377,0.9831467689837906,1.0
LINC00167,0.021123964,0.8046807,0.9831467689837906,1.0
LINC01978,0.021123964,0.62664396,0.9831467689837906,1.0
AC103843.1,0.021123964,0.649542,0.9831467689837906,1.0
AC011195.2,0.021116506,0.29013672,0.9831527180484799,1.0
TTC39A-AS1,0.021116506,0.6372378,0.9831527180484799,1.0
RHAG,0.021116506,0.65553117,0.9831527180484799,1.0
AL139008.2,0.021116506,-0.06680317,0.9831527180484799,1.0
AC130456.5,0.021116506,0.61156964,0.9831527180484799,1.0
AP000470.1,0.021109048,0.222478,0.9831586671141062,1.0
AC116914.1,0.021109048,0.6043318,0.9831586671141062,1.0
FMR1NB,0.021109048,0.65596247,0.9831586671141062,1.0
LINC02220,0.021109048,0.068026945,0.9831586671141062,1.0
LINC01620,0.02110159,0.36337242,0.9831646161806689,1.0
AL662889.1,0.02110159,0.26896396,0.9831646161806689,1.0
AC004490.1,0.02110159,0.42056388,0.9831646161806689,1.0
CYSLTR2,0.02110159,0.51825315,0.9831646161806689,1.0
AC091906.1,0.02110159,0.4558018,0.9831646161806689,1.0
TMCO2,0.02110159,0.20610431,0.9831646161806689,1.0
AC145207.8,0.02110159,0.23773545,0.9831646161806689,1.0
TAS2R40,0.02110159,-0.078043036,0.9831646161806689,1.0
AC113418.1,0.02110159,0.28145754,0.9831646161806689,1.0
AC006213.1,0.021097861,0.462607,0.9831675907143014,1.0
AL158175.1,0.021094132,-1.411749,0.9831705652481678,1.0
PSORS1C1,0.021094132,0.12882416,0.9831705652481678,1.0
C6orf47-AS1,0.021094132,-0.1371955,0.9831705652481678,1.0
BOD1L2,0.021094132,0.038924344,0.9831705652481678,1.0
DSCAS,0.021094132,-0.48355284,0.9831705652481678,1.0
AC010136.1,0.021094132,-0.17866263,0.9831705652481678,1.0
VSIR,0.021094132,0.2650572,0.9831705652481678,1.0
PWWP3B,0.021086674,-0.5817711,0.9831765143166027,1.0
NR1I2,0.021086674,0.16427425,0.9831765143166027,1.0
AL392048.1,0.021086674,-0.7668237,0.9831765143166027,1.0
LINC01431,0.021086674,0.2241677,0.9831765143166027,1.0
AC090994.1,0.021086674,-0.20650408,0.9831765143166027,1.0
AC097641.2,0.021079218,-0.75122267,0.983182463385973,1.0
MSMP,0.021079218,-0.9882201,0.983182463385973,1.0
GML,0.02107176,-0.725693,0.9831884124562786,1.0
GHET1,0.02107176,-1.234792,0.9831884124562786,1.0
AC114977.1,0.02107176,-1.6343577,0.9831884124562786,1.0
MDFIC2,0.02107176,-1.1400594,0.9831884124562786,1.0
AL356489.4,0.02107176,-1.1511848,0.9831884124562786,1.0
TM4SF4,0.02107176,-0.9297568,0.9831884124562786,1.0
ZNF723,0.02107176,-0.3272639,0.9831884124562786,1.0
ITGB6,0.021064302,-1.2695775,0.983194361527519,1.0
AC022498.1,0.021064302,-0.933793,0.983194361527519,1.0
MX1,0.021064302,-1.0230747,0.983194361527519,1.0
PTPRN,0.021056844,-0.79503965,0.983200310599694,1.0
AC114930.1,0.021056844,-1.5997262,0.983200310599694,1.0
MLPH,0.021056844,-1.0830256,0.983200310599694,1.0
FBLN5,0.021056844,-1.5114521,0.983200310599694,1.0
AC020934.1,0.021056844,-0.76066333,0.983200310599694,1.0
AL590729.1,0.021056844,-1.4704795,0.983200310599694,1.0
A1BG,0.021053115,0.28606877,0.9832032851361319,1.0
AC100849.1,0.021045657,0.38136297,0.9832092342097081,1.0
CEMP1,0.021030743,0.34824884,0.9832211323596614,1.0
LINC02046,0.02100091,0.20803672,0.9832449286707619,1.0
AC073052.2,0.02100091,0.13039029,0.9832449286707619,1.0
KNDC1,0.02100091,0.21905904,0.9832449286707619,1.0
DSPP,0.02100091,0.25239888,0.9832449286707619,1.0
SLC25A51,0.020959893,-0.044321917,0.9832776486228625,1.0
AC020558.1,0.02094125,0.2591157,0.9832925213376652,1.0
ELAVL3,0.02094125,0.09423829,0.9832925213376652,1.0
AC100814.1,0.020926334,-0.0029117155,0.9833044195136886,1.0
AL499616.1,0.020918876,-0.10228409,0.9833103686030931,1.0
AC007106.2,0.020918876,-0.28333408,0.9833103686030931,1.0
IL11,0.020903962,-0.2571889,0.983322266784686,1.0
AL592156.2,0.020903962,-0.23132817,0.983322266784686,1.0
AC108451.1,0.020877859,0.1797896,0.9833430886113986,1.0
AC022433.1,0.02087413,-0.48568815,0.9833460631589985,1.0
AL138716.1,0.02087413,-0.49151117,0.9833460631589985,1.0
LINC01226,0.020862944,0.47876847,0.983354986803187,1.0
TRPC7,0.020836841,0.17254429,0.9833758086477242,1.0
SUCLA2-AS1,0.020825654,-0.0119569665,0.9833847322988506,1.0
AC009313.1,0.02081447,-0.43651566,0.9833936559520559,1.0
AC009365.1,0.020795824,0.058958776,0.9834085287120148,1.0
LINC02421,0.02078091,0.19587733,0.983420426924134,1.0
PGLYRP2,0.020762265,-1.06827,0.983435299694469,1.0
AC084824.3,0.020758536,0.21345258,0.9834382742492269,1.0
AC067945.3,0.020732434,-1.3574424,0.9834590961389776,1.0
AC079385.1,0.020691417,-0.08230869,0.9834918162742033,1.0
AC006197.2,0.020661585,-0.33848426,0.9835156127536311,1.0
PREB,0.020657856,-0.1418911,0.9835185873145912,1.0
LINC00653,0.02064667,-0.26064026,0.9835275109988464,1.0
AP001341.1,0.020631755,-0.06460163,0.9835394092477258,1.0
DCDC1,0.020527346,-0.041385982,0.9836226970922546,1.0
AC025175.2,0.020475144,-0.04008566,0.9836643410815148,1.0
MIAT,0.020437853,0.06413789,0.9836940868153884,1.0
AXDND1,0.020437853,0.13572688,0.9836940868153884,1.0
DISP3,0.02038565,-0.032348312,0.9837357308808865,1.0
AC010991.1,0.020370735,-1.1235627,0.9837476291934595,1.0
LINC01693,0.020296158,-1.1621163,0.9838071208104993,1.0
ZNF732,0.020195479,-0.6147321,0.9838874346362807,1.0
MMP23B,0.020195479,-0.4588889,0.9838874346362807,1.0
AC078795.2,0.020154461,-0.4000261,0.9839201551306843,1.0
TRMT12,0.019878525,0.12605251,0.9841402755206419,1.0
CPSF2,0.019833779,-0.07379479,0.9841759708332273,1.0
MRPL22,0.019729372,-0.06332088,0.9842592600189997,1.0
AC025287.3,0.019662252,-0.19807804,0.9843128031576517,1.0
MAPKAPK5-AS1,0.019658523,-0.15726894,0.9843157777785397,1.0
ZNF226,0.019445978,-0.022379883,0.9844853315283238,1.0
VAT1,0.019363943,0.0023081086,0.9845507735143437,1.0
BHLHE41,0.019334113,-0.12838762,0.9845745706259664,1.0
EMC9,0.01927818,0.14026274,0.9846191902472358,1.0
HERC2,0.019162586,0.0064966185,0.9847114042834986,1.0
AC068473.5,0.019155128,-1.0498449,0.9847173535831881,1.0
FBXO44,0.019106653,-0.5416366,0.984756024051871,1.0
DUSP19,0.019054448,-0.35631198,0.9847976692120436,1.0
CERS4,0.018927667,-0.084317446,0.9848988076304162,1.0
MKNK1,0.01872258,0.13656576,0.9850624144085685,1.0
RBM38,0.018718852,-0.038011175,0.9850653890830978,1.0
RNF139-AS1,0.018659191,-0.19482242,0.9851129839037776,1.0
LINC02196,0.018651733,0.80912334,0.9851189332600915,1.0
AC005291.1,0.018636817,0.50171906,0.9851308319752016,1.0
AL158825.2,0.018606987,0.50626755,0.9851546294153418,1.0
CACNG3,0.01856224,0.85119456,0.9851903256003127,1.0
EPX,0.018539866,0.20861171,0.9852081737039209,1.0
NUDT18,0.018524952,1.844979,0.9852200724437732,1.0
FAM49A,0.018524952,1.893229,0.9852200724437732,1.0
LINC02094,0.018524952,1.5217454,0.9852200724437732,1.0
LINC00687,0.018524952,1.48903,0.9852200724437732,1.0
OR52H1,0.018517494,1.5099285,0.9852260218149325,1.0
MEG3,0.018517494,1.4351434,0.9852260218149325,1.0
AL451166.1,0.018517494,1.3546587,0.9852260218149325,1.0
AC079630.1,0.018517494,1.6777663,0.9852260218149325,1.0
LINC02549,0.018510036,1.2109494,0.9852319711869132,1.0
NUDT8,0.018502578,0.5304369,0.9852379205597153,1.0
CEBPA-DT,0.018502578,0.98445743,0.9852379205597153,1.0
AC102945.1,0.018502578,1.0074353,0.9852379205597153,1.0
AC025576.1,0.01849512,0.5513439,0.9852438699333383,1.0
HBB,0.01849512,0.89324677,0.9852438699333383,1.0
AC005358.2,0.01849512,0.87271655,0.9852438699333383,1.0
AL021707.5,0.01849512,0.7991438,0.9852438699333383,1.0
LINC02763,0.018487664,0.8119673,0.9852498193077819,1.0
ITPR1-DT,0.018487664,0.9646397,0.9852498193077819,1.0
KRT15,0.018487664,0.95743227,0.9852498193077819,1.0
AC112496.1,0.018487664,0.752209,0.9852498193077819,1.0
AL445423.1,0.018487664,0.94137245,0.9852498193077819,1.0
AC138696.2,0.018480206,0.5759076,0.9852557686830458,1.0
KRT86,0.018480206,0.58567286,0.9852557686830458,1.0
TNFSF12,0.018480206,0.550894,0.9852557686830458,1.0
AP000542.3,0.018472748,0.5017534,0.9852617180591297,1.0
USP30-AS1,0.018472748,0.7810739,0.9852617180591297,1.0
HSPB9,0.018472748,0.6098176,0.9852617180591297,1.0
ACRBP,0.01846529,0.65368146,0.9852676674360331,1.0
LINC02749,0.01846529,0.7122647,0.9852676674360331,1.0
AC024933.1,0.01846529,0.34711003,0.9852676674360331,1.0
CCDC122,0.01846529,0.53282833,0.9852676674360331,1.0
AL137798.2,0.01846529,0.42666063,0.9852676674360331,1.0
SLC38A3,0.01846529,0.700011,0.9852676674360331,1.0
AC093248.1,0.01846529,0.44838348,0.9852676674360331,1.0
AC106744.1,0.018457832,0.5699244,0.9852736168137558,1.0
OR3A3,0.018457832,0.56116414,0.9852736168137558,1.0
MST1R,0.018450374,0.37056214,0.9852795661922975,1.0
FLJ45513,0.018450374,0.4741216,0.9852795661922975,1.0
LINC01744,0.018450374,0.18775173,0.9852795661922975,1.0
LINC00507,0.018450374,0.39340168,0.9852795661922975,1.0
RIN1,0.018450374,0.07780389,0.9852795661922975,1.0
OR2A42,0.018442918,0.5120195,0.9852855155716578,1.0
MMP14,0.018442918,0.019197766,0.9852855155716578,1.0
PDYN-AS1,0.01843546,-0.37937358,0.9852914649518364,1.0
OR6J1,0.01843546,-0.48503864,0.9852914649518364,1.0
AKR1B15,0.01843546,-0.63534117,0.9852914649518364,1.0
AC064834.1,0.01843546,-0.18097219,0.9852914649518364,1.0
SLC7A13,0.01843546,-0.4470568,0.9852914649518364,1.0
NRROS,0.01843546,-0.18914568,0.9852914649518364,1.0
CNR1,0.018428002,-0.2685111,0.9852974143328329,1.0
AC012673.1,0.018420544,-1.2398499,0.9853033637146471,1.0
AC026979.3,0.018420544,-0.8226223,0.9853033637146471,1.0
AC093627.4,0.018420544,-0.5000189,0.9853033637146471,1.0
AC092068.3,0.018420544,-0.7794046,0.9853033637146471,1.0
PRR27,0.018420544,-0.7881938,0.9853033637146471,1.0
AC092755.2,0.018420544,-0.50260776,0.9853033637146471,1.0
AC020658.3,0.018413085,-0.9184526,0.9853093130972785,1.0
ARRDC5,0.018413085,-1.4773808,0.9853093130972785,1.0
AC006040.1,0.018413085,-1.21331,0.9853093130972785,1.0
NOVA2,0.018413085,-0.95125204,0.9853093130972785,1.0
KCNK1,0.018413085,-0.80554354,0.9853093130972785,1.0
LINC01339,0.018413085,-1.4662346,0.9853093130972785,1.0
EPOR,0.018413085,-1.1648835,0.9853093130972785,1.0
AC008434.1,0.018405627,-1.6386089,0.985315262480727,1.0
VSIG2,0.018405627,-1.3683223,0.985315262480727,1.0
CLEC11A,0.018405627,-0.81953686,0.985315262480727,1.0
AL133166.1,0.018398171,-1.5748072,0.9853212118649921,1.0
AC004908.2,0.018383255,0.31104398,0.9853331106359708,1.0
AC096711.2,0.018383255,0.2658005,0.9853331106359708,1.0
AC097658.2,0.018375797,0.40471783,0.9853390600226838,1.0
PCOTH,0.018360881,0.22318363,0.9853509587985554,1.0
CCL28,0.018353425,0.23151506,0.9853569081877133,1.0
AL445584.2,0.018353425,0.2797609,0.9853569081877133,1.0
CHST4,0.018345967,0.41652247,0.9853628575776856,1.0
CTSW,0.018327322,0.11254951,0.9853777310561767,1.0
LINC00339,0.018327322,-0.24513486,0.9853777310561767,1.0
PCDHB13,0.018316137,0.04494513,0.9853866551457111,1.0
AC010173.1,0.01830122,-0.13023904,0.9853985539346013,1.0
DAD1,0.018293763,-0.11397097,0.9854045033302645,1.0
AC079790.1,0.018286305,-0.14249608,0.9854104527267394,1.0
ARC,0.01827139,-0.103410296,0.9854223515221229,1.0
LINC00954,0.018263932,0.22231789,0.9854283009210308,1.0
AC103746.1,0.018249016,-0.18900475,0.9854401997212775,1.0
LINC02267,0.0182341,0.10470722,0.9854520985247628,1.0
AC016405.1,0.018226644,-0.46671999,0.9854580479277192,1.0
AL353708.2,0.018219186,-0.111229144,0.9854639973314843,1.0
SATB1-AS1,0.018219186,-0.25909132,0.9854639973314843,1.0
GABRG3,0.018219186,0.3023305,0.9854639973314843,1.0
AC021188.1,0.018211728,0.112731375,0.9854699467360577,1.0
ADH1B,0.018189354,-0.29485643,0.985487794954625,1.0
LINC00488,0.018092405,-1.6475209,0.9855651373189007,1.0
UBE2Z,0.018084947,-0.039331138,0.9855710867371658,1.0
SHCBP1L,0.018070031,-0.12645023,0.9855829855761028,1.0
FER1L6-AS2,0.018070031,0.14776981,0.9855829855761028,1.0
ABCG2,0.018047659,-1.7908326,0.9856008338405207,1.0
AC092757.3,0.01804393,0.19577038,0.9856038085519578,1.0
Z82217.1,0.018025285,0.1346043,0.9856186821121453,1.0
AC022893.2,0.018025285,0.040146284,0.9856186821121453,1.0
AL022238.2,0.018021556,-0.021367248,0.9856216568247828,1.0
RIT2,0.01797308,-0.3279811,0.9856603281072458,1.0
TCP11L2,0.01794325,0.024408372,0.9856841258362831,1.0
AF129075.1,0.017935792,-0.4108533,0.9856900752705334,1.0
MPIG6B,0.017928334,-0.005812081,0.9856960247055797,1.0
C16orf96,0.017861215,-0.1615341,0.9857495696567521,1.0
NLE1,0.017835114,-0.07245685,0.985770392710668,1.0
AL359541.1,0.017831385,-0.6356533,0.9857733674334477,1.0
AL450467.1,0.017697146,-1.1372999,0.9858804575849232,1.0
AL162408.1,0.017697146,0.11060273,0.9858804575849232,1.0
UNC80,0.01768223,-0.37751433,0.9858923565063822,1.0
AC109642.1,0.01762257,-0.17589463,0.9859399522235736,1.0
SLC35B2,0.01745477,-0.081613936,0.9860738154459164,1.0
AC016747.1,0.017443584,-0.064610615,0.9860827396747213,1.0
AL158198.1,0.017320532,-0.21671596,0.9861809063062622,1.0
ZYX,0.017301887,0.08902149,0.9861957800566026,1.0
HDAC10,0.017186293,0.06332738,0.9862879974156039,1.0
CCDC191,0.017182564,-0.11774394,0.9862909721721769,1.0
LINC00863,0.017145276,-0.18900108,0.9863207197483829,1.0
C12orf74,0.017014766,-0.21285799,0.9864248364146013,1.0
TACR1,0.01676866,-0.034876406,0.9866211713271025,1.0
THAP4,0.01673883,-0.020537997,0.9866449695536094,1.0
Z97055.2,0.016548658,-0.37026078,0.9867966835260481,1.0
POU3F1,0.016429335,-0.5503374,0.9868918768509186,1.0
LINC02224,0.016395776,0.56850165,0.9869186500072209,1.0
SGK3,0.016235435,-0.100481,0.9870465664012513,1.0
DLEC1,0.016168315,-0.548622,0.9871001128978129,1.0
CACNG4,0.016168315,0.38035187,0.9871001128978129,1.0
AL359632.1,0.01602289,0.515602,0.9872161305060543,1.0
PHKA2-AS1,0.015963228,0.84769523,0.9872637275518814,1.0
AC008569.1,0.015952041,1.0652846,0.9872726520030257,1.0
ITPKB,0.015933398,-0.15550035,0.9872875260918047,1.0
MAEL,0.01589238,0.75626487,0.9873202491026647,1.0
AC099684.2,0.015884923,0.19971326,0.9873261987432962,1.0
UXT-AS1,0.015877465,0.7973735,0.9873321483846326,1.0
TIPARP-AS1,0.015873736,1.3821511,0.9873351232055649,1.0
LINC01862,0.015873736,2.3390796,0.9873351232055649,1.0
REP15,0.015870007,0.72999924,0.9873380980266735,1.0
LINC01549,0.015866278,1.0687486,0.9873410728479579,1.0
AL161714.1,0.015866278,1.4578639,0.9873410728479579,1.0
EVX2,0.015866278,1.1994629,0.9873410728479579,1.0
AP000561.1,0.015866278,0.9631779,0.9873410728479579,1.0
AC092745.1,0.015866278,1.1731097,0.9873410728479579,1.0
PTGER2,0.01585882,1.1933763,0.987347022491055,1.0
CSF3R,0.01585882,1.0420378,0.987347022491055,1.0
LINC02378,0.01585882,1.064579,0.987347022491055,1.0
GAS6,0.01585882,0.91598237,0.987347022491055,1.0
SOX30,0.01585882,1.2799574,0.987347022491055,1.0
APOC4,0.01585882,1.1210681,0.987347022491055,1.0
BARX2,0.01585882,1.0398443,0.987347022491055,1.0
AL445228.2,0.015851364,0.8201562,0.9873529721348556,1.0
TRIM63,0.015851364,1.0251683,0.9873529721348556,1.0
LINC02471,0.015851364,1.0743883,0.9873529721348556,1.0
SUN3,0.015851364,0.89485955,0.9873529721348556,1.0
LINC00658,0.015851364,1.1581866,0.9873529721348556,1.0
JARID2-AS1,0.015851364,0.92305976,0.9873529721348556,1.0
LINC02791,0.015843906,1.0344483,0.9873589217793596,1.0
LINC01926,0.015843906,0.9008177,0.9873589217793596,1.0
GRK7,0.015836447,0.23029894,0.9873648714245665,1.0
AC013470.2,0.015836447,0.892941,0.9873648714245665,1.0
AC009869.1,0.01582899,0.44187048,0.9873708210704762,1.0
AL162511.1,0.01582899,0.5173354,0.9873708210704762,1.0
C9orf92,0.01582899,0.7780838,0.9873708210704762,1.0
OLFM3,0.01582899,0.51868314,0.9873708210704762,1.0
MAL2,0.01582899,0.82206756,0.9873708210704762,1.0
AL391811.1,0.01582899,0.7037108,0.9873708210704762,1.0
AC009108.3,0.01582899,0.5731554,0.9873708210704762,1.0
AL139099.1,0.01582526,0.58043444,0.9873737958936945,1.0
SOD2-OT1,0.015821531,0.49573907,0.9873767707170883,1.0
TRIM67,0.015814073,0.4467489,0.9873827203644023,1.0
CMKLR1,0.015814073,0.46577552,0.9873827203644023,1.0
SH3TC2-DT,0.015806617,0.17157643,0.987388670012418,1.0
ZP1,0.015806617,0.42671978,0.987388670012418,1.0
LINC01579,0.015802888,0.2814983,0.9873916448366888,1.0
LINC02363,0.01579543,0.503553,0.9873975944857565,1.0
AL009181.1,0.015791701,0.26185888,0.9874005693105531,1.0
CDH7,0.015784243,-0.32816523,0.9874065189606719,1.0
AC012462.1,0.015784243,-0.21309836,0.9874065189606719,1.0
AC073896.5,0.015784243,0.40207797,0.9874065189606719,1.0
LINC01923,0.015784243,0.15580755,0.9874065189606719,1.0
SELENOP,0.015784243,-0.1274119,0.9874065189606719,1.0
AL390067.1,0.015784243,0.27341983,0.9874065189606719,1.0
AC093426.1,0.015784243,0.13386351,0.9874065189606719,1.0
AC099344.1,0.015784243,0.057777636,0.9874065189606719,1.0
MYD88,0.015784243,0.166521,0.9874065189606719,1.0
CCDC167,0.015780514,0.04750896,0.987409493785994,1.0
ROPN1L,0.015780514,0.46626347,0.987409493785994,1.0
HSF5,0.015780514,0.61135733,0.987409493785994,1.0
AC025470.2,0.015776785,-0.33801776,0.987412468611491,1.0
AZU1,0.015769327,-0.3726818,0.9874184182630102,1.0
AC113382.1,0.015769327,-0.045343924,0.9874184182630102,1.0
TNMD,0.01576187,-0.8372017,0.987424367915229,1.0
GRM7-AS1,0.01576187,-0.36581916,0.987424367915229,1.0
AC004522.4,0.01576187,-0.41892144,0.987424367915229,1.0
RSAD2,0.01576187,-0.58379066,0.987424367915229,1.0
AC080129.2,0.01576187,-1.7614024,0.987424367915229,1.0
LINC01621,0.01576187,-1.1308585,0.987424367915229,1.0
AC124068.2,0.01576187,-0.24199513,0.987424367915229,1.0
AC096708.3,0.015754413,-1.5293345,0.9874303175681473,1.0
CRYBB2,0.015754413,-0.7450024,0.9874303175681473,1.0
TPRG1-AS1,0.015754413,-0.6262636,0.9874303175681473,1.0
LINC01510,0.015754413,-0.59985936,0.9874303175681473,1.0
AL138921.2,0.015754413,-1.5656492,0.9874303175681473,1.0
AL135999.2,0.015754413,-1.0220017,0.9874303175681473,1.0
AC079768.3,0.015746955,-1.7811657,0.9874362672217646,1.0
IL9R,0.015746955,-1.0801535,0.9874362672217646,1.0
AC092110.1,0.015746955,-1.7033628,0.9874362672217646,1.0
LINC00836,0.015746955,-1.7705688,0.9874362672217646,1.0
AL365272.1,0.015746955,-0.48533058,0.9874362672217646,1.0
APOA1,0.015743226,0.3293387,0.9874392420488352,1.0
FER1L6-AS1,0.015739497,-1.4528811,0.9874422168760805,1.0
TRIM7,0.015739497,-1.0406109,0.9874422168760805,1.0
AF230666.2,0.01572458,0.3949842,0.9874541161868072,1.0
LINC01962,0.015720854,0.4328112,0.9874570910149251,1.0
AC092718.5,0.015713396,0.31860635,0.9874630406716839,1.0
AC004943.3,0.015713396,0.29729262,0.9874630406716839,1.0
AL807757.1,0.015705938,0.12330371,0.9874689903291399,1.0
LINC02233,0.015653733,0.021626165,0.9875106379508265,1.0
IQCA1,0.015638817,0.016609222,0.9875225372775644,1.0
CD53,0.015605258,0.22682947,0.9875493107728692,1.0
AL020996.1,0.01560153,0.19948861,0.987552285606547,1.0
FO393418.1,0.015575428,0.13349746,0.9875731094471344,1.0
DKKL1,0.015571699,-0.1698826,0.9875760842821955,1.0
AC016831.1,0.015571699,-0.50202805,0.9875760842821955,1.0
AL390783.1,0.01553441,-0.5070797,0.9876058326422996,1.0
FCHSD1,0.015526952,-0.6735313,0.9876117823163896,1.0
AC069544.1,0.015523223,0.1901815,0.987614757153693,1.0
AC107220.1,0.015519494,-0.7107211,0.9876177319911685,1.0
OR7A17,0.015519494,0.08724406,0.9876177319911685,1.0
LINC02336,0.015515766,0.0036536504,0.9876207068288163,1.0
AC011773.3,0.015459833,-0.011920623,0.9876653294141623,1.0
LINC01331,0.015448647,-0.13503975,0.9876742539358663,1.0
DDX43,0.015422544,-1.560549,0.9876950778258381,1.0
ODC1-DT,0.015422544,-0.19120209,0.9876950778258381,1.0
ZNF503-AS2,0.015415086,-1.2299372,0.9877010275102276,1.0
AC110792.2,0.0154039,0.08943647,0.9877099520380941,1.0
HCG20,0.015396442,0.095973365,0.9877159017241928,1.0
SCIN,0.015351696,-0.28125614,0.9877515998551201,1.0
AL136984.1,0.015351696,-0.0027028583,0.9877515998551201,1.0
ACSS1,0.015321865,-0.38024628,0.9877753986226995,1.0
WNT10B,0.015318137,-0.05800799,0.9877783734694121,1.0
AC006435.1,0.015269661,-0.32087559,0.9878170464921248,1.0
WNK4,0.015236101,-0.13636678,0.9878438201400078,1.0
ZNF737,0.015198813,-0.14185718,0.9878735686537105,1.0
AL355916.1,0.015101863,0.011343738,0.9879509148681376,1.0
PTGER4,0.015098134,-0.052510504,0.9879538897248048,1.0
AL121772.3,0.015094405,-0.13861823,0.9879568645816396,1.0
AL929236.1,0.015075761,-0.116766654,0.9879717388683239,1.0
AL356481.3,0.01504593,-1.0555922,0.9879955377357129,1.0
FAM180A,0.01504593,-0.13966955,0.9879955377357129,1.0
GAL3ST2,0.015042201,-0.38698983,0.987998512594888,1.0
PMCH,0.01501237,-0.34235403,0.9880223114742923,1.0
SP100,0.014934064,-0.28985015,0.9880847835833826,1.0
TMEM217,0.014829656,-0.225512,0.9881680798424135,1.0
AL121652.1,0.01468796,-0.3413897,0.9882811249714983,1.0
CUL4B,0.014508975,-0.12711105,0.9884239191547698,1.0
MGA,0.014486602,-0.007242415,0.9884417684538459,1.0
RILPL2,0.01439338,0.015349271,0.9885161405954989,1.0
ALOX5,0.014348634,-0.086475894,0.9885518392589776,1.0
YDJC,0.0140689695,-0.021054814,0.9887749564221735,1.0
CD101,0.014054054,0.023357144,0.9887868560290238,1.0
STAT6,0.014009308,-0.30613825,0.9888225548645306,1.0
ADGRL1,0.013916086,0.44324225,0.9888969275102952,1.0
TSHZ1,0.013886256,-0.102458894,0.9889207267773478,1.0
MR1,0.013856425,1.0690088,0.988944526054259,1.0
AC138969.1,0.013737102,0.2096384,0.9890397232600658,1.0
AC024075.2,0.013684898,-0.14994343,0.9890813720867546,1.0
PDCL2,0.013677441,-0.060304433,0.9890873219215702,1.0
GOLGA8N,0.013476082,0.5382944,0.9892479676899165,1.0
TAS2R5,0.013446251,0.8828224,0.989271767100236,1.0
PHETA1,0.013349301,0.2588507,0.9893491152495931,1.0
TRIM65,0.013289639,-0.020835081,0.9893967141605389,1.0
IL23R,0.013267266,0.8856887,0.9894145637618825,1.0
CASK-AS1,0.0132523505,0.78198886,0.9894264634990557,1.0
AC093330.3,0.01322252,1.3762937,0.9894502629804559,1.0
NUDT9,0.01322252,-0.08843723,0.9894502629804559,1.0
AC073071.1,0.013215062,1.3578331,0.9894562128522735,1.0
LINC00407,0.013215062,1.2002726,0.9894562128522735,1.0
AL445490.1,0.013215062,0.90333307,0.9894562128522735,1.0
SLITRK3,0.013215062,1.1325692,0.9894562128522735,1.0
AC044893.1,0.013215062,1.224795,0.9894562128522735,1.0
BTBD9-AS1,0.013207604,1.1004962,0.9894621627246776,1.0
PPP1R27,0.013207604,0.9394054,0.9894621627246776,1.0
VSIG10L,0.013207604,1.170232,0.9894621627246776,1.0
AC092418.2,0.013207604,1.0671421,0.9894621627246776,1.0
AL132657.1,0.013207604,1.1290398,0.9894621627246776,1.0
LINC01429,0.013200147,1.2077283,0.9894681125976676,1.0
MS4A2,0.013192689,0.78501475,0.9894740624712435,1.0
AL050404.1,0.013185231,0.6516095,0.9894800123454047,1.0
AC010641.2,0.013185231,0.66872615,0.9894800123454047,1.0
AC099788.1,0.013177774,0.8340695,0.989485962220151,1.0
SCN10A,0.013177774,0.84287363,0.989485962220151,1.0
UPK3B,0.013177774,0.69599193,0.989485962220151,1.0
AC009065.6,0.013170316,0.48154098,0.9894919120954819,1.0
AC103769.1,0.013162858,0.57327694,0.9894978619713973,1.0
AC007325.4,0.013155401,0.13735375,0.9895038118478968,1.0
AC022035.1,0.013147943,0.17580831,0.98950976172498,1.0
FP325332.1,0.013147943,0.40276027,0.98950976172498,1.0
FZD10,0.013140485,0.09457753,0.9895157116026466,1.0
AC025263.1,0.013140485,-0.1199425,0.9895157116026466,1.0
CRIP2,0.013133028,-0.020128975,0.9895216614808963,1.0
C1QTNF6,0.013133028,0.022463368,0.9895216614808963,1.0
AC025175.1,0.013133028,0.6939627,0.9895216614808963,1.0
AC008708.2,0.013133028,-0.29527003,0.9895216614808963,1.0
AC099066.2,0.013133028,0.45395178,0.9895216614808963,1.0
AL160254.1,0.013133028,-0.0901776,0.9895216614808963,1.0
LINC02740,0.013133028,0.13006316,0.9895216614808963,1.0
EFCC1,0.01312557,-0.60531026,0.9895276113597288,1.0
COL5A3,0.01312557,0.41453892,0.9895276113597288,1.0
INSC,0.01312557,-0.34192538,0.9895276113597288,1.0
LYVE1,0.0131181115,-0.50490916,0.9895335612391436,1.0
AC008945.2,0.0131181115,0.024824116,0.9895335612391436,1.0
AC060834.2,0.013110654,0.3793593,0.9895395111191405,1.0
AL021878.2,0.013110654,-0.58329016,0.9895395111191405,1.0
AL445193.2,0.013110654,-0.47534025,0.9895395111191405,1.0
AC021573.1,0.013103196,-0.48949978,0.9895454609997192,1.0
LYPD5,0.013103196,-1.3775117,0.9895454609997192,1.0
Z85996.2,0.013103196,-1.5711775,0.9895454609997192,1.0
RSBN1,0.013103196,-4.3736858e-07,0.9895454609997192,1.0
AL139246.5,0.013095738,-0.16223353,0.9895514108808793,1.0
AC022467.2,0.013095738,-1.2729635,0.9895514108808793,1.0
TNFSF15,0.013095738,-0.7707339,0.9895514108808793,1.0
KLRC1,0.013095738,-1.497976,0.9895514108808793,1.0
BSND,0.013095738,-1.5072993,0.9895514108808793,1.0
FMOD,0.013095738,-1.5234736,0.9895514108808793,1.0
OR10G3,0.013088281,-1.5880772,0.9895573607626205,1.0
MAGEA10,0.013088281,-1.7569791,0.9895573607626205,1.0
AP001781.1,0.013088281,-1.3673633,0.9895573607626205,1.0
CLDN16,0.013088281,-1.9118223,0.9895573607626205,1.0
AC096540.1,0.013088281,-1.739145,0.9895573607626205,1.0
FCRLB,0.013080823,-1.1974946,0.9895633106449424,1.0
LINC01951,0.013080823,-1.664936,0.9895633106449424,1.0
GNMT,0.013073365,0.3900813,0.9895692605278448,1.0
AC091153.3,0.013073365,0.35932916,0.9895692605278448,1.0
HTN1,0.01305845,0.30677053,0.9895811602953896,1.0
SLC30A2,0.01305845,0.39721048,0.9895811602953896,1.0
AC024361.1,0.013021162,0.10545626,0.9896109097243857,1.0
AC090559.1,0.013013704,-0.009800572,0.9896168596119196,1.0
EMX2OS,0.012991331,-0.03210254,0.9896347092779847,1.0
AC002094.4,0.012968957,0.13871406,0.9896525589492379,1.0
AC011247.1,0.012968957,-0.22393765,0.9896525589492379,1.0
SMG7-AS1,0.0129615,-0.21706387,0.989658508840807,1.0
TNFRSF13C,0.0129615,0.21684122,0.989658508840807,1.0
TTC32,0.012913025,0.07117976,0.9896971831500103,1.0
HIST1H2BG,0.012909296,-0.28238088,0.989700158097876,1.0
DUSP3,0.012901838,0.16671318,0.9897061079940369,1.0
AL353194.1,0.012886923,0.15376754,0.989718007788076,1.0
SCARF1,0.012872008,0.055010103,0.9897299075844022,1.0
AC079030.1,0.0128496345,-0.64106905,0.9897477572831745,1.0
AL021807.1,0.0128421765,0.010079953,0.9897537071839061,1.0
AL359771.1,0.012834718,-0.97937804,0.9897596570852075,1.0
AC116667.1,0.012812346,0.01543865,0.9897775067925275,1.0
AC104118.1,0.012812346,0.15599747,0.9897775067925275,1.0
AL031123.2,0.01279743,-1.0829017,0.9897894066002506,1.0
AC009133.4,0.01279743,-0.024169378,0.9897894066002506,1.0
NRTN,0.012782515,0.070047654,0.9898013064102451,1.0
HTRA4,0.012782515,-0.11530332,0.9898013064102451,1.0
AC092353.2,0.012730311,0.051169593,0.9898429557630752,1.0
AC034223.1,0.0127079375,-0.33715904,0.9898608054941965,1.0
SCRN3,0.012633361,-0.04864155,0.9899203046345365,1.0
PRR22,0.01260353,0.055665605,0.9899441043063872,1.0
AL662884.3,0.0124394605,-0.24558128,0.9900750026609446,1.0
STAU1,0.012264204,-0.039969508,0.9902148261983238,1.0
LNCTAM34A,0.012223187,-0.08572288,0.9902475508995664,1.0
MANSC1,0.012103863,-0.17105348,0.9903427501235442,1.0
GRK6,0.012085219,-0.043743376,0.9903576250147452,1.0
LINC01952,0.012059117,-0.87711465,0.9903784498680563,1.0
VAMP3,0.011943523,0.02879188,0.9904706742970323,1.0
BBC3,0.011909963,-0.05434634,0.9904974491551545,1.0
ANKRD54,0.011831657,-0.089686945,0.990559923865672,1.0
BAZ1A,0.011645215,-0.021864844,0.9907086734086911,1.0
C9orf64,0.011537078,0.12918614,0.990794948291954,1.0
AC009480.1,0.011533349,-0.03819325,0.9907979232898542,1.0
LMOD1,0.011410296,-0.275658,0.9908960982920878,1.0
KCTD3,0.011238769,-0.030504072,0.9910329485248686,1.0
AC138028.4,0.01120148,-0.1341517,0.9910626986105213,1.0
IL34,0.010843511,-0.32827434,0.9913483000590013,1.0
TEAD3,0.010698085,-0.033650473,0.9914643259661827,1.0
ANKRD45,0.010582491,0.14894326,0.9915565518161616,1.0
PCDHGB4,0.010563847,1.2893711,0.9915714269638529,1.0
AC004528.1,0.010556389,0.93479145,0.99157737702375,1.0
AC020658.5,0.010556389,1.083548,0.99157737702375,1.0
NECTIN4,0.010556389,1.1919706,0.99157737702375,1.0
OR10A4,0.010548931,0.8333473,0.9915833270841156,1.0
AC116096.1,0.010548931,0.82751703,0.9915833270841156,1.0
AC012313.2,0.010548931,0.9108843,0.9915833270841156,1.0
LINC01612,0.010548931,0.9249306,0.9915833270841156,1.0
PPM1J,0.0105414735,0.7054775,0.9915892771449493,1.0
AC011462.4,0.0105414735,0.6647005,0.9915892771449493,1.0
RNF182,0.0105414735,0.53229463,0.9915892771449493,1.0
AC006974.1,0.010526557,0.3664923,0.9916011772680196,1.0
AP005209.1,0.010526557,0.47808152,0.9916011772680196,1.0
GABRA1,0.010526557,0.60170954,0.9916011772680196,1.0
OR10H5,0.010526557,0.49662906,0.9916011772680196,1.0
AL034346.1,0.010522828,0.57332635,0.9916041522990792,1.0
AC009318.4,0.0105191,0.5716537,0.9916071273302555,1.0
RRM1-AS1,0.0105191,0.5400412,0.9916071273302555,1.0
TTBK1,0.0105191,0.39046305,0.9916071273302555,1.0
AC096637.2,0.010511642,0.4532146,0.9916130773929582,1.0
CACNA1C-AS3,0.010511642,0.4801494,0.9916130773929582,1.0
AC004231.3,0.010511642,0.382849,0.9916130773929582,1.0
MYOZ1,0.010511642,0.48060277,0.9916130773929582,1.0
S100A14,0.010511642,0.532626,0.9916130773929582,1.0
AC044798.3,0.010511642,0.30727327,0.9916130773929582,1.0
KHDRBS2-OT,0.010511642,0.3104382,0.9916130773929582,1.0
AL358472.2,0.010507913,0.3584036,0.9916160524244846,1.0
RNF175,0.010504184,0.15153164,0.9916190274561274,1.0
AL138995.1,0.010504184,0.54579407,0.9916190274561274,1.0
WWTR1-IT1,0.010504184,0.2931437,0.9916190274561274,1.0
AC011362.1,0.010496727,0.39077267,0.9916249775197628,1.0
AL355432.1,0.010489269,0.18770283,0.9916309275838638,1.0
AL359792.1,0.010489269,0.18016721,0.9916309275838638,1.0
AC093433.2,0.010489269,0.10558802,0.9916309275838638,1.0
AC005050.3,0.010489269,0.2125755,0.9916309275838638,1.0
AC084757.4,0.010489269,0.18431348,0.9916309275838638,1.0
FAM163A,0.010481811,0.24672316,0.9916368776484303,1.0
AL139041.1,0.010474354,-0.057529233,0.9916428277134619,1.0
PROM2,0.010474354,-0.08673468,0.9916428277134619,1.0
LINC01275,0.010474354,-0.23550643,0.9916428277134619,1.0
AP001160.2,0.010470625,0.27246943,0.9916458027461521,1.0
AC087863.2,0.010466896,-0.23038922,0.9916487777789583,1.0
LINC01602,0.010466896,-0.5196187,0.9916487777789583,1.0
SFTA3,0.010466896,-0.5895661,0.9916487777789583,1.0
AL109976.1,0.010466896,-0.177676,0.9916487777789583,1.0
GPRIN2,0.010459438,-0.17998616,0.9916547278449193,1.0
AP005328.1,0.010459438,-0.21716112,0.9916547278449193,1.0
ETV7,0.010451981,-0.61775863,0.9916606779113443,1.0
LINC01254,0.010451981,-0.7115635,0.9916606779113443,1.0
AC024884.2,0.010451981,-0.35410988,0.9916606779113443,1.0
AC009054.2,0.010451981,-0.58435875,0.9916606779113443,1.0
AL158064.1,0.010451981,-0.94959617,0.9916606779113443,1.0
AC011511.3,0.010451981,-0.37361166,0.9916606779113443,1.0
AC097462.3,0.010451981,-0.5568436,0.9916606779113443,1.0
AC012508.1,0.010451981,-0.42146927,0.9916606779113443,1.0
AC073834.1,0.010444523,-0.86301655,0.991666627978233,1.0
AL513218.2,0.010444523,-0.8168157,0.991666627978233,1.0
TRPV2,0.010444523,-1.0132852,0.991666627978233,1.0
AL031005.1,0.010444523,-0.8446758,0.991666627978233,1.0
AC009262.1,0.010444523,-0.831234,0.991666627978233,1.0
PAX2,0.010444523,-1.7399766,0.991666627978233,1.0
AC126773.6,0.010437065,-1.8139147,0.9916725780455853,1.0
AC087392.4,0.010437065,-1.1612778,0.9916725780455853,1.0
AC004223.4,0.010433337,0.33549315,0.9916755530794351,1.0
TRGV3,0.010429608,-1.7185483,0.9916785281134007,1.0
AC040169.1,0.010429608,0.29230824,0.9916785281134007,1.0
AC110792.3,0.010429608,-1.7013417,0.9916785281134007,1.0
AL356010.2,0.010425879,0.3010948,0.991681503147482,1.0
LINC01441,0.01042215,-1.7648697,0.9916844781816789,1.0
RIPOR2,0.010418421,-0.558987,0.9916874532159915,1.0
PRRG2,0.0103997765,0.34984595,0.9917023283892871,1.0
CDK5R2,0.010358759,0.024999563,0.9917350537806825,1.0
AC018693.1,0.010351301,0.17523623,0.9917410038533409,1.0
ORAI3,0.010343844,0.033253502,0.9917469539264585,1.0
SLC2A1-AS1,0.010340115,0.045071546,0.9917499289631895,1.0
AL136295.17,0.010336386,0.13731526,0.9917529040000351,1.0
AP000759.1,0.010332657,0.3338522,0.9917558790369955,1.0
BIRC3,0.010314013,-0.04180076,0.9917707542235157,1.0
BBS12,0.010302827,0.04616469,0.9917796793368012,1.0
AC079866.2,0.0102618085,-0.5480123,0.9918124047609735,1.0
AL121759.1,0.010250622,0.01130609,0.9918213298790499,1.0
PYHIN1,0.010239436,-0.6410039,0.9918302549981497,1.0
AC025627.1,0.01022452,-0.362634,0.9918421551585394,1.0
AC005329.2,0.010220791,-0.066345766,0.9918451301989205,1.0
FAM71E1,0.010179774,-0.58486044,0.991877855650587,1.0
AC074033.1,0.010153672,0.1480951,0.991898680945129,1.0
LLGL1,0.010153672,-0.1269601,0.991898680945129,1.0
AL157932.1,0.010149944,-1.3875891,0.9919016559876573,1.0
LINC01561,0.010146215,-0.1449169,0.9919046310302982,1.0
CPAMD8,0.010138757,-0.11829887,0.9919105811159178,1.0
AC005234.1,0.0101275705,0.018919686,0.9919195062451904,1.0
EGFR-AS1,0.010075366,-1.831458,0.9919611568618146,1.0
SCML4,0.01006418,-0.20370278,0.9919700819968025,1.0
AC091132.2,0.010045535,-0.1803789,0.9919849572240145,1.0
CCDC154,0.010041807,-0.39185193,0.9919879322697914,1.0
ISCA1,0.010038078,-0.06379327,0.9919909073156796,1.0
ZDHHC13,0.010019434,-0.109540805,0.9920057825467906,1.0
Z69706.1,0.00993367,-0.025150409,0.9920742086456119,1.0
ST18,0.009915026,0.06867311,0.9920890838922174,1.0
LINC02044,0.009847906,-0.9035725,0.9921426348027287,1.0
ZBED8,0.009791973,0.0620562,0.9921872605885371,1.0
AC114316.1,0.0097696,-0.25950775,0.9922051109097119,1.0
KCTD17,0.009743498,0.05695071,0.9922259362893464,1.0
AL451064.1,0.009736041,-1.0924325,0.9922318863987869,1.0
AC020978.7,0.00967265,-0.0057481895,0.9922824623464404,1.0
PAX5,0.009568242,-0.54209435,0.9923657639747874,1.0
AC010997.3,0.009538411,-0.63848555,0.9923895644553541,1.0
EIF5A2,0.009530953,-0.31433958,0.9923955145765547,1.0
BHLHE40,0.009419087,-0.26728705,0.9924847664451308,1.0
CHD1L,0.009385528,0.0708059,0.9925115420240928,1.0
AL606534.1,0.009322138,-0.076879054,0.9925621181406734,1.0
SLC12A1,0.009221459,-0.14350107,0.9926424449754134,1.0
AL589743.4,0.009191628,-0.48876393,0.9926662455333987,1.0
AC008056.2,0.009109593,-0.044427976,0.9927316971014438,1.0
MIR155HG,0.009072304,-0.117042005,0.9927614478303874,1.0
NEU1,0.008766538,-0.16573592,0.9930054041836123,1.0
MIDN,0.008744165,0.024728661,0.9930232546744338,1.0
AC138956.1,0.008542807,-0.14977935,0.9931839092479029,1.0
SCAANT1,0.008427212,0.3316123,0.9932761369986916,1.0
AC103770.1,0.008367551,0.403648,0.993323738453683,1.0
CU633906.2,0.008319075,-0.3014361,0.9933624146533693,1.0
CKMT1B,0.008278058,-0.08190041,0.9933951406806742,1.0
DCT,0.008196023,-0.2259913,0.9934605927685649,1.0
AL606807.1,0.008188565,-0.5217365,0.993466542960562,1.0
SHOC2,0.008140091,-0.040319927,0.993505219217385,1.0
LINC01301,0.008065513,-0.27704802,0.9935647211807274,1.0
AC019068.1,0.008002123,0.8804744,0.9936152978777216,1.0
TERF2IP,0.007994665,-0.06303398,0.9936212480790587,1.0
TMEM272,0.00797975,0.6445935,0.9936331484827967,1.0
ARHGEF5,0.007957377,0.39430302,0.9936509990910586,1.0
AC012322.1,0.007920088,1.2150879,0.9936807501118862,1.0
SOAT2,0.007920088,1.3423207,0.9936807501118862,1.0
WFDC10B,0.00791263,0.7748617,0.9936867003171074,1.0
EIF1AX-AS1,0.007905172,0.580362,0.9936926505226796,1.0
LINC01450,0.007905172,0.09711559,0.9936926505226796,1.0
SEPTIN12,0.007905172,0.9771533,0.9936926505226796,1.0
AC092115.2,0.007905172,0.8544945,0.9936926505226796,1.0
AC093635.1,0.007905172,1.0970247,0.9936926505226796,1.0
NKX2-3,0.007905172,1.2421248,0.9936926505226796,1.0
CISH,0.007897715,0.9193513,0.9936986007286027,1.0
AL161729.3,0.007897715,0.75680083,0.9936986007286027,1.0
AC079907.2,0.007897715,0.85860085,0.9936986007286027,1.0
AC005304.3,0.007890257,0.7689395,0.9937045509348763,1.0
ZNF703,0.007875342,0.58538294,0.9937164513484735,1.0
C5orf67,0.007875342,0.49750224,0.9937164513484735,1.0
CHI3L2,0.007875342,0.6697898,0.9937164513484735,1.0
AL589794.2,0.007875342,0.4816708,0.9937164513484735,1.0
EPHX3,0.007867884,0.45624247,0.9937224015557965,1.0
PCP4L1,0.007860427,0.48431337,0.9937283517634686,1.0
LINC00850,0.007860427,0.44252214,0.9937283517634686,1.0
AC087269.1,0.007860427,0.2467263,0.9937283517634686,1.0
AC009318.2,0.007860427,0.4029925,0.9937283517634686,1.0
AL021918.3,0.007852969,0.37019417,0.9937343019714895,1.0
AC068446.2,0.007852969,0.3493667,0.9937343019714895,1.0
LINC00707,0.007852969,0.4092273,0.9937343019714895,1.0
AC000058.1,0.007852969,0.21279249,0.9937343019714895,1.0
PLA2G10,0.007845511,0.18756367,0.993740252179859,1.0
AC026785.3,0.007838054,0.37143633,0.9937462023885765,1.0
MYBPC2,0.007838054,0.31062722,0.9937462023885765,1.0
SLCO1B7,0.007838054,0.14029257,0.9937462023885765,1.0
FIBCD1,0.007838054,-0.16547184,0.9937462023885765,1.0
AC083806.3,0.007830596,-0.051012523,0.9937521525976418,1.0
KCNE2,0.007823138,-0.13885514,0.9937581028070546,1.0
TRIM60,0.007823138,0.04770393,0.9937581028070546,1.0
ITPRIP-AS1,0.007823138,-0.028676467,0.9937581028070546,1.0
AC018557.1,0.007819409,-0.08719491,0.9937610779118913,1.0
DERL3,0.0078082224,-0.2922514,0.9937700032269214,1.0
C12orf71,0.007800765,-0.83547497,0.9937759534373747,1.0
AL606834.2,0.007800765,-0.9205289,0.9937759534373747,1.0
AC116447.1,0.007793307,-0.54175454,0.9937819036481741,1.0
MIR3945HG,0.007793307,-0.2890362,0.9937819036481741,1.0
CLRN1-AS1,0.007793307,-0.21134125,0.9937819036481741,1.0
AC018521.6,0.0077858493,-0.5107314,0.9937878538593193,1.0
AL139289.1,0.0077858493,-1.5836961,0.9937878538593193,1.0
AL139379.1,0.0077858493,-1.4223638,0.9937878538593193,1.0
LILRA2,0.0077783917,-1.0964832,0.9937938040708102,1.0
AC096733.2,0.0077783917,-1.1402833,0.9937938040708102,1.0
AC073111.1,0.0077783917,0.31061703,0.9937938040708102,1.0
LINC01525,0.0077709337,-1.0205235,0.9937997542826461,1.0
CCDC183-AS1,0.0077709337,0.29608706,0.9937997542826461,1.0
AL513493.1,0.0077709337,-1.002093,0.9937997542826461,1.0
AC015813.4,0.0077709337,-0.844781,0.9937997542826461,1.0
AC022400.1,0.0077709337,-1.3484683,0.9937997542826461,1.0
AC092376.2,0.0077709337,0.3069572,0.9937997542826461,1.0
AC007785.1,0.007763476,-2.0027127,0.9938057044948269,1.0
CECR3,0.007763476,-2.012947,0.9938057044948269,1.0
AP005203.1,0.0077560185,0.3146042,0.9938116547073521,1.0
LINC01982,0.0077560185,0.19062518,0.9938116547073521,1.0
CDK15,0.0077485605,0.27672422,0.9938176049202215,1.0
ERVV-2,0.0077261874,0.18841022,0.9938354555608917,1.0
SYT12,0.0076963566,-0.09893551,0.9938592564199168,1.0
AL391069.2,0.0076814415,-0.06831617,0.9938711568514798,1.0
AC002306.1,0.0076814415,0.17887773,0.9938711568514798,1.0
VAMP5,0.0076441527,-0.20505996,0.9939009079363467,1.0
UCN,0.007632966,-0.31786713,0.9939098332634623,1.0
FBXL16,0.0075844913,0.12059173,0.9939485096897553,1.0
AL160291.1,0.0075770332,-0.03703462,0.9939544599104495,1.0
AC090572.3,0.0075695757,-0.52121407,0.9939604101314798,1.0
TESMIN,0.007539745,0.06629212,0.9939842110189568,1.0
AC087620.1,0.007532287,-0.113005854,0.9939901612416633,1.0
MYO3B-AS1,0.007517372,-1.0258241,0.9940020616880787,1.0
AC005828.3,0.007386862,-0.506844,0.9941061906508398,1.0
AL136454.1,0.0073160133,-0.43964094,0.9941627178442055,1.0
RSPH10B2,0.0072414363,-0.6407166,0.9942222201846594,1.0
AC013472.3,0.007204148,-0.24249235,0.9942519713669573,1.0
BCKDK,0.007204148,0.037779767,0.9942519713669573,1.0
CYP2D6,0.007181775,-0.68570846,0.9942698220801749,1.0
AC105020.1,0.007107198,-0.3136286,0.9943293244782317,1.0
AC239803.1,0.007092282,-0.74046063,0.9943412249616382,1.0
AC104135.1,0.007069909,-0.055508647,0.9943590756891076,1.0
OR2B11,0.00696923,-0.5045194,0.9944394039975325,1.0
NADK,0.0069543147,-0.08003877,0.9944513044924828,1.0
AC020917.3,0.0069356705,-0.0853981,0.994466180112906,1.0
AC073569.1,0.006920755,0.08269725,0.9944780806106299,1.0
SRFBP1,0.0069095683,-0.043885514,0.9944870059847292,1.0
PUSL1,0.0068760086,-0.023464678,0.9945137821111617,1.0
PRICKLE3,0.0068051605,-0.21662813,0.9945703095094399,1.0
AL035458.2,0.0067753294,-0.025258614,0.9945941105274112,1.0
DHRSX,0.006767872,0.0014102511,0.9946000607826564,1.0
AC100786.2,0.0067268545,-0.11408334,0.994632787191865,1.0
LPAR1,0.0065777004,-0.10036669,0.9947517923919706,1.0
CHPF2,0.0065739714,0.15949841,0.9947547675234802,1.0
UGCG,0.006525496,-0.12404812,0.9947934442397266,1.0
ACAD8,0.0065031233,-0.27869093,0.9948112950359722,1.0
ZNF223,0.0064919367,-0.5118854,0.9948202204350695,1.0
CTSV,0.006376342,-0.28356004,0.9949124495968262,1.0
AC107881.1,0.006324138,-0.7283338,0.9949541014986856,1.0
ACER3,0.0062607476,-0.11539149,0.9950046788265624,1.0
AC009305.1,0.006197357,-0.23633903,0.9950552561745118,1.0
METTL14-DT,0.0059512528,0.28943345,0.9952516154765432,1.0
SPATA17,0.0059288796,-0.054626033,0.9952694663366219,1.0
ZNF34,0.0058282004,-0.11539304,0.9953497952361497,1.0
AC005393.1,0.005690233,0.24071595,0.9954598756563383,1.0
AC130651.1,0.005660402,-0.1065511,0.9954836768397058,1.0
AC008906.1,0.0054403995,0.4186429,0.995659210689767,1.0
AL356481.1,0.0054031108,0.08089196,0.9956889622108331,1.0
KLHL26,0.005377009,-0.22450234,0.9957097882791484,1.0
LINC00211,0.0053658225,0.48830798,0.9957187137378933,1.0
AP000866.1,0.0053359917,0.42440075,0.9957425149638296,1.0
HSF4,0.0053061605,0.18853109,0.9957663161935544,1.0
AC105398.1,0.0052837874,0.45316723,0.9957841671183215,1.0
ARHGEF26-AS1,0.0052688722,-0.12235624,0.9957960677360058,1.0
AL161452.1,0.0052688722,1.2208471,0.9957960677360058,1.0
SEC14L6,0.0052688722,1.3137463,0.9957960677360058,1.0
SLC6A17,0.0052688722,1.1717509,0.9957960677360058,1.0
ZIC4,0.005261414,0.8702321,0.9958020180451989,1.0
AC116611.1,0.0052539567,0.90178186,0.9958079683546254,1.0
LINC02065,0.0052539567,0.98445666,0.9958079683546254,1.0
AC083864.2,0.0052539567,0.9860358,0.9958079683546254,1.0
AL008725.1,0.005246499,0.8672307,0.995813918664285,1.0
AC010511.1,0.005246499,0.84951305,0.995813918664285,1.0
C6orf118,0.005239041,0.6970685,0.9958198689741775,1.0
MGAT3,0.0052315835,0.6275027,0.9958258192843025,1.0
AC022382.1,0.0052315835,0.665409,0.9958258192843025,1.0
AC005144.1,0.0052315835,0.7149283,0.9958258192843025,1.0
SPDYE4,0.0052315835,0.6550465,0.9958258192843025,1.0
LINC01299,0.005224126,0.567691,0.9958317695946596,1.0
LINC00637,0.005224126,0.37058312,0.9958317695946596,1.0
AP001893.1,0.0052166684,0.34314302,0.9958377199052486,1.0
TRAF1,0.0052166684,0.42891517,0.9958377199052486,1.0
AC002480.2,0.0052017528,0.39443842,0.9958496205271207,1.0
LRRC3,0.0052017528,0.27950785,0.9958496205271207,1.0
SMIM41,0.005194295,0.1449501,0.995855570838403,1.0
AL683807.1,0.0051793796,-0.09238795,0.9958674714616591,1.0
PCDHA9,0.0051793796,0.13110487,0.9958674714616591,1.0
PLCXD2-AS1,0.0051793796,-0.06902648,0.9958674714616591,1.0
NMI,0.0051793796,0.10869333,0.9958674714616591,1.0
B4GALNT2,0.005168193,0.42305863,0.9958763969297046,1.0
KF459542.1,0.005164464,-0.3623805,0.9958793720858345,1.0
AC006372.3,0.005164464,-0.14043064,0.9958793720858345,1.0
PTPN5,0.005164464,-0.06715844,0.9958793720858345,1.0
AC009065.1,0.0051570064,-0.39190176,0.9958853223982662,1.0
FAM177B,0.0051570064,-0.5349288,0.9958853223982662,1.0
GAS1,0.005149549,-0.2645159,0.9958912727109266,1.0
AL121890.4,0.005149549,-1.0713993,0.9958912727109266,1.0
PKD2L1,0.005149549,-0.49919853,0.9958912727109266,1.0
AC012464.2,0.005149549,-0.29288974,0.9958912727109266,1.0
AC006116.10,0.005142091,-0.588078,0.9958972230238157,1.0
LGI1,0.005142091,-1.1023015,0.9958972230238157,1.0
DMC1,0.0051383623,0.18253423,0.9959001981803457,1.0
WNT5A-AS1,0.0051346333,-0.6742106,0.9959031733369328,1.0
PTCH2,0.0051309043,-0.066209435,0.9959061484935768,1.0
BATF,0.0051271757,-1.1944853,0.9959091236502778,1.0
PSG9,0.0051271757,-1.704153,0.9959091236502778,1.0
AC084782.3,0.0051271757,-1.5793843,0.9959091236502778,1.0
AC103796.1,0.0051271757,-1.8450819,0.9959091236502778,1.0
IL5,0.0051271757,-1.5140547,0.9959091236502778,1.0
AL121582.1,0.0051271757,-0.99009854,0.9959091236502778,1.0
LINC02462,0.0051271757,-1.9843041,0.9959091236502778,1.0
HPN,0.0051271757,-1.0220512,0.9959091236502778,1.0
LINC01456,0.005119718,-1.4100835,0.9959150739638504,1.0
BTN1A1,0.005119718,-1.1274323,0.9959150739638504,1.0
AC006445.3,0.00511226,-1.7265841,0.9959210242776502,1.0
AC120114.1,0.00511226,-2.2916381,0.9959210242776502,1.0
AL445123.1,0.00511226,-1.5739316,0.9959210242776502,1.0
ZNF84-DT,0.00511226,-2.2315972,0.9959210242776502,1.0
AL031775.2,0.0051085316,0.21011698,0.995923999434635,1.0
IGLL1,0.0051085316,0.28345767,0.995923999434635,1.0
AL132712.1,0.0051048025,-1.8274603,0.9959269745916768,1.0
AC079305.1,0.0051048025,-1.9535588,0.9959269745916768,1.0
AC112487.1,0.0050861584,0.109992534,0.9959418503777336,1.0
AC116317.1,0.0050861584,0.16352923,0.9959418503777336,1.0
BMP7-AS1,0.005071243,0.08632953,0.995953751007595,1.0
KIF5C,0.005071243,0.053400505,0.995953751007595,1.0
BOK-AS1,0.005056327,0.07458939,0.9959656516383565,1.0
PPIC,0.0050302255,0.11382042,0.9959864777443473,1.0
LINC00957,0.0050264965,0.011254105,0.9959894529025696,1.0
FAM83E,0.005019039,-0.25756446,0.9959954032191812,1.0
CCDC158,0.00498175,-0.38344103,0.9960251548055741,1.0
FGF6,0.0049519194,-0.38611287,0.9960489560786695,1.0
RSPH6A,0.0049332753,0.00071284577,0.9960638318761409,1.0
AC087683.3,0.0049258173,-0.10278578,0.9960697821955129,1.0
ABCB4,0.0049183597,-0.14819208,0.9960757325151034,1.0
AC069410.1,0.0049146307,-0.7995971,0.9960787076749806,1.0
CACTIN-AS1,0.0049146307,-0.44090766,0.9960787076749806,1.0
AL365204.2,0.0048997155,-0.6592206,0.996090608315034,1.0
SEL1L2,0.0048959865,0.121565074,0.9960935834751833,1.0
LINC02028,0.004892258,0.025326734,0.996096558635387,1.0
AC103955.1,0.004892258,0.31250936,0.996096558635387,1.0
AL353151.2,0.0048848,-0.37032548,0.9961025089559571,1.0
ZMIZ1-AS1,0.004854969,-0.8499297,0.9961263102404019,1.0
AL138808.1,0.004854969,0.058873445,0.9961263102404019,1.0
RBP1,0.004854969,-0.90000135,0.9961263102404019,1.0
Z95624.1,0.0048214095,-0.26014945,0.9961530866895215,1.0
PLS1-AS1,0.004806494,-0.23948985,0.9961649873349672,1.0
RCBTB2,0.0047953078,-0.9832119,0.9961739128196114,1.0
AC117500.2,0.0047729346,-1.1898086,0.9961917637903354,1.0
ABCA9-AS1,0.004735646,-0.03843735,0.99622151541244,1.0
AP001462.1,0.004631238,-0.26992634,0.9963048199821508,1.0
KDM4A-AS1,0.004579034,-0.018297566,0.9963464722821683,1.0
AUP1,0.0044522528,-0.0073267957,0.9964476279091525,1.0
AL118511.1,0.0043888623,0.12094065,0.9964982057441583,1.0
IKZF4,0.004344116,-0.40034017,0.9965339077538228,1.0
AL592166.1,0.004194962,-0.36157107,0.9966529145024241,1.0
LRRC56,0.0041725887,-0.30450398,0.9966707655212014,1.0
SFMBT1,0.004165131,-0.24963416,0.9966767158611646,1.0
MACROD1,0.0041278424,0.010384185,0.9967064675637464,1.0
MRPL45,0.003993604,-0.09686915,0.9968135737306616,1.0
AC026741.1,0.003986146,-0.28342256,0.9968195240749693,1.0
RANBP3,0.003911569,-0.12440082,0.9968790275277217,1.0
TIMM23,0.0038668227,-0.08409672,0.9969147296077261,1.0
KIF26A,0.0036990242,-0.59250337,0.9970486124621764,1.0
TOMM22,0.0036132606,-0.017402448,0.9971170415090013,1.0
ARL6IP5,0.003598345,-0.17658076,0.9971289422149756,1.0
PDE6C,0.0035946162,-0.18956973,0.9971319173915691,1.0
VAMP2,0.0034827506,-0.10851647,0.9972211727077319,1.0
AL031073.2,0.003471564,-0.3086307,0.9972300982412792,1.0
OR2AG1,0.003214273,0.26257604,0.9974353856062734,1.0
DGKE,0.0032030866,-0.0656373,0.9974443111478313,1.0
AC005786.3,0.003188171,-0.16628666,0.9974562118704059,1.0
AC104316.1,0.002856303,-0.19781327,0.9977210030892157,1.0
TCFL5,0.002807828,-0.10749657,0.9977596804799593,1.0
DENND2D,0.0027891835,0.37903452,0.9977745564008829,1.0
MAOA,0.0027220643,0.5463568,0.9978281097225754,1.0
ABCD1,0.0026698601,0.8024951,0.997869762312891,1.0
TSR3,0.0026661314,-0.054450907,0.9978727374981371,1.0
ELOVL1,0.0026363004,-0.2396318,0.9978965389811667,1.0
AC103871.1,0.0026176563,0.9949918,0.997911414909012,1.0
AC087683.2,0.0026176563,1.0436169,0.997911414909012,1.0
KCNT1,0.0026101985,1.0351151,0.9979173652803538,1.0
AL390800.1,0.0026101985,0.82218117,0.9979173652803538,1.0
FA2H,0.002595283,0.6034043,0.9979292660233844,1.0
SLC25A34-AS1,0.002595283,0.784677,0.9979292660233844,1.0
FCGBP,0.002595283,0.87307876,0.9979292660233844,1.0
MCHR2,0.0025878253,0.6080734,0.9979352163950725,1.0
AC005906.2,0.0025803677,0.35102776,0.9979411667668756,1.0
TAGLN2,0.0025803677,0.61851335,0.9979411667668756,1.0
AP000302.1,0.0025803677,0.55747175,0.9979411667668756,1.0
AC136297.1,0.0025803677,0.5068963,0.9979411667668756,1.0
SAMD15,0.0025803677,0.476517,0.9979411667668756,1.0
AC097512.1,0.00257291,0.46184796,0.9979471171387932,1.0
AL079307.1,0.00257291,0.54422724,0.9979471171387932,1.0
AL513190.1,0.00257291,0.6132897,0.9979471171387932,1.0
AC007608.3,0.0025505368,0.21134387,0.9979649682552296,1.0
AC107959.2,0.0025505368,0.69049144,0.9979649682552296,1.0
FAM242C,0.0025505368,0.51992583,0.9979649682552296,1.0
PAX7,0.0025430792,0.03568709,0.9979709186276019,1.0
AL353152.2,0.0025430792,0.020419827,0.9979709186276019,1.0
AC027045.2,0.0025430792,0.36286125,0.9979709186276019,1.0
DNAJC22,0.0025430792,-0.018263804,0.9979709186276019,1.0
AC117394.2,0.0025356214,0.02292254,0.9979768690000871,1.0
AC005229.4,0.0025356214,-0.21863702,0.9979768690000871,1.0
HEXA-AS1,0.0025356214,0.0076756966,0.9979768690000871,1.0
AC087257.1,0.0025356214,0.36227453,0.9979768690000871,1.0
AC104534.1,0.0025356214,-0.037350904,0.9979768690000871,1.0
AC008609.1,0.0025356214,0.19151486,0.9979768690000871,1.0
AC074008.1,0.002520706,0.481501,0.9979887697453945,1.0
SEC14L4,0.002520706,-0.03453832,0.9979887697453945,1.0
AP003785.1,0.002520706,-0.39995718,0.9979887697453945,1.0
AC016596.1,0.002520706,-0.010703283,0.9979887697453945,1.0
TCP10L,0.002520706,0.540053,0.9979887697453945,1.0
LINC02626,0.0025132482,-0.20387124,0.9979947201182162,1.0
HEMGN,0.0025132482,-0.3062394,0.9979947201182162,1.0
TNFRSF9,0.0025132482,0.005190346,0.9979947201182162,1.0
LINC01676,0.0025057907,-0.35985443,0.9980006704911495,1.0
CYP2S1,0.0025057907,-0.3200402,0.9980006704911495,1.0
TNFSF14,0.0025057907,-0.35921112,0.9980006704911495,1.0
AL360270.2,0.0025057907,0.33571053,0.9980006704911495,1.0
AP003174.1,0.0024983329,-0.29138753,0.9980066208641939,1.0
AC022276.1,0.0024983329,-1.093853,0.9980066208641939,1.0
AC010280.1,0.002490875,-0.5898296,0.9980125712373492,1.0
DPYS,0.0024834175,0.22735806,0.9980185216106151,1.0
ARSE,0.0024834175,-1.0229925,0.9980185216106151,1.0
AC234031.1,0.0024759597,-0.7286653,0.9980244719839911,1.0
LHB,0.002468502,-1.0357436,0.998030422357477,1.0
AC005548.1,0.002468502,-1.5972625,0.998030422357477,1.0
AC022306.3,0.002468502,-1.0185629,0.998030422357477,1.0
AL353803.2,0.002468502,-1.3839854,0.998030422357477,1.0
LINC02271,0.002468502,-1.170701,0.998030422357477,1.0
RPEL1,0.002468502,-0.5405937,0.998030422357477,1.0
AC231981.1,0.0024610444,0.23898643,0.9980363727310725,1.0
MICB,0.0024610444,-1.4348527,0.9980363727310725,1.0
AL354702.2,0.0024610444,-1.8860059,0.9980363727310725,1.0
APOH,0.0024610444,-1.5100945,0.9980363727310725,1.0
AL096870.6,0.0024610444,-1.49964,0.9980363727310725,1.0
AL050338.1,0.0024535866,-1.8671046,0.9980423231047771,1.0
AC119428.2,0.0024535866,-1.3485997,0.9980423231047771,1.0
POLR2G,0.002446129,-0.026749525,0.9980482734785907,1.0
LINC00449,0.002446129,-2.2139156,0.9980482734785907,1.0
AL513218.1,0.002446129,0.42187762,0.9980482734785907,1.0
SP140,0.0024424,-0.72471416,0.9980512486655382,1.0
LZTS1,0.0023939249,-0.05114778,0.9980899260983064,1.0
ELMOD1,0.0023864673,-0.117608696,0.998095876472979,1.0
LINC01494,0.0023827383,0.19186834,0.9980988516603552,1.0
MIEF2,0.0023790095,0.08598787,0.9981018268477576,1.0
AC008735.4,0.0023790095,0.13220811,0.9981018268477576,1.0
FAM9B,0.0023640941,-0.23111412,0.9981137275976312,1.0
HPGD,0.0023640941,-0.14578699,0.9981137275976312,1.0
SPRY3,0.0023640941,-0.10239034,0.9981137275976312,1.0
AC139099.1,0.002341721,0.064296976,0.9981315787232274,1.0
Z95114.2,0.0023268056,-0.12519524,0.9981434794741452,1.0
AL121845.1,0.0023268056,-0.3506781,0.9981434794741452,1.0
AC003102.1,0.0022969746,0.118254155,0.998167280977217,1.0
TINF2,0.0022969746,0.15476121,0.998167280977217,1.0
PLG,0.0022596861,-0.818563,0.9981970328583476,1.0
CLIC2,0.0022298554,-0.77567524,0.998220834365059,1.0
NDN,0.002211211,0.046815444,0.9982357103075591,1.0
LINC00887,0.0021925666,-0.04386841,0.9982505862506724,1.0
PADI4,0.0021701937,-1.1599671,0.9982684373832106,1.0
AC022211.1,0.002155278,-1.0851765,0.9982803381387182,1.0
SMPD1,0.002155278,-0.17805572,0.9982803381387182,1.0
AC005237.1,0.0021403627,-1.5366818,0.9982922388946083,1.0
AL354979.1,0.0020956164,-0.011862115,0.9983279411645476,1.0
NPIPA5,0.0018047658,-0.2722524,0.9985600059975622,1.0
AC104116.1,0.0017973081,-0.91033614,0.9985659563795816,1.0
DNAAF1,0.0017600196,0.0077079544,0.998595708290868,1.0
AL358394.1,0.0017376464,-0.02037368,0.9986135594385797,1.0
AL445209.1,0.0017339176,-0.17890291,0.9986165346299326,1.0
PYROXD2,0.0016593405,-0.26862222,0.9986760384609772,1.0
GMPR2,0.0016556117,-0.11970276,0.9986790136527254,1.0
GATD3B,0.0016481539,0.055335846,0.998684964036277,1.0
AC006511.4,0.0016034077,-0.5842177,0.9987206663391109,1.0
TM9SF2,0.0013722186,-0.022641541,0.998905128276311,1.0
CCNQ,0.001286455,-0.13869812,0.9989735577200337,1.0
GGACT,0.0012789973,0.31629264,0.9989795081068084,1.0
LINC00378,0.0012752684,-0.03563918,0.9989824833002171,1.0
CD151,0.0012118779,-0.03730749,0.9990330615902951,1.0
DOHH,0.00097323116,-0.15623327,0.9992234740096403,1.0
TMEM203,0.0008800098,-0.075854525,0.9992978538735571,1.0
AL353593.2,0.00087255205,-0.28176948,0.9993038042629425,1.0
NDUFAF4,0.00064136303,-0.11687725,0.999488266351457,1.0
ARAP1,0.00058543024,-0.072513476,0.999532894280581,1.0
ZNF773,0.000566786,-0.16122283,0.9995477702572874,1.0
RBMX,0.00048475116,-0.005478507,0.999613224556593,1.0
AP000350.6,0.00045492031,-0.23226227,0.9996370261206453,1.0
NINJ1,0.00042508947,0.364221,0.9996608276850206,1.0
ZNF836,0.00026101986,0.33791104,0.9997917362939124,1.0
MUC19,0.00023118901,0.5156748,0.999815537859871,1.0
ACTR5,0.00022746016,0.010494421,0.9998185130556277,1.0
PCP4,0.00012678107,0.45279166,0.9998988433418797,1.0
ITGB4,9.695023e-05,0.5131126,0.9999226449084102,1.0
TBC1D3H,0.0,0.0,1.0,1.0
OR2M7,0.0,0.0,1.0,1.0
TGFA-IT1,0.0,0.0,1.0,1.0
OR14C36,0.0,0.0,1.0,1.0
KC877392.1,0.0,0.0,1.0,1.0
TBC1D3G,0.0,0.0,1.0,1.0
IGLJ6,0.0,0.0,1.0,1.0
AC027306.1,0.0,0.0,1.0,1.0
AC010982.2,0.0,0.0,1.0,1.0
DEFB129,0.0,0.0,1.0,1.0
AC012313.9,0.0,0.0,1.0,1.0
AL121899.4,0.0,0.0,1.0,1.0
IFNA10,0.0,0.0,1.0,1.0
AC061979.1,0.0,0.0,1.0,1.0
IFNA7,0.0,0.0,1.0,1.0
IFNA4,0.0,0.0,1.0,1.0
IFNA21,0.0,0.0,1.0,1.0
AP006621.2,0.0,0.0,1.0,1.0
AC008680.1,0.0,0.0,1.0,1.0
KIR2DL3,0.0,0.0,1.0,1.0
LINC02186,0.0,0.0,1.0,1.0
AL590644.1,0.0,0.0,1.0,1.0
LINC01932,0.0,0.0,1.0,1.0
AC084211.1,0.0,0.0,1.0,1.0
CCL15,0.0,0.0,1.0,1.0
CCL4L2,0.0,0.0,1.0,1.0
CCL3L1,0.0,0.0,1.0,1.0
CCL4,0.0,0.0,1.0,1.0
KIR2DL4,0.0,0.0,1.0,1.0
AC100791.2,0.0,0.0,1.0,1.0
AC100791.1,0.0,0.0,1.0,1.0
AF111169.1,0.0,0.0,1.0,1.0
AC011352.3,0.0,0.0,1.0,1.0
DEFB125,0.0,0.0,1.0,1.0
AC116312.1,0.0,0.0,1.0,1.0
DEFB126,0.0,0.0,1.0,1.0
AC008627.1,0.0,0.0,1.0,1.0
ALDH1L1-AS1,0.0,0.0,1.0,1.0
DEFB128,0.0,0.0,1.0,1.0
TCERG1L-AS1,0.0,0.0,1.0,1.0
AC245128.3,0.0,0.0,1.0,1.0
AC017002.3,0.0,0.0,1.0,1.0
DUOXA2,0.0,0.0,1.0,1.0
AC017002.1,0.0,0.0,1.0,1.0
AC122108.2,0.0,0.0,1.0,1.0
AC119428.1,0.0,0.0,1.0,1.0
AC026316.3,0.0,0.0,1.0,1.0
IGLJ7,0.0,0.0,1.0,1.0
AC026316.2,0.0,0.0,1.0,1.0
DEFB127,0.0,0.0,1.0,1.0
AL357614.1,0.0,0.0,1.0,1.0
AL359238.1,0.0,0.0,1.0,1.0
AC017067.1,0.0,0.0,1.0,1.0
AL162872.1,0.0,0.0,1.0,1.0
AL157937.1,0.0,0.0,1.0,1.0
AC009396.2,0.0,0.0,1.0,1.0
PPP2R2B-IT1,0.0,0.0,1.0,1.0
IGLC5,0.0,0.0,1.0,1.0
SCGB1C1,0.0,0.0,1.0,1.0
TBC1D3F,0.0,0.0,1.0,1.0
BX284668.5,0.0,0.0,1.0,1.0
AC022336.2,0.0,0.0,1.0,1.0
AC020634.2,0.0,0.0,1.0,1.0
AC008705.2,0.0,0.0,1.0,1.0
AL442638.1,0.0,0.0,1.0,1.0
AL022067.1,0.0,0.0,1.0,1.0
IFNA5,0.0,0.0,1.0,1.0
AC022100.1,0.0,0.0,1.0,1.0
BX005214.2,0.0,0.0,1.0,1.0
AC034199.1,0.0,0.0,1.0,1.0
AL137802.1,0.0,0.0,1.0,1.0
AC008601.1,0.0,0.0,1.0,1.0
AC008662.2,0.0,0.0,1.0,1.0
AL357793.1,0.0,0.0,1.0,1.0
AC124861.2,0.0,0.0,1.0,1.0
AL353730.1,0.0,0.0,1.0,1.0
AL731769.1,0.0,0.0,1.0,1.0
LINC02534,0.0,0.0,1.0,1.0
IFNA1,0.0,0.0,1.0,1.0
IFNA8,0.0,0.0,1.0,1.0
SPINK6,0.0,0.0,1.0,1.0
FRG2B,0.0,0.0,1.0,1.0
IFNA2,0.0,0.0,1.0,1.0
AL449423.1,0.0,0.0,1.0,1.0
FOXR2,0.0,0.0,1.0,1.0
USP51,0.0,0.0,1.0,1.0
ZXDA,0.0,0.0,1.0,1.0
CDKN2A-DT,0.0,0.0,1.0,1.0
IFNE,0.0,0.0,1.0,1.0
AL360181.4,0.0,0.0,1.0,1.0
ENPP7,0.0,0.0,1.0,1.0
AL353732.1,0.0,0.0,1.0,1.0
AC007953.1,0.0,0.0,1.0,1.0
AC025437.5,0.0,0.0,1.0,1.0
AC026355.2,0.0,0.0,1.0,1.0
OR52B4,0.0,0.0,1.0,1.0
FAM71B,0.0,0.0,1.0,1.0
AL592182.3,0.0,0.0,1.0,1.0
SSU72P7,0.0,0.0,1.0,1.0
OR52N4,0.0,0.0,1.0,1.0
OR56B1,0.0,0.0,1.0,1.0
OR52B6,0.0,0.0,1.0,1.0
OR52E4,0.0,0.0,1.0,1.0
OR52E8,0.0,0.0,1.0,1.0
OR52E6,0.0,0.0,1.0,1.0
OR52N2,0.0,0.0,1.0,1.0
IGLC6,0.0,0.0,1.0,1.0
AL021153.1,0.0,0.0,1.0,1.0
LOR,0.0,0.0,1.0,1.0
AL121885.3,0.0,0.0,1.0,1.0
AC104809.1,0.0,0.0,1.0,1.0
LELP1,0.0,0.0,1.0,1.0
AC093585.1,0.0,0.0,1.0,1.0
AC091979.2,0.0,0.0,1.0,1.0
BX470102.1,0.0,0.0,1.0,1.0
AL691403.2,0.0,0.0,1.0,1.0
AC068580.1,0.0,0.0,1.0,1.0
TGFB3-AS1,0.0,0.0,1.0,1.0
OR6N2,0.0,0.0,1.0,1.0
OR6K6,0.0,0.0,1.0,1.0
APCS,0.0,0.0,1.0,1.0
CCDC37-DT,0.0,0.0,1.0,1.0
SSU72P5,0.0,0.0,1.0,1.0
OR52W1,0.0,0.0,1.0,1.0
OR56B4,0.0,0.0,1.0,1.0
OR52L1,0.0,0.0,1.0,1.0
CAVIN3,0.0,0.0,1.0,1.0
AC244100.4,0.0,0.0,1.0,1.0
LINC02159,0.0,0.0,1.0,1.0
OR10A3,0.0,0.0,1.0,1.0
AC091944.1,0.0,0.0,1.0,1.0
OR10A6,0.0,0.0,1.0,1.0
OR51G2,0.0,0.0,1.0,1.0
OR51A7,0.0,0.0,1.0,1.0
OR51T1,0.0,0.0,1.0,1.0
AC136475.3,0.0,0.0,1.0,1.0
AC104389.2,0.0,0.0,1.0,1.0
OR51V1,0.0,0.0,1.0,1.0
AC007953.2,0.0,0.0,1.0,1.0
AC113331.1,0.0,0.0,1.0,1.0
AC013356.4,0.0,0.0,1.0,1.0
AC136475.2,0.0,0.0,1.0,1.0
SSU72P3,0.0,0.0,1.0,1.0
SSU72P4,0.0,0.0,1.0,1.0
SSU72P2,0.0,0.0,1.0,1.0
OR52E2,0.0,0.0,1.0,1.0
AC123788.1,0.0,0.0,1.0,1.0
MRGPRG-AS1,0.0,0.0,1.0,1.0
MRGPRG,0.0,0.0,1.0,1.0
AC091819.2,0.0,0.0,1.0,1.0
AC108448.1,0.0,0.0,1.0,1.0
IFITM1,0.0,0.0,1.0,1.0
AC136475.4,0.0,0.0,1.0,1.0
AC008180.2,0.0,0.0,1.0,1.0
OR52A5,0.0,0.0,1.0,1.0
KRTAP5-2,0.0,0.0,1.0,1.0
AC025437.1,0.0,0.0,1.0,1.0
SYCN,0.0,0.0,1.0,1.0
C11orf21,0.0,0.0,1.0,1.0
AC007686.5,0.0,0.0,1.0,1.0
TH,0.0,0.0,1.0,1.0
AL590422.1,0.0,0.0,1.0,1.0
ASCL2,0.0,0.0,1.0,1.0
IL1F10,0.0,0.0,1.0,1.0
AC011462.2,0.0,0.0,1.0,1.0
LINC02079,0.0,0.0,1.0,1.0
KRTAP5-3,0.0,0.0,1.0,1.0
KRTAP5-4,0.0,0.0,1.0,1.0
TMEM212-IT1,0.0,0.0,1.0,1.0
KRTAP5-5,0.0,0.0,1.0,1.0
AL008638.4,0.0,0.0,1.0,1.0
LRRC3C,0.0,0.0,1.0,1.0
OR2T6,0.0,0.0,1.0,1.0
AC003009.1,0.0,0.0,1.0,1.0
OR2T1,0.0,0.0,1.0,1.0
GAGE2E,0.0,0.0,1.0,1.0
GAGE13,0.0,0.0,1.0,1.0
GAGE12J,0.0,0.0,1.0,1.0
SIT1,0.0,0.0,1.0,1.0
AL449223.1,0.0,0.0,1.0,1.0
GFRA4,0.0,0.0,1.0,1.0
OR2M2,0.0,0.0,1.0,1.0
OR2T5,0.0,0.0,1.0,1.0
AC138089.1,0.0,0.0,1.0,1.0
OR2T2,0.0,0.0,1.0,1.0
OR2T3,0.0,0.0,1.0,1.0
AC104640.1,0.0,0.0,1.0,1.0
AL050402.2,0.0,0.0,1.0,1.0
S100A7,0.0,0.0,1.0,1.0
S100A7L2,0.0,0.0,1.0,1.0
PRR20G,0.0,0.0,1.0,1.0
DNAJB8-AS1,0.0,0.0,1.0,1.0
DNAJB8,0.0,0.0,1.0,1.0
AC063919.2,0.0,0.0,1.0,1.0
AC063919.1,0.0,0.0,1.0,1.0
AC068580.5,0.0,0.0,1.0,1.0
AC009852.1,0.0,0.0,1.0,1.0
AC068580.2,0.0,0.0,1.0,1.0
AC051649.1,0.0,0.0,1.0,1.0
AP006285.1,0.0,0.0,1.0,1.0
IGF2,0.0,0.0,1.0,1.0
Z98742.1,0.0,0.0,1.0,1.0
IFNL3,0.0,0.0,1.0,1.0
AC132217.2,0.0,0.0,1.0,1.0
AC132217.1,0.0,0.0,1.0,1.0
ENHO,0.0,0.0,1.0,1.0
AL160270.1,0.0,0.0,1.0,1.0
FAM99A,0.0,0.0,1.0,1.0
AC133681.1,0.0,0.0,1.0,1.0
C3orf56,0.0,0.0,1.0,1.0
AC084035.1,0.0,0.0,1.0,1.0
ZPBP2,0.0,0.0,1.0,1.0
FAM99B,0.0,0.0,1.0,1.0
AC104809.2,0.0,0.0,1.0,1.0
IFNL2,0.0,0.0,1.0,1.0
LINC02708,0.0,0.0,1.0,1.0
KRTAP5-6,0.0,0.0,1.0,1.0
KRTAP5-1,0.0,0.0,1.0,1.0
TRBV29OR9-2,0.0,0.0,1.0,1.0
AC008708.1,0.0,0.0,1.0,1.0
AC005479.1,0.0,0.0,1.0,1.0
LINC01014,0.0,0.0,1.0,1.0
AL392024.1,0.0,0.0,1.0,1.0
IL36RN,0.0,0.0,1.0,1.0
IL36A,0.0,0.0,1.0,1.0
RFPL4B,0.0,0.0,1.0,1.0
MAGED4B,0.0,0.0,1.0,1.0
Z99289.2,0.0,0.0,1.0,1.0
LINC01888,0.0,0.0,1.0,1.0
TMEM215,0.0,0.0,1.0,1.0
TRBV25OR9-2,0.0,0.0,1.0,1.0
AC245177.1,0.0,0.0,1.0,1.0
TRBV24OR9-2,0.0,0.0,1.0,1.0
AC008641.1,0.0,0.0,1.0,1.0
OR2T33,0.0,0.0,1.0,1.0
AC011510.1,0.0,0.0,1.0,1.0
PLCB2-AS1,0.0,0.0,1.0,1.0
SSX2,0.0,0.0,1.0,1.0
LINC02518,0.0,0.0,1.0,1.0
AL589684.1,0.0,0.0,1.0,1.0
IGF2-AS,0.0,0.0,1.0,1.0
AC115099.1,0.0,0.0,1.0,1.0
AC110285.5,0.0,0.0,1.0,1.0
AC110285.4,0.0,0.0,1.0,1.0
INS,0.0,0.0,1.0,1.0
EZHIP,0.0,0.0,1.0,1.0
CENPVL3,0.0,0.0,1.0,1.0
AL365214.4,0.0,0.0,1.0,1.0
AC091564.4,0.0,0.0,1.0,1.0
IGKV1OR2-108,0.0,0.0,1.0,1.0
TUB-AS1,0.0,0.0,1.0,1.0
AC116456.1,0.0,0.0,1.0,1.0
FOXI1,0.0,0.0,1.0,1.0
AC079296.2,0.0,0.0,1.0,1.0
AC009303.3,0.0,0.0,1.0,1.0
LINC01187,0.0,0.0,1.0,1.0
IGLJ5,0.0,0.0,1.0,1.0
AC012081.1,0.0,0.0,1.0,1.0
AL161645.2,0.0,0.0,1.0,1.0
AC093802.2,0.0,0.0,1.0,1.0
AC079612.2,0.0,0.0,1.0,1.0
CCIN,0.0,0.0,1.0,1.0
AC124861.3,0.0,0.0,1.0,1.0
OTOS,0.0,0.0,1.0,1.0
OR6B3,0.0,0.0,1.0,1.0
AC243830.3,0.0,0.0,1.0,1.0
AC079612.1,0.0,0.0,1.0,1.0
AC023787.1,0.0,0.0,1.0,1.0
OR13J1,0.0,0.0,1.0,1.0
AC023787.3,0.0,0.0,1.0,1.0
AC005789.1,0.0,0.0,1.0,1.0
AC011298.1,0.0,0.0,1.0,1.0
AQP12B,0.0,0.0,1.0,1.0
AL773545.1,0.0,0.0,1.0,1.0
ANKRD20A2,0.0,0.0,1.0,1.0
AL022337.1,0.0,0.0,1.0,1.0
IGKV1OR9-2,0.0,0.0,1.0,1.0
LINC02559,0.0,0.0,1.0,1.0
AL022329.3,0.0,0.0,1.0,1.0
AC011389.2,0.0,0.0,1.0,1.0
AC243773.1,0.0,0.0,1.0,1.0
OR6B2,0.0,0.0,1.0,1.0
PAGE3,0.0,0.0,1.0,1.0
PAGE5,0.0,0.0,1.0,1.0
OR51G1,0.0,0.0,1.0,1.0
OR52M1,0.0,0.0,1.0,1.0
OR52K2,0.0,0.0,1.0,1.0
OR51S1,0.0,0.0,1.0,1.0
OR51F2,0.0,0.0,1.0,1.0
OR52R1,0.0,0.0,1.0,1.0
NLRP6,0.0,0.0,1.0,1.0
OR51F1,0.0,0.0,1.0,1.0
AC026688.2,0.0,0.0,1.0,1.0
CCL14,0.0,0.0,1.0,1.0
LINC01400,0.0,0.0,1.0,1.0
CCL3,0.0,0.0,1.0,1.0
OR51C1P,0.0,0.0,1.0,1.0
AC091564.6,0.0,0.0,1.0,1.0
OR51E1,0.0,0.0,1.0,1.0
OR52J3,0.0,0.0,1.0,1.0
OR51L1,0.0,0.0,1.0,1.0
OR51A2,0.0,0.0,1.0,1.0
OR51A4,0.0,0.0,1.0,1.0
XAGE2,0.0,0.0,1.0,1.0
OR5P3,0.0,0.0,1.0,1.0
OR5P2,0.0,0.0,1.0,1.0
AC008453.1,0.0,0.0,1.0,1.0
TBC1D3,0.0,0.0,1.0,1.0
TBC1D3E,0.0,0.0,1.0,1.0
TBC1D3C,0.0,0.0,1.0,1.0
TBC1D3D,0.0,0.0,1.0,1.0
TBC1D3K,0.0,0.0,1.0,1.0
XAGE1A,0.0,0.0,1.0,1.0
AL135841.1,0.0,0.0,1.0,1.0
AC091564.3,0.0,0.0,1.0,1.0
OR51B4,0.0,0.0,1.0,1.0
CENPVL2,0.0,0.0,1.0,1.0
HBG1,0.0,0.0,1.0,1.0
BGLT3,0.0,0.0,1.0,1.0
PRM3,0.0,0.0,1.0,1.0
TNP2,0.0,0.0,1.0,1.0
AC009121.4,0.0,0.0,1.0,1.0
CCL21,0.0,0.0,1.0,1.0
CCL19,0.0,0.0,1.0,1.0
AL590009.1,0.0,0.0,1.0,1.0
CENPVL1,0.0,0.0,1.0,1.0
GPR6,0.0,0.0,1.0,1.0
BMP15,0.0,0.0,1.0,1.0
LINC02783,0.0,0.0,1.0,1.0
OR6Y1,0.0,0.0,1.0,1.0
PRM1,0.0,0.0,1.0,1.0
PRM2,0.0,0.0,1.0,1.0
AC010139.1,0.0,0.0,1.0,1.0
AC132807.1,0.0,0.0,1.0,1.0
SPANXN5,0.0,0.0,1.0,1.0
AC239585.1,0.0,0.0,1.0,1.0
AC009167.1,0.0,0.0,1.0,1.0
AC239585.2,0.0,0.0,1.0,1.0
AC136475.7,0.0,0.0,1.0,1.0
AL080273.1,0.0,0.0,1.0,1.0
OR6K2,0.0,0.0,1.0,1.0
OR10Z1,0.0,0.0,1.0,1.0
OR10X1,0.0,0.0,1.0,1.0
OR6P1,0.0,0.0,1.0,1.0
AC136475.9,0.0,0.0,1.0,1.0
PAGE2,0.0,0.0,1.0,1.0
FAM236A,0.0,0.0,1.0,1.0
PABPC1L2B-AS1,0.0,0.0,1.0,1.0
PABPC1L2B,0.0,0.0,1.0,1.0
AC069421.2,0.0,0.0,1.0,1.0
LINC02038,0.0,0.0,1.0,1.0
OR10V1,0.0,0.0,1.0,1.0
MPEG1,0.0,0.0,1.0,1.0
OR5A2,0.0,0.0,1.0,1.0
AL135785.1,0.0,0.0,1.0,1.0
OR5B2,0.0,0.0,1.0,1.0
AC073409.1,0.0,0.0,1.0,1.0
AC019159.2,0.0,0.0,1.0,1.0
LINC01941,0.0,0.0,1.0,1.0
AC073632.1,0.0,0.0,1.0,1.0
AC062020.1,0.0,0.0,1.0,1.0
AC068483.1,0.0,0.0,1.0,1.0
AC010976.2,0.0,0.0,1.0,1.0
KPRP,0.0,0.0,1.0,1.0
OR5B17,0.0,0.0,1.0,1.0
OR10W1,0.0,0.0,1.0,1.0
FAM236D,0.0,0.0,1.0,1.0
AL133319.1,0.0,0.0,1.0,1.0
AL023693.1,0.0,0.0,1.0,1.0
AL078590.1,0.0,0.0,1.0,1.0
ZCCHC13,0.0,0.0,1.0,1.0
SLURP2,0.0,0.0,1.0,1.0
LY6D,0.0,0.0,1.0,1.0
AC114752.2,0.0,0.0,1.0,1.0
FAM236C,0.0,0.0,1.0,1.0
PABPC1L2A,0.0,0.0,1.0,1.0
AL662864.1,0.0,0.0,1.0,1.0
NAP1L2,0.0,0.0,1.0,1.0
CDX4,0.0,0.0,1.0,1.0
FAM236B,0.0,0.0,1.0,1.0
OR5B12,0.0,0.0,1.0,1.0
OR6Q1,0.0,0.0,1.0,1.0
OR9Q2,0.0,0.0,1.0,1.0
OR1S2,0.0,0.0,1.0,1.0
CETN1,0.0,0.0,1.0,1.0
AC002428.2,0.0,0.0,1.0,1.0
LINC01904,0.0,0.0,1.0,1.0
AC005262.2,0.0,0.0,1.0,1.0
AC006538.4,0.0,0.0,1.0,1.0
OLIG3,0.0,0.0,1.0,1.0
AC007381.2,0.0,0.0,1.0,1.0
SCGB1D4,0.0,0.0,1.0,1.0
SCGB1D1,0.0,0.0,1.0,1.0
LY6L,0.0,0.0,1.0,1.0
LCE1F,0.0,0.0,1.0,1.0
AC093326.2,0.0,0.0,1.0,1.0
LINC01875,0.0,0.0,1.0,1.0
AC092159.3,0.0,0.0,1.0,1.0
SLC35D3,0.0,0.0,1.0,1.0
AL135902.2,0.0,0.0,1.0,1.0
ADCYAP1,0.0,0.0,1.0,1.0
AC018865.1,0.0,0.0,1.0,1.0
LINC02705,0.0,0.0,1.0,1.0
LY6H,0.0,0.0,1.0,1.0
AC108002.1,0.0,0.0,1.0,1.0
LCE1E,0.0,0.0,1.0,1.0
LCE1D,0.0,0.0,1.0,1.0
LCE1C,0.0,0.0,1.0,1.0
LCE1B,0.0,0.0,1.0,1.0
LCE1A,0.0,0.0,1.0,1.0
hsa-mir-423,0.0,0.0,1.0,1.0
LCE3C,0.0,0.0,1.0,1.0
LCE3B,0.0,0.0,1.0,1.0
LCE3A,0.0,0.0,1.0,1.0
AC114296.1,0.0,0.0,1.0,1.0
LCE2C,0.0,0.0,1.0,1.0
OR4D6,0.0,0.0,1.0,1.0
OR4D11,0.0,0.0,1.0,1.0
C1orf68,0.0,0.0,1.0,1.0
AP006547.1,0.0,0.0,1.0,1.0
PSCA,0.0,0.0,1.0,1.0
DCANP1,0.0,0.0,1.0,1.0
AC022092.1,0.0,0.0,1.0,1.0
SMIM32,0.0,0.0,1.0,1.0
LCE2D,0.0,0.0,1.0,1.0
IGLVIV-66-1,0.0,0.0,1.0,1.0
IGLVV-66,0.0,0.0,1.0,1.0
AC007923.1,0.0,0.0,1.0,1.0
IGLV4-60,0.0,0.0,1.0,1.0
IGLVIV-59,0.0,0.0,1.0,1.0
IGLVV-58,0.0,0.0,1.0,1.0
IGLV6-57,0.0,0.0,1.0,1.0
SLAMF9,0.0,0.0,1.0,1.0
AC008753.3,0.0,0.0,1.0,1.0
OR10Q1,0.0,0.0,1.0,1.0
LINC02564,0.0,0.0,1.0,1.0
AP005530.1,0.0,0.0,1.0,1.0
TUBB8P12,0.0,0.0,1.0,1.0
AC130371.2,0.0,0.0,1.0,1.0
AC010733.2,0.0,0.0,1.0,1.0
AC092070.1,0.0,0.0,1.0,1.0
AC009135.1,0.0,0.0,1.0,1.0
AC006112.1,0.0,0.0,1.0,1.0
AC007223.1,0.0,0.0,1.0,1.0
AC008753.2,0.0,0.0,1.0,1.0
OR5D3P,0.0,0.0,1.0,1.0
OR5D13,0.0,0.0,1.0,1.0
OR5D14,0.0,0.0,1.0,1.0
OR5L1,0.0,0.0,1.0,1.0
IGLV8-61,0.0,0.0,1.0,1.0
OR5D18,0.0,0.0,1.0,1.0
OR5L2,0.0,0.0,1.0,1.0
OR5D16,0.0,0.0,1.0,1.0
OR4A16,0.0,0.0,1.0,1.0
IGLV1-62,0.0,0.0,1.0,1.0
OR4C15,0.0,0.0,1.0,1.0
OR4C16,0.0,0.0,1.0,1.0
IGLVI-56,0.0,0.0,1.0,1.0
IGLVI-68,0.0,0.0,1.0,1.0
AC245452.5,0.0,0.0,1.0,1.0
IGLV10-67,0.0,0.0,1.0,1.0
COX6A2,0.0,0.0,1.0,1.0
AL034430.1,0.0,0.0,1.0,1.0
AL034430.2,0.0,0.0,1.0,1.0
OR4A15,0.0,0.0,1.0,1.0
AL163953.1,0.0,0.0,1.0,1.0
OR5M10,0.0,0.0,1.0,1.0
OR5M1,0.0,0.0,1.0,1.0
OR5AP2,0.0,0.0,1.0,1.0
OR5AR1,0.0,0.0,1.0,1.0
OR9G1,0.0,0.0,1.0,1.0
OR4S2,0.0,0.0,1.0,1.0
OR4C6,0.0,0.0,1.0,1.0
OR5AK2,0.0,0.0,1.0,1.0
AC007222.2,0.0,0.0,1.0,1.0
OR8K1,0.0,0.0,1.0,1.0
OR8J1,0.0,0.0,1.0,1.0
OR8U1,0.0,0.0,1.0,1.0
OR5R1,0.0,0.0,1.0,1.0
OR5M9,0.0,0.0,1.0,1.0
OR5M8,0.0,0.0,1.0,1.0
OR5M11,0.0,0.0,1.0,1.0
OR5B21,0.0,0.0,1.0,1.0
OR1S1,0.0,0.0,1.0,1.0
OR8K3,0.0,0.0,1.0,1.0
IGLVIV-65,0.0,0.0,1.0,1.0
IGLVIV-64,0.0,0.0,1.0,1.0
IGLVI-70,0.0,0.0,1.0,1.0
IGLV4-69,0.0,0.0,1.0,1.0
IGLV3-30,0.0,0.0,1.0,1.0
OR8H3,0.0,0.0,1.0,1.0
OR8K5,0.0,0.0,1.0,1.0
LINC01688,0.0,0.0,1.0,1.0
OR5J2,0.0,0.0,1.0,1.0
AL138479.2,0.0,0.0,1.0,1.0
OR5T3,0.0,0.0,1.0,1.0
OR5T1,0.0,0.0,1.0,1.0
TRIM51,0.0,0.0,1.0,1.0
OR5W2,0.0,0.0,1.0,1.0
OR5I1,0.0,0.0,1.0,1.0
OR10AG1,0.0,0.0,1.0,1.0
PRG3,0.0,0.0,1.0,1.0
PYDC2,0.0,0.0,1.0,1.0
AC108747.1,0.0,0.0,1.0,1.0
OR5T2,0.0,0.0,1.0,1.0
AC025465.4,0.0,0.0,1.0,1.0
AC025465.3,0.0,0.0,1.0,1.0
AC008669.1,0.0,0.0,1.0,1.0
AC007731.5,0.0,0.0,1.0,1.0
FTMT,0.0,0.0,1.0,1.0
FAM170A,0.0,0.0,1.0,1.0
FAM27E5,0.0,0.0,1.0,1.0
AC209154.1,0.0,0.0,1.0,1.0
AC132825.3,0.0,0.0,1.0,1.0
GPIHBP1,0.0,0.0,1.0,1.0
AP002478.2,0.0,0.0,1.0,1.0
IGLJCOR18,0.0,0.0,1.0,1.0
AC006566.2,0.0,0.0,1.0,1.0
AC087667.1,0.0,0.0,1.0,1.0
AC084116.1,0.0,0.0,1.0,1.0
AC079779.4,0.0,0.0,1.0,1.0
CD200R1L-AS1,0.0,0.0,1.0,1.0
AC016044.1,0.0,0.0,1.0,1.0
PRAMEF13,0.0,0.0,1.0,1.0
AC068492.1,0.0,0.0,1.0,1.0
AL353681.1,0.0,0.0,1.0,1.0
LINC01120,0.0,0.0,1.0,1.0
AC133785.1,0.0,0.0,1.0,1.0
SMIM39,0.0,0.0,1.0,1.0
AL355596.2,0.0,0.0,1.0,1.0
AL355596.1,0.0,0.0,1.0,1.0
NMBR-AS1,0.0,0.0,1.0,1.0
AC024619.2,0.0,0.0,1.0,1.0
AC024619.1,0.0,0.0,1.0,1.0
AC113349.2,0.0,0.0,1.0,1.0
POTEE,0.0,0.0,1.0,1.0
AC073869.5,0.0,0.0,1.0,1.0
AC109464.2,0.0,0.0,1.0,1.0
AC109471.1,0.0,0.0,1.0,1.0
AC116362.2,0.0,0.0,1.0,1.0
AC016556.1,0.0,0.0,1.0,1.0
AC025465.2,0.0,0.0,1.0,1.0
AL079307.2,0.0,0.0,1.0,1.0
AP005273.1,0.0,0.0,1.0,1.0
FAM230G,0.0,0.0,1.0,1.0
IGHV3OR16-15,0.0,0.0,1.0,1.0
IGHV3OR16-6,0.0,0.0,1.0,1.0
IGHV1OR16-2,0.0,0.0,1.0,1.0
IGHV3OR16-10,0.0,0.0,1.0,1.0
AC142086.4,0.0,0.0,1.0,1.0
IGHV1OR16-4,0.0,0.0,1.0,1.0
IGHV3OR16-8,0.0,0.0,1.0,1.0
AC145350.4,0.0,0.0,1.0,1.0
AL162400.2,0.0,0.0,1.0,1.0
PRAMEF18,0.0,0.0,1.0,1.0
AC094104.2,0.0,0.0,1.0,1.0
AC094104.1,0.0,0.0,1.0,1.0
TRIM36-IT1,0.0,0.0,1.0,1.0
AC008494.2,0.0,0.0,1.0,1.0
LINC01957,0.0,0.0,1.0,1.0
AC141257.1,0.0,0.0,1.0,1.0
GSC2,0.0,0.0,1.0,1.0
DGCR10,0.0,0.0,1.0,1.0
LINC02200,0.0,0.0,1.0,1.0
AC093295.1,0.0,0.0,1.0,1.0
AL359547.1,0.0,0.0,1.0,1.0
AL591806.1,0.0,0.0,1.0,1.0
AC016074.1,0.0,0.0,1.0,1.0
AC084781.1,0.0,0.0,1.0,1.0
AC084781.2,0.0,0.0,1.0,1.0
AC012653.2,0.0,0.0,1.0,1.0
AC025431.1,0.0,0.0,1.0,1.0
IGHV1OR16-3,0.0,0.0,1.0,1.0
IGHV3OR16-9,0.0,0.0,1.0,1.0
AC142086.1,0.0,0.0,1.0,1.0
NCKAP5-IT1,0.0,0.0,1.0,1.0
AC092623.1,0.0,0.0,1.0,1.0
AC103564.1,0.0,0.0,1.0,1.0
AJ239322.2,0.0,0.0,1.0,1.0
AL358333.2,0.0,0.0,1.0,1.0
AL358333.3,0.0,0.0,1.0,1.0
AP003068.3,0.0,0.0,1.0,1.0
SPDYC,0.0,0.0,1.0,1.0
AC128709.1,0.0,0.0,1.0,1.0
AC133485.7,0.0,0.0,1.0,1.0
AC100860.1,0.0,0.0,1.0,1.0
RTL3,0.0,0.0,1.0,1.0
ITM2A,0.0,0.0,1.0,1.0
AC138647.1,0.0,0.0,1.0,1.0
PRAMEF8,0.0,0.0,1.0,1.0
PRAMEF33,0.0,0.0,1.0,1.0
AP000550.2,0.0,0.0,1.0,1.0
SOWAHA,0.0,0.0,1.0,1.0
AC004775.1,0.0,0.0,1.0,1.0
LINC01753,0.0,0.0,1.0,1.0
AC104417.2,0.0,0.0,1.0,1.0
AC011676.4,0.0,0.0,1.0,1.0
AC034228.2,0.0,0.0,1.0,1.0
CSF2,0.0,0.0,1.0,1.0
AC008588.1,0.0,0.0,1.0,1.0
AC010424.2,0.0,0.0,1.0,1.0
AP000552.2,0.0,0.0,1.0,1.0
LINC01651,0.0,0.0,1.0,1.0
AP000552.4,0.0,0.0,1.0,1.0
AP000553.3,0.0,0.0,1.0,1.0
AC083841.3,0.0,0.0,1.0,1.0
CYP11B1,0.0,0.0,1.0,1.0
CYP11B2,0.0,0.0,1.0,1.0
AC011840.3,0.0,0.0,1.0,1.0
AC011840.4,0.0,0.0,1.0,1.0
AC011840.2,0.0,0.0,1.0,1.0
AC011840.1,0.0,0.0,1.0,1.0
AC010307.3,0.0,0.0,1.0,1.0
AC010608.1,0.0,0.0,1.0,1.0
AC138647.2,0.0,0.0,1.0,1.0
RAB6C,0.0,0.0,1.0,1.0
PRAMEF15,0.0,0.0,1.0,1.0
AC243961.1,0.0,0.0,1.0,1.0
PRAMEF19,0.0,0.0,1.0,1.0
PRAMEF17,0.0,0.0,1.0,1.0
POU3F4,0.0,0.0,1.0,1.0
AC093010.3,0.0,0.0,1.0,1.0
FLG,0.0,0.0,1.0,1.0
AC100803.3,0.0,0.0,1.0,1.0
AP002754.2,0.0,0.0,1.0,1.0
LCE3D,0.0,0.0,1.0,1.0
AL359511.3,0.0,0.0,1.0,1.0
AC103726.1,0.0,0.0,1.0,1.0
AC006566.1,0.0,0.0,1.0,1.0
AP001094.3,0.0,0.0,1.0,1.0
AP001094.2,0.0,0.0,1.0,1.0
AP001094.1,0.0,0.0,1.0,1.0
LRRC30,0.0,0.0,1.0,1.0
AP001095.1,0.0,0.0,1.0,1.0
RIMBP3B,0.0,0.0,1.0,1.0
AC106706.2,0.0,0.0,1.0,1.0
LINC01755,0.0,0.0,1.0,1.0
AP005202.1,0.0,0.0,1.0,1.0
AP005205.1,0.0,0.0,1.0,1.0
AC087341.1,0.0,0.0,1.0,1.0
AC104257.1,0.0,0.0,1.0,1.0
CFC1B,0.0,0.0,1.0,1.0
CFC1,0.0,0.0,1.0,1.0
GPR148,0.0,0.0,1.0,1.0
AP005202.2,0.0,0.0,1.0,1.0
AC073352.2,0.0,0.0,1.0,1.0
AC027541.1,0.0,0.0,1.0,1.0
AL023581.2,0.0,0.0,1.0,1.0
AL355337.1,0.0,0.0,1.0,1.0
AL023584.1,0.0,0.0,1.0,1.0
AL592431.2,0.0,0.0,1.0,1.0
LINC00901,0.0,0.0,1.0,1.0
AC092468.1,0.0,0.0,1.0,1.0
AC020891.1,0.0,0.0,1.0,1.0
LCE3E,0.0,0.0,1.0,1.0
AL390856.1,0.0,0.0,1.0,1.0
VN1R4,0.0,0.0,1.0,1.0
AL353612.1,0.0,0.0,1.0,1.0
PARAL1,0.0,0.0,1.0,1.0
AL121892.1,0.0,0.0,1.0,1.0
TEX54,0.0,0.0,1.0,1.0
AL136985.2,0.0,0.0,1.0,1.0
CRNN,0.0,0.0,1.0,1.0
CRCT1,0.0,0.0,1.0,1.0
AL355482.2,0.0,0.0,1.0,1.0
IGLV3-24,0.0,0.0,1.0,1.0
IGLV2-23,0.0,0.0,1.0,1.0
AL451129.1,0.0,0.0,1.0,1.0
AL162596.1,0.0,0.0,1.0,1.0
IVL,0.0,0.0,1.0,1.0
SPRR4,0.0,0.0,1.0,1.0
SPRR1A,0.0,0.0,1.0,1.0
LINC02051,0.0,0.0,1.0,1.0
AP006437.1,0.0,0.0,1.0,1.0
LILRB2,0.0,0.0,1.0,1.0
AC245052.1,0.0,0.0,1.0,1.0
CRP,0.0,0.0,1.0,1.0
GLIS3-AS1,0.0,0.0,1.0,1.0
AL359095.1,0.0,0.0,1.0,1.0
AL162419.1,0.0,0.0,1.0,1.0
AL162413.1,0.0,0.0,1.0,1.0
IGLV3-32,0.0,0.0,1.0,1.0
IGLV3-31,0.0,0.0,1.0,1.0
AL135923.1,0.0,0.0,1.0,1.0
IGLV3-12,0.0,0.0,1.0,1.0
IGLV2-11,0.0,0.0,1.0,1.0
IGLV3-10,0.0,0.0,1.0,1.0
IGLV3-9,0.0,0.0,1.0,1.0
IGLV2-8,0.0,0.0,1.0,1.0
IGLV3-7,0.0,0.0,1.0,1.0
IGLVVI-22-1,0.0,0.0,1.0,1.0
IGLV3-22,0.0,0.0,1.0,1.0
IGLV3-21,0.0,0.0,1.0,1.0
AC244250.1,0.0,0.0,1.0,1.0
AC011824.4,0.0,0.0,1.0,1.0
AC024614.1,0.0,0.0,1.0,1.0
AC024614.2,0.0,0.0,1.0,1.0
AC024610.1,0.0,0.0,1.0,1.0
NAV2-AS5,0.0,0.0,1.0,1.0
NAV2-AS4,0.0,0.0,1.0,1.0
LINC02758,0.0,0.0,1.0,1.0
IQCA1-AS1,0.0,0.0,1.0,1.0
IGLV3-25,0.0,0.0,1.0,1.0
IGLVI-20,0.0,0.0,1.0,1.0
AC005552.1,0.0,0.0,1.0,1.0
AC004147.1,0.0,0.0,1.0,1.0
AC004147.3,0.0,0.0,1.0,1.0
AC004147.2,0.0,0.0,1.0,1.0
AC005549.1,0.0,0.0,1.0,1.0
CCL2,0.0,0.0,1.0,1.0
SPRR2G,0.0,0.0,1.0,1.0
LCE6A,0.0,0.0,1.0,1.0
IGLV1-47,0.0,0.0,1.0,1.0
IGLVI-42,0.0,0.0,1.0,1.0
IGLV5-45,0.0,0.0,1.0,1.0
IGLV1-44,0.0,0.0,1.0,1.0
IGLV7-43,0.0,0.0,1.0,1.0
LINC01729,0.0,0.0,1.0,1.0
AC009088.3,0.0,0.0,1.0,1.0
PRLH,0.0,0.0,1.0,1.0
SPRR1B,0.0,0.0,1.0,1.0
SPRR2A,0.0,0.0,1.0,1.0
SPRR2B,0.0,0.0,1.0,1.0
IGLV7-46,0.0,0.0,1.0,1.0
IGLVVII-41-1,0.0,0.0,1.0,1.0
IGLV1-41,0.0,0.0,1.0,1.0
AC132216.1,0.0,0.0,1.0,1.0
IGLV3-29,0.0,0.0,1.0,1.0
C17orf102,0.0,0.0,1.0,1.0
AC013799.1,0.0,0.0,1.0,1.0
MUC15,0.0,0.0,1.0,1.0
AC013457.1,0.0,0.0,1.0,1.0
IGLVVI-25-1,0.0,0.0,1.0,1.0
C17orf50,0.0,0.0,1.0,1.0
IGLV2-33,0.0,0.0,1.0,1.0
CCL7,0.0,0.0,1.0,1.0
C1QL2,0.0,0.0,1.0,1.0
CCL11,0.0,0.0,1.0,1.0
CCL8,0.0,0.0,1.0,1.0
CCL13,0.0,0.0,1.0,1.0
CCL1,0.0,0.0,1.0,1.0
AC011193.1,0.0,0.0,1.0,1.0
AC006237.1,0.0,0.0,1.0,1.0
IGLV2-34,0.0,0.0,1.0,1.0
AL133396.2,0.0,0.0,1.0,1.0
LINC01433,0.0,0.0,1.0,1.0
AL117348.1,0.0,0.0,1.0,1.0
AVP,0.0,0.0,1.0,1.0
C20orf141,0.0,0.0,1.0,1.0
IFNA16,0.0,0.0,1.0,1.0
IFNA17,0.0,0.0,1.0,1.0
IFNA14,0.0,0.0,1.0,1.0
AL139350.1,0.0,0.0,1.0,1.0
IGLV3-13,0.0,0.0,1.0,1.0
AL121757.3,0.0,0.0,1.0,1.0
IGLC7,0.0,0.0,1.0,1.0
AC004817.2,0.0,0.0,1.0,1.0
CALCA,0.0,0.0,1.0,1.0
IGLV3-19,0.0,0.0,1.0,1.0
IGLV2-18,0.0,0.0,1.0,1.0
IGLV3-17,0.0,0.0,1.0,1.0
IGLV3-16,0.0,0.0,1.0,1.0
IGLV3-15,0.0,0.0,1.0,1.0
AC107294.3,0.0,0.0,1.0,1.0
AC010251.1,0.0,0.0,1.0,1.0
AC011396.3,0.0,0.0,1.0,1.0
AC060766.6,0.0,0.0,1.0,1.0
LINC02545,0.0,0.0,1.0,1.0
AC025300.1,0.0,0.0,1.0,1.0
AC011352.1,0.0,0.0,1.0,1.0
GGT1.1,0.0,0.0,1.0,1.0
AL445224.1,0.0,0.0,1.0,1.0
CD7,0.0,0.0,1.0,1.0
CALHM6,0.0,0.0,1.0,1.0
AL358117.1,0.0,0.0,1.0,1.0
LINC01628,0.0,0.0,1.0,1.0
AC118345.1,0.0,0.0,1.0,1.0
AC092669.1,0.0,0.0,1.0,1.0
AC060766.4,0.0,0.0,1.0,1.0
AC015911.5,0.0,0.0,1.0,1.0
AL512643.1,0.0,0.0,1.0,1.0
AL132671.1,0.0,0.0,1.0,1.0
Z84488.1,0.0,0.0,1.0,1.0
AL450003.1,0.0,0.0,1.0,1.0
SNHG28,0.0,0.0,1.0,1.0
VSIG8,0.0,0.0,1.0,1.0
FCER1A,0.0,0.0,1.0,1.0
IGLJ2,0.0,0.0,1.0,1.0
IGLJ3,0.0,0.0,1.0,1.0
AC005592.2,0.0,0.0,1.0,1.0
AC005753.3,0.0,0.0,1.0,1.0
AC005753.1,0.0,0.0,1.0,1.0
AC107882.1,0.0,0.0,1.0,1.0
AC096536.1,0.0,0.0,1.0,1.0
IGLV3-6,0.0,0.0,1.0,1.0
IGLV2-5,0.0,0.0,1.0,1.0
IGLV3-4,0.0,0.0,1.0,1.0
AC040936.1,0.0,0.0,1.0,1.0
LINC01495,0.0,0.0,1.0,1.0
AC090707.2,0.0,0.0,1.0,1.0
AC090707.1,0.0,0.0,1.0,1.0
IGLC1,0.0,0.0,1.0,1.0
IGLV2-14,0.0,0.0,1.0,1.0
OR10J5,0.0,0.0,1.0,1.0
LINC02784,0.0,0.0,1.0,1.0
AP000345.3,0.0,0.0,1.0,1.0
LINC02557,0.0,0.0,1.0,1.0
MRGPRX1,0.0,0.0,1.0,1.0
AC023078.1,0.0,0.0,1.0,1.0
MRGPRX4,0.0,0.0,1.0,1.0
HMHB1,0.0,0.0,1.0,1.0
IGLC3,0.0,0.0,1.0,1.0
IGLJ4,0.0,0.0,1.0,1.0
AL590560.2,0.0,0.0,1.0,1.0
TPD52L3,0.0,0.0,1.0,1.0
HEY2,0.0,0.0,1.0,1.0
FABP7,0.0,0.0,1.0,1.0
AC007403.1,0.0,0.0,1.0,1.0
AC023115.1,0.0,0.0,1.0,1.0
NAV2-IT1,0.0,0.0,1.0,1.0
LINC02049,0.0,0.0,1.0,1.0
AC063952.4,0.0,0.0,1.0,1.0
AC069444.1,0.0,0.0,1.0,1.0
IGLC4,0.0,0.0,1.0,1.0
LCE2A,0.0,0.0,1.0,1.0
LCE4A,0.0,0.0,1.0,1.0
AL109837.2,0.0,0.0,1.0,1.0
AL023913.1,0.0,0.0,1.0,1.0
ACKR3,0.0,0.0,1.0,1.0
AC103681.1,0.0,0.0,1.0,1.0
AC018716.2,0.0,0.0,1.0,1.0
AL080248.1,0.0,0.0,1.0,1.0
LINC01751,0.0,0.0,1.0,1.0
SPRR2E,0.0,0.0,1.0,1.0
AC018716.1,0.0,0.0,1.0,1.0
AC103855.1,0.0,0.0,1.0,1.0
AC106730.1,0.0,0.0,1.0,1.0
AC005609.2,0.0,0.0,1.0,1.0
CHRM4,0.0,0.0,1.0,1.0
OR4C13,0.0,0.0,1.0,1.0
AC087442.1,0.0,0.0,1.0,1.0
AC044839.2,0.0,0.0,1.0,1.0
LINC02690,0.0,0.0,1.0,1.0
LINC02716,0.0,0.0,1.0,1.0
LINC01177,0.0,0.0,1.0,1.0
AC087190.3,0.0,0.0,1.0,1.0
AC022467.1,0.0,0.0,1.0,1.0
AC092078.1,0.0,0.0,1.0,1.0
AC138207.9,0.0,0.0,1.0,1.0
AC084809.2,0.0,0.0,1.0,1.0
AC003687.1,0.0,0.0,1.0,1.0
AC073964.1,0.0,0.0,1.0,1.0
AC020891.3,0.0,0.0,1.0,1.0
IGHV1OR16-1,0.0,0.0,1.0,1.0
AL356124.2,0.0,0.0,1.0,1.0
AC011824.3,0.0,0.0,1.0,1.0
AC079336.1,0.0,0.0,1.0,1.0
AC073257.1,0.0,0.0,1.0,1.0
EN1,0.0,0.0,1.0,1.0
MIR670HG,0.0,0.0,1.0,1.0
AC116021.1,0.0,0.0,1.0,1.0
AC138207.1,0.0,0.0,1.0,1.0
AC074050.2,0.0,0.0,1.0,1.0
AL451105.2,0.0,0.0,1.0,1.0
OR4B1,0.0,0.0,1.0,1.0
OR4X2,0.0,0.0,1.0,1.0
OR4X1,0.0,0.0,1.0,1.0
AL358976.2,0.0,0.0,1.0,1.0
DMRT2,0.0,0.0,1.0,1.0
OR2A4,0.0,0.0,1.0,1.0
AL583803.1,0.0,0.0,1.0,1.0
VSIG4,0.0,0.0,1.0,1.0
IGLV11-55,0.0,0.0,1.0,1.0
AC109635.7,0.0,0.0,1.0,1.0
VPREB1,0.0,0.0,1.0,1.0
IGLVI-63,0.0,0.0,1.0,1.0
LCE2B,0.0,0.0,1.0,1.0
OR4A47,0.0,0.0,1.0,1.0
TRIM51GP,0.0,0.0,1.0,1.0
TRIM64C,0.0,0.0,1.0,1.0
OR4C11,0.0,0.0,1.0,1.0
OR5F1,0.0,0.0,1.0,1.0
OR8I2,0.0,0.0,1.0,1.0
IGLVIV-53,0.0,0.0,1.0,1.0
OR4C46,0.0,0.0,1.0,1.0
OR4A5,0.0,0.0,1.0,1.0
TRIM48,0.0,0.0,1.0,1.0
OR4S1,0.0,0.0,1.0,1.0
OR4C3,0.0,0.0,1.0,1.0
OR4C5,0.0,0.0,1.0,1.0
TAAR1,0.0,0.0,1.0,1.0
TAAR9,0.0,0.0,1.0,1.0
AL450270.1,0.0,0.0,1.0,1.0
AL513524.1,0.0,0.0,1.0,1.0
AL024497.1,0.0,0.0,1.0,1.0
TAAR8,0.0,0.0,1.0,1.0
AC022098.2,0.0,0.0,1.0,1.0
DCAF15,0.0,-0.2374932,1.0,1.0
AL157700.1,0.0,0.0,1.0,1.0
AC233992.1,0.0,0.0,1.0,1.0
AF186192.1,0.0,0.0,1.0,1.0
TAAR6,0.0,0.0,1.0,1.0
TAAR5,0.0,0.0,1.0,1.0
TCF21,0.0,0.0,1.0,1.0
OR2T11,0.0,0.0,1.0,1.0
OR2T35,0.0,0.0,1.0,1.0
AC021713.1,0.0,0.0,1.0,1.0
ARHGEF19-AS1,0.0,0.0,1.0,1.0
AL355994.3,0.0,0.0,1.0,1.0
HSPB7,0.0,0.0,1.0,1.0
OR2T27,0.0,0.0,1.0,1.0
AC005954.1,0.0,0.0,1.0,1.0
AL158147.1,0.0,0.0,1.0,1.0
SECTM1,0.0,0.0,1.0,1.0
AL121992.2,0.0,0.0,1.0,1.0
AL034397.3,0.0,0.0,1.0,1.0
AL137071.1,0.0,0.0,1.0,1.0
INSL4,0.0,0.0,1.0,1.0
RLN2,0.0,0.0,1.0,1.0
SPRR3,0.0,0.0,1.0,1.0
IGLV1-40,0.0,0.0,1.0,1.0
IGLVI-38,0.0,0.0,1.0,1.0
IGLV5-37,0.0,0.0,1.0,1.0
RSC1A1,0.0,0.0,1.0,1.0
SPRR2F,0.0,0.0,1.0,1.0
AC015911.3,0.0,0.0,1.0,1.0
AC015911.2,0.0,0.0,1.0,1.0
SLFN14,0.0,0.0,1.0,1.0
AL035078.3,0.0,0.0,1.0,1.0
AC145625.1,0.0,0.0,1.0,1.0
LINC01940,0.0,0.0,1.0,1.0
IGLV2-28,0.0,0.0,1.0,1.0
IGLV3-27,0.0,0.0,1.0,1.0
OR2T10,0.0,0.0,1.0,1.0
LINC02707,0.0,0.0,1.0,1.0
AC113192.3,0.0,0.0,1.0,1.0
LINC02722,0.0,0.0,1.0,1.0
AC113192.1,0.0,0.0,1.0,1.0
AC015849.2,0.0,0.0,1.0,1.0
AC105393.1,0.0,0.0,1.0,1.0
FAM110C,0.0,0.0,1.0,1.0
OR2T29,0.0,0.0,1.0,1.0
OR2T34,0.0,0.0,1.0,1.0
IGLV3-26,0.0,0.0,1.0,1.0
AC005609.3,0.0,0.0,1.0,1.0
AC112715.1,0.0,0.0,1.0,1.0
AC112721.1,0.0,0.0,1.0,1.0
AC087277.2,0.0,0.0,1.0,1.0
AC009656.1,0.0,0.0,1.0,1.0
AC010768.1,0.0,0.0,1.0,1.0
LINC02704,0.0,0.0,1.0,1.0
AC010768.4,0.0,0.0,1.0,1.0
AC010223.1,0.0,0.0,1.0,1.0
IGLV1-36,0.0,0.0,1.0,1.0
AC023442.3,0.0,0.0,1.0,1.0
LINC02164,0.0,0.0,1.0,1.0
AC099754.1,0.0,0.0,1.0,1.0
AC012087.2,0.0,0.0,1.0,1.0
DMRTC1B,0.0,0.0,1.0,1.0
BX276092.9,0.0,0.0,1.0,1.0
CXorf49,0.0,0.0,1.0,1.0
CXorf49B,0.0,0.0,1.0,1.0
OR4C12,0.0,0.0,1.0,1.0
PCDHAC2,0.0,0.0,1.0,1.0
IGLV7-35,0.0,0.0,1.0,1.0
IGLV9-49,0.0,0.0,1.0,1.0
IGLV5-48,0.0,0.0,1.0,1.0
LINC01713,0.0,0.0,1.0,1.0
TPRG1-AS2,0.0,0.0,1.0,1.0
AC092941.1,0.0,0.0,1.0,1.0
AC092941.2,0.0,0.0,1.0,1.0
LINC02041,0.0,0.0,1.0,1.0
SST,0.0,0.0,1.0,1.0
PCDHB8,0.0,0.0,1.0,1.0
IGLV4-3,0.0,0.0,1.0,1.0
IGLV3-2,0.0,0.0,1.0,1.0
RTP2,0.0,0.0,1.0,1.0
RTP4,0.0,0.0,1.0,1.0
AL390816.2,0.0,0.0,1.0,1.0
LINC00644,0.0,0.0,1.0,1.0
AC023442.2,0.0,0.0,1.0,1.0
IGLV3-1,0.0,0.0,1.0,1.0
IGLJ1,0.0,0.0,1.0,1.0
AC093915.1,0.0,0.0,1.0,1.0
FP325330.3,0.0,0.0,1.0,1.0
LINC02673,0.0,0.0,1.0,1.0
AL121748.1,0.0,0.0,1.0,1.0
AL353600.1,0.0,0.0,1.0,1.0
BX284656.1,0.0,0.0,1.0,1.0
Z82249.1,0.0,0.0,1.0,1.0
AL157387.1,0.0,0.0,1.0,1.0
MTRNR2L7,0.0,0.0,1.0,1.0
AL355300.1,0.0,0.0,1.0,1.0
EPB41L4A-DT,0.0,0.0,1.0,1.0
LYZL2,0.0,0.0,1.0,1.0
IGHD5-5,0.0,0.0,1.0,1.0
IGHD1-20,0.0,0.0,1.0,1.0
IGHD6-19,0.0,0.0,1.0,1.0
IGHD5-18,0.0,0.0,1.0,1.0
IGHD4-17,0.0,0.0,1.0,1.0
IGHD3-16,0.0,0.0,1.0,1.0
IGHD2-15,0.0,0.0,1.0,1.0
BX284656.2,0.0,0.0,1.0,1.0
AL590730.1,0.0,0.0,1.0,1.0
PTF1A,0.0,0.0,1.0,1.0
AL645939.4,0.0,0.0,1.0,1.0
HLA-G,0.0,0.0,1.0,1.0
IGHD2-21,0.0,0.0,1.0,1.0
OR12D3,0.0,0.0,1.0,1.0
OR12D2,0.0,0.0,1.0,1.0
OR10C1,0.0,0.0,1.0,1.0
AL355376.1,0.0,0.0,1.0,1.0
AL645929.2,0.0,0.0,1.0,1.0
OR2J1,0.0,0.0,1.0,1.0
LINC02829,0.0,0.0,1.0,1.0
LINC01015,0.0,0.0,1.0,1.0
AC012414.3,0.0,0.0,1.0,1.0
Z93022.1,0.0,0.0,1.0,1.0
ANKRD66,0.0,0.0,1.0,1.0
GJB5,0.0,0.0,1.0,1.0
Z82202.1,0.0,0.0,1.0,1.0
OR2W1,0.0,0.0,1.0,1.0
OR2B3,0.0,0.0,1.0,1.0
MAS1L,0.0,0.0,1.0,1.0
DEFB110,0.0,0.0,1.0,1.0
IGHV1-17,0.0,0.0,1.0,1.0
AL356309.1,0.0,0.0,1.0,1.0
TLR8-AS1,0.0,0.0,1.0,1.0
AC079171.1,0.0,0.0,1.0,1.0
CRISP2,0.0,0.0,1.0,1.0
AL161618.1,0.0,0.0,1.0,1.0
AL096772.1,0.0,0.0,1.0,1.0
AL161908.2,0.0,0.0,1.0,1.0
IGHD6-13,0.0,0.0,1.0,1.0
IGHJ1,0.0,0.0,1.0,1.0
IGHD7-27,0.0,0.0,1.0,1.0
IGHV1-14,0.0,0.0,1.0,1.0
IGHV3-15,0.0,0.0,1.0,1.0
IGHVII-15-1,0.0,0.0,1.0,1.0
IGHV3-16,0.0,0.0,1.0,1.0
IGHVIII-16-1,0.0,0.0,1.0,1.0
IGKV4-1,0.0,0.0,1.0,1.0
IGKV5-2,0.0,0.0,1.0,1.0
AL590068.1,0.0,0.0,1.0,1.0
IGHJ1P,0.0,0.0,1.0,1.0
IGHD1-26,0.0,0.0,1.0,1.0
IGHD6-25,0.0,0.0,1.0,1.0
IGHD5-24,0.0,0.0,1.0,1.0
IGHD4-23,0.0,0.0,1.0,1.0
IGHD3-22,0.0,0.0,1.0,1.0
IGHD6-6,0.0,0.0,1.0,1.0
DEFB112,0.0,0.0,1.0,1.0
IGKV3OR2-268,0.0,0.0,1.0,1.0
DEFB113,0.0,0.0,1.0,1.0
AC006450.3,0.0,0.0,1.0,1.0
AC006450.1,0.0,0.0,1.0,1.0
AC006450.2,0.0,0.0,1.0,1.0
LINC02623,0.0,0.0,1.0,1.0
AL161731.1,0.0,0.0,1.0,1.0
AL356309.2,0.0,0.0,1.0,1.0
PGK2,0.0,0.0,1.0,1.0
AL359458.1,0.0,0.0,1.0,1.0
DEFB133,0.0,0.0,1.0,1.0
DEFB114,0.0,0.0,1.0,1.0
AC133644.2,0.0,0.0,1.0,1.0
OR7G1,0.0,0.0,1.0,1.0
OR7G3,0.0,0.0,1.0,1.0
IGHV7-34-1,0.0,0.0,1.0,1.0
IGHV3-35,0.0,0.0,1.0,1.0
PSORS1C2,0.0,0.0,1.0,1.0
PSORS1C3,0.0,0.0,1.0,1.0
HCG21,0.0,0.0,1.0,1.0
IGHD1-1,0.0,0.0,1.0,1.0
IGHV6-1,0.0,0.0,1.0,1.0
AL512603.1,0.0,0.0,1.0,1.0
AL031593.1,0.0,0.0,1.0,1.0
AC067747.1,0.0,0.0,1.0,1.0
SLC39A12-AS1,0.0,0.0,1.0,1.0
AL109945.1,0.0,0.0,1.0,1.0
BX539320.1,0.0,0.0,1.0,1.0
IGKV2-29,0.0,0.0,1.0,1.0
IGHV1OR15-9,0.0,0.0,1.0,1.0
AC010181.1,0.0,0.0,1.0,1.0
AC010181.2,0.0,0.0,1.0,1.0
IGHVII-1-1,0.0,0.0,1.0,1.0
IGKV3-15,0.0,0.0,1.0,1.0
IGKV1-16,0.0,0.0,1.0,1.0
IGHV3-11,0.0,0.0,1.0,1.0
C17orf112,0.0,0.0,1.0,1.0
WFIKKN2,0.0,0.0,1.0,1.0
AC091062.1,0.0,0.0,1.0,1.0
TRIM43,0.0,0.0,1.0,1.0
IGKV1-22,0.0,0.0,1.0,1.0
IGHV7-4-1,0.0,0.0,1.0,1.0
IGHV4-34,0.0,0.0,1.0,1.0
IGKV1OR2-1,0.0,0.0,1.0,1.0
IGHV1-18,0.0,0.0,1.0,1.0
IGHV3-19,0.0,0.0,1.0,1.0
IGHV3-7,0.0,0.0,1.0,1.0
IGHV3-64D,0.0,0.0,1.0,1.0
IGHV5-10-1,0.0,0.0,1.0,1.0
IGHV1-2,0.0,0.0,1.0,1.0
IGHV3-33,0.0,0.0,1.0,1.0
IGHVII-33-1,0.0,0.0,1.0,1.0
IGHV3-33-2,0.0,0.0,1.0,1.0
AC233266.2,0.0,0.0,1.0,1.0
IGHV5-78,0.0,0.0,1.0,1.0
IGHVII-78-1,0.0,0.0,1.0,1.0
ACTL9,0.0,0.0,1.0,1.0
AC008734.1,0.0,0.0,1.0,1.0
AL390961.1,0.0,0.0,1.0,1.0
MT1HL1,0.0,0.0,1.0,1.0
NEBL-AS1,0.0,0.0,1.0,1.0
AL590378.1,0.0,0.0,1.0,1.0
AC246787.2,0.0,0.0,1.0,1.0
GOLGA6L1,0.0,0.0,1.0,1.0
IGHJ5,0.0,0.0,1.0,1.0
IGHJ4,0.0,0.0,1.0,1.0
IGHJ3,0.0,0.0,1.0,1.0
IGHJ2P,0.0,0.0,1.0,1.0
IGHJ2,0.0,0.0,1.0,1.0
IGHD1-14,0.0,0.0,1.0,1.0
OR2I1P,0.0,0.0,1.0,1.0
UBD,0.0,0.0,1.0,1.0
AL606469.1,0.0,0.0,1.0,1.0
IGHJ3P,0.0,0.0,1.0,1.0
AL008636.1,0.0,0.0,1.0,1.0
IGHD4OR15-4A,0.0,0.0,1.0,1.0
IGHD3OR15-3A,0.0,0.0,1.0,1.0
IGHD2OR15-2A,0.0,0.0,1.0,1.0
IGHD1OR15-1A,0.0,0.0,1.0,1.0
AL359091.3,0.0,0.0,1.0,1.0
AC026495.1,0.0,0.0,1.0,1.0
AC023310.4,0.0,0.0,1.0,1.0
IGHV3-79,0.0,0.0,1.0,1.0
IGHVIII-76-1,0.0,0.0,1.0,1.0
IGHV7-81,0.0,0.0,1.0,1.0
IGHVIII-82,0.0,0.0,1.0,1.0
AC012414.4,0.0,0.0,1.0,1.0
IGHV1OR15-2,0.0,0.0,1.0,1.0
IGHV3OR15-7,0.0,0.0,1.0,1.0
IGHD5OR15-5A,0.0,0.0,1.0,1.0
AL662873.1,0.0,0.0,1.0,1.0
AL158211.1,0.0,0.0,1.0,1.0
EBLN1,0.0,0.0,1.0,1.0
AL157831.2,0.0,0.0,1.0,1.0
IGHV4-80,0.0,0.0,1.0,1.0
HIST1H3F,0.0,0.0,1.0,1.0
SLC18A3,0.0,0.0,1.0,1.0
IGHD5-12,0.0,0.0,1.0,1.0
IGHD4-11,0.0,0.0,1.0,1.0
IGHD3-10,0.0,0.0,1.0,1.0
AC060814.5,0.0,0.0,1.0,1.0
AC060814.4,0.0,0.0,1.0,1.0
AC060814.3,0.0,0.0,1.0,1.0
POTEB3,0.0,0.0,1.0,1.0
IGKV7-3,0.0,0.0,1.0,1.0
IGHV1OR15-4,0.0,0.0,1.0,1.0
AC135068.3,0.0,0.0,1.0,1.0
AC135068.7,0.0,0.0,1.0,1.0
IGKV1OR2-6,0.0,0.0,1.0,1.0
IGKV2OR2-7,0.0,0.0,1.0,1.0
IGKV2OR2-8,0.0,0.0,1.0,1.0
FAM170B,0.0,0.0,1.0,1.0
AC134981.1,0.0,0.0,1.0,1.0
POTEB,0.0,0.0,1.0,1.0
IGHV4OR15-8,0.0,0.0,1.0,1.0
AC012060.1,0.0,0.0,1.0,1.0
AC124312.3,0.0,0.0,1.0,1.0
AC035139.1,0.0,0.0,1.0,1.0
LRRC18,0.0,0.0,1.0,1.0
TFAP2B,0.0,0.0,1.0,1.0
AL355997.1,0.0,0.0,1.0,1.0
OR1L3,0.0,0.0,1.0,1.0
OR1L4,0.0,0.0,1.0,1.0
OR5C1,0.0,0.0,1.0,1.0
HIST1H4G,0.0,0.0,1.0,1.0
AL441989.1,0.0,0.0,1.0,1.0
AL033397.1,0.0,0.0,1.0,1.0
IGHD3-9,0.0,0.0,1.0,1.0
IGHD2-8,0.0,0.0,1.0,1.0
IGHD1-7,0.0,0.0,1.0,1.0
OR1K1,0.0,0.0,1.0,1.0
OR1J2,0.0,0.0,1.0,1.0
OR1J4,0.0,0.0,1.0,1.0
OR1L1,0.0,0.0,1.0,1.0
PRSS16,0.0,0.0,1.0,1.0
PWRN2,0.0,0.0,1.0,1.0
AL451049.1,0.0,0.0,1.0,1.0
ANK3-DT,0.0,0.0,1.0,1.0
HIST1H2AA,0.0,0.0,1.0,1.0
HIST1H2BA,0.0,0.0,1.0,1.0
HIST1H4F,0.0,0.0,1.0,1.0
IGHV1OR15-3,0.0,0.0,1.0,1.0
MBD3L4,0.0,0.0,1.0,1.0
MBD3L2,0.0,0.0,1.0,1.0
MBD3L3,0.0,0.0,1.0,1.0
AC134980.2,0.0,0.0,1.0,1.0
MBD3L2B,0.0,0.0,1.0,1.0
AL160400.1,0.0,0.0,1.0,1.0
AC135068.8,0.0,0.0,1.0,1.0
AC135068.9,0.0,0.0,1.0,1.0
AC135068.2,0.0,0.0,1.0,1.0
LINC01613,0.0,0.0,1.0,1.0
OR4M2,0.0,0.0,1.0,1.0
OR4N4,0.0,0.0,1.0,1.0
AC010760.1,0.0,0.0,1.0,1.0
AC025278.1,0.0,0.0,1.0,1.0
TMEM273,0.0,0.0,1.0,1.0
C10orf71-AS1,0.0,0.0,1.0,1.0
AC035139.2,0.0,0.0,1.0,1.0
IGKV1OR2-9,0.0,0.0,1.0,1.0
IGKV2OR2-10,0.0,0.0,1.0,1.0
IGKV2OR2-7D,0.0,0.0,1.0,1.0
IGKV3OR2-5,0.0,0.0,1.0,1.0
AC060234.2,0.0,0.0,1.0,1.0
AC016396.2,0.0,0.0,1.0,1.0
AC067752.1,0.0,0.0,1.0,1.0
AC016822.1,0.0,0.0,1.0,1.0
Z85994.1,0.0,0.0,1.0,1.0
LINC01656,0.0,0.0,1.0,1.0
LINC01639,0.0,0.0,1.0,1.0
HIST1H2BB,0.0,0.0,1.0,1.0
HIST1H3C,0.0,0.0,1.0,1.0
AL355314.1,0.0,0.0,1.0,1.0
MBL2,0.0,0.0,1.0,1.0
AC010271.1,0.0,0.0,1.0,1.0
Z99716.1,0.0,0.0,1.0,1.0
AC051618.1,0.0,0.0,1.0,1.0
IGKV1OR10-1,0.0,0.0,1.0,1.0
Z82214.2,0.0,0.0,1.0,1.0
IGKV2OR2-2,0.0,0.0,1.0,1.0
IGKV1OR2-3,0.0,0.0,1.0,1.0
AC013270.1,0.0,0.0,1.0,1.0
AL009179.3,0.0,0.0,1.0,1.0
AL121988.1,0.0,0.0,1.0,1.0
HIST1H3I,0.0,0.0,1.0,1.0
IGHM,0.0,0.0,1.0,1.0
AC023449.2,0.0,0.0,1.0,1.0
IGHA2,0.0,0.0,1.0,1.0
IGHE,0.0,0.0,1.0,1.0
C10orf142,0.0,0.0,1.0,1.0
AL137026.3,0.0,0.0,1.0,1.0
AL356157.3,0.0,0.0,1.0,1.0
HIST1H4L,0.0,0.0,1.0,1.0
AL009179.2,0.0,0.0,1.0,1.0
AL020996.3,0.0,0.0,1.0,1.0
AL645634.1,0.0,0.0,1.0,1.0
IGHJ6,0.0,0.0,1.0,1.0
IGKV2-4,0.0,0.0,1.0,1.0
IGKV1-5,0.0,0.0,1.0,1.0
AL162424.1,0.0,0.0,1.0,1.0
AL359636.1,0.0,0.0,1.0,1.0
OR1J1,0.0,0.0,1.0,1.0
IGKC,0.0,0.0,1.0,1.0
IGKJ5,0.0,0.0,1.0,1.0
IGKJ4,0.0,0.0,1.0,1.0
IGKJ3,0.0,0.0,1.0,1.0
LINC01264,0.0,0.0,1.0,1.0
LINC02563,0.0,0.0,1.0,1.0
IGKJ2,0.0,0.0,1.0,1.0
IGKJ1,0.0,0.0,1.0,1.0
AC021491.3,0.0,0.0,1.0,1.0
AC006487.2,0.0,0.0,1.0,1.0
AC091180.4,0.0,0.0,1.0,1.0
LINC02075,0.0,0.0,1.0,1.0
IGKV2OR2-1,0.0,0.0,1.0,1.0
LINC02629,0.0,0.0,1.0,1.0
IGKV1-6,0.0,0.0,1.0,1.0
LINC01955,0.0,0.0,1.0,1.0
HOXB6,0.0,0.0,1.0,1.0
AC092675.2,0.0,0.0,1.0,1.0
IGHEP1,0.0,0.0,1.0,1.0
IGHG1,0.0,0.0,1.0,1.0
IGHG3,0.0,0.0,1.0,1.0
ANXA8L1,0.0,0.0,1.0,1.0
NPY4R,0.0,0.0,1.0,1.0
AC092925.1,0.0,0.0,1.0,1.0
PLSCR5-AS1,0.0,0.0,1.0,1.0
LINC02658,0.0,0.0,1.0,1.0
IGHG2,0.0,0.0,1.0,1.0
COPDA1,0.0,0.0,1.0,1.0
AC055758.1,0.0,0.0,1.0,1.0
AC018450.2,0.0,0.0,1.0,1.0
IGHGP,0.0,0.0,1.0,1.0
IGHA1,0.0,0.0,1.0,1.0
IL17A,0.0,0.0,1.0,1.0
LINC02203,0.0,0.0,1.0,1.0
AC135068.1,0.0,0.0,1.0,1.0
IGHG4,0.0,0.0,1.0,1.0
LINC02659,0.0,0.0,1.0,1.0
AL139237.1,0.0,0.0,1.0,1.0
AL137026.2,0.0,0.0,1.0,1.0
AL137026.1,0.0,0.0,1.0,1.0
AC006947.1,0.0,0.0,1.0,1.0
MAGEB17,0.0,0.0,1.0,1.0
AL928596.1,0.0,0.0,1.0,1.0
IGKV1OR2-11,0.0,0.0,1.0,1.0
HOXB-AS4,0.0,0.0,1.0,1.0
HOXB5,0.0,0.0,1.0,1.0
PRAC1,0.0,0.0,1.0,1.0
PRAC2,0.0,0.0,1.0,1.0
HOXB3,0.0,0.0,1.0,1.0
HOXB-AS3,0.0,0.0,1.0,1.0
HOXB-AS2,0.0,0.0,1.0,1.0
AC131210.1,0.0,0.0,1.0,1.0
SLC9A9-AS2,0.0,0.0,1.0,1.0
GDF2,0.0,0.0,1.0,1.0
HOXB4,0.0,0.0,1.0,1.0
AC103702.1,0.0,0.0,1.0,1.0
AC103702.2,0.0,0.0,1.0,1.0
IGHV5-51,0.0,0.0,1.0,1.0
IGHVII-43-1,0.0,0.0,1.0,1.0
IGHVIII-44,0.0,0.0,1.0,1.0
LINC02692,0.0,0.0,1.0,1.0
LCN8,0.0,0.0,1.0,1.0
IGHV4-55,0.0,0.0,1.0,1.0
IGHV7-56,0.0,0.0,1.0,1.0
IGHVII-46-1,0.0,0.0,1.0,1.0
IGKV2-38,0.0,0.0,1.0,1.0
IGKV2-30,0.0,0.0,1.0,1.0
IGKV2-24,0.0,0.0,1.0,1.0
IGHV3-60,0.0,0.0,1.0,1.0
IGHVII-60-1,0.0,0.0,1.0,1.0
IGHV4-61,0.0,0.0,1.0,1.0
IGHV3-62,0.0,0.0,1.0,1.0
IGHVII-62-1,0.0,0.0,1.0,1.0
AL161785.2,0.0,0.0,1.0,1.0
AL161785.3,0.0,0.0,1.0,1.0
AL353803.5,0.0,0.0,1.0,1.0
IGKV2-23,0.0,0.0,1.0,1.0
IGKV1D-17,0.0,0.0,1.0,1.0
IGKV1D-16,0.0,0.0,1.0,1.0
IGKV3D-15,0.0,0.0,1.0,1.0
IGKV2D-14,0.0,0.0,1.0,1.0
IGHV3-74,0.0,0.0,1.0,1.0
IGHVII-74-1,0.0,0.0,1.0,1.0
IGHV3-75,0.0,0.0,1.0,1.0
IGKV2D-26,0.0,0.0,1.0,1.0
IGKV3D-25,0.0,0.0,1.0,1.0
IGKV1D-12,0.0,0.0,1.0,1.0
IGKV2D-23,0.0,0.0,1.0,1.0
IGKV1D-22,0.0,0.0,1.0,1.0
IGKV6D-21,0.0,0.0,1.0,1.0
IGKV2D-18,0.0,0.0,1.0,1.0
IGKV6D-41,0.0,0.0,1.0,1.0
IGHV3-47,0.0,0.0,1.0,1.0
IGHVIII-47-1,0.0,0.0,1.0,1.0
CLPS,0.0,0.0,1.0,1.0
CLPSL2,0.0,0.0,1.0,1.0
IGKV1D-13,0.0,0.0,1.0,1.0
IGKV2D-24,0.0,0.0,1.0,1.0
AL139280.1,0.0,0.0,1.0,1.0
AL139280.2,0.0,0.0,1.0,1.0
LINC00701,0.0,0.0,1.0,1.0
IGKV1OR2-118,0.0,0.0,1.0,1.0
AC233263.6,0.0,0.0,1.0,1.0
LRRC26,0.0,0.0,1.0,1.0
AL137076.1,0.0,0.0,1.0,1.0
IGKV3D-20,0.0,0.0,1.0,1.0
IGKV2D-19,0.0,0.0,1.0,1.0
IGHD3OR15-3B,0.0,0.0,1.0,1.0
IGKV1D-33,0.0,0.0,1.0,1.0
IGKV1D-32,0.0,0.0,1.0,1.0
IGKV3D-31,0.0,0.0,1.0,1.0
AL137857.1,0.0,0.0,1.0,1.0
ARSD-AS1,0.0,0.0,1.0,1.0
AL683807.2,0.0,0.0,1.0,1.0
IGKV2D-28,0.0,0.0,1.0,1.0
IGKV1D-27,0.0,0.0,1.0,1.0
POTEB2,0.0,0.0,1.0,1.0
IGKV3D-34,0.0,0.0,1.0,1.0
IGHD2OR15-2B,0.0,0.0,1.0,1.0
IGHD1OR15-1B,0.0,0.0,1.0,1.0
IGKV2-36,0.0,0.0,1.0,1.0
IGKV1-37,0.0,0.0,1.0,1.0
IGHV3-72,0.0,0.0,1.0,1.0
IGHV3-73,0.0,0.0,1.0,1.0
AL365205.3,0.0,0.0,1.0,1.0
TREML4,0.0,0.0,1.0,1.0
IGKV3-25,0.0,0.0,1.0,1.0
AL513303.1,0.0,0.0,1.0,1.0
IGKV1-27,0.0,0.0,1.0,1.0
AC004687.3,0.0,0.0,1.0,1.0
IGHVII-40-1,0.0,0.0,1.0,1.0
IGHV3-41,0.0,0.0,1.0,1.0
IGHV3-42,0.0,0.0,1.0,1.0
IGHV3-43,0.0,0.0,1.0,1.0
IGHV2-70,0.0,0.0,1.0,1.0
IGHV3-71,0.0,0.0,1.0,1.0
IGKV2D-30,0.0,0.0,1.0,1.0
IGKV2D-29,0.0,0.0,1.0,1.0
IGKV2-26,0.0,0.0,1.0,1.0
FAM41AY1,0.0,0.0,1.0,1.0
AL132981.1,0.0,0.0,1.0,1.0
SLC32A1,0.0,0.0,1.0,1.0
HSD3B1,0.0,0.0,1.0,1.0
DAZ4,0.0,0.0,1.0,1.0
BPY2C,0.0,0.0,1.0,1.0
TTTY4C,0.0,0.0,1.0,1.0
AC136352.3,0.0,0.0,1.0,1.0
AC254629.1,0.0,0.0,1.0,1.0
LINC02247,0.0,0.0,1.0,1.0
TTTY17A,0.0,0.0,1.0,1.0
RBMY1B,0.0,0.0,1.0,1.0
RBMY1A1,0.0,0.0,1.0,1.0
AC024236.1,0.0,0.0,1.0,1.0
AC116003.3,0.0,0.0,1.0,1.0
AL732372.1,0.0,0.0,1.0,1.0
OR4F29,0.0,0.0,1.0,1.0
AC004012.1,0.0,0.0,1.0,1.0
TSPY2,0.0,0.0,1.0,1.0
PRY,0.0,0.0,1.0,1.0
CDY1,0.0,0.0,1.0,1.0
CDY2A,0.0,0.0,1.0,1.0
FAM41AY2,0.0,0.0,1.0,1.0
AC009432.1,0.0,0.0,1.0,1.0
AC022308.1,0.0,0.0,1.0,1.0
AC141272.1,0.0,0.0,1.0,1.0
TTTY3,0.0,0.0,1.0,1.0
BPY2B,0.0,0.0,1.0,1.0
AC112693.1,0.0,0.0,1.0,1.0
AC026523.4,0.0,0.0,1.0,1.0
AC024651.2,0.0,0.0,1.0,1.0
AC024651.3,0.0,0.0,1.0,1.0
AC024651.1,0.0,0.0,1.0,1.0
AL645608.5,0.0,0.0,1.0,1.0
AL645608.8,0.0,0.0,1.0,1.0
AL645608.4,0.0,0.0,1.0,1.0
LINC01582,0.0,0.0,1.0,1.0
AC022523.3,0.0,0.0,1.0,1.0
SPATA8,0.0,0.0,1.0,1.0
AC026523.3,0.0,0.0,1.0,1.0
AC015722.2,0.0,0.0,1.0,1.0
IGHV3-49,0.0,0.0,1.0,1.0
IGHVII-49-1,0.0,0.0,1.0,1.0
IGHV3-50,0.0,0.0,1.0,1.0
VCX3A,0.0,0.0,1.0,1.0
VCX,0.0,0.0,1.0,1.0
KCNK16,0.0,0.0,1.0,1.0
IGHVIV-44-1,0.0,0.0,1.0,1.0
IGHVII-44-2,0.0,0.0,1.0,1.0
IGHV1-45,0.0,0.0,1.0,1.0
AC022486.1,0.0,0.0,1.0,1.0
AL669970.2,0.0,0.0,1.0,1.0
AL122034.1,0.0,0.0,1.0,1.0
LCN1,0.0,0.0,1.0,1.0
OBP2A,0.0,0.0,1.0,1.0
AL390778.2,0.0,0.0,1.0,1.0
C9orf62,0.0,0.0,1.0,1.0
OBP2B,0.0,0.0,1.0,1.0
AL445645.1,0.0,0.0,1.0,1.0
AL353579.1,0.0,0.0,1.0,1.0
IGHV1-46,0.0,0.0,1.0,1.0
AC213203.2,0.0,0.0,1.0,1.0
AC213203.1,0.0,0.0,1.0,1.0
AC233755.2,0.0,0.0,1.0,1.0
AC233755.1,0.0,0.0,1.0,1.0
OR4F16,0.0,0.0,1.0,1.0
DAZ2,0.0,0.0,1.0,1.0
PRYP3,0.0,0.0,1.0,1.0
TTTY3B,0.0,0.0,1.0,1.0
AC007244.1,0.0,0.0,1.0,1.0
IGHV3-48,0.0,0.0,1.0,1.0
AC171558.3,0.0,0.0,1.0,1.0
AC171558.1,0.0,0.0,1.0,1.0
AC133551.1,0.0,0.0,1.0,1.0
AC136612.1,0.0,0.0,1.0,1.0
AC136616.3,0.0,0.0,1.0,1.0
AL390719.2,0.0,0.0,1.0,1.0
IGHV3-38,0.0,0.0,1.0,1.0
IGHVIII-38-1,0.0,0.0,1.0,1.0
IGHV4-39,0.0,0.0,1.0,1.0
IGHV7-40,0.0,0.0,1.0,1.0
AC136352.2,0.0,0.0,1.0,1.0
AL662884.1,0.0,0.0,1.0,1.0
VCX2,0.0,0.0,1.0,1.0
AC074035.1,0.0,0.0,1.0,1.0
LINC02574,0.0,0.0,1.0,1.0
CD164L2,0.0,0.0,1.0,1.0
C4A-AS1,0.0,0.0,1.0,1.0
Z97192.4,0.0,0.0,1.0,1.0
AC000050.1,0.0,0.0,1.0,1.0
U62317.1,0.0,0.0,1.0,1.0
IGHD5OR15-5B,0.0,0.0,1.0,1.0
AL390835.1,0.0,0.0,1.0,1.0
LINC02665,0.0,0.0,1.0,1.0
AL445070.1,0.0,0.0,1.0,1.0
C4B,0.0,0.0,1.0,1.0
C4B-AS1,0.0,0.0,1.0,1.0
CYP21A2,0.0,0.0,1.0,1.0
AL136369.2,0.0,0.0,1.0,1.0
U62317.3,0.0,0.0,1.0,1.0
U62317.2,0.0,0.0,1.0,1.0
KLHDC7B,0.0,0.0,1.0,1.0
IGHV3-76,0.0,0.0,1.0,1.0
IGHV3-57,0.0,0.0,1.0,1.0
IGHV1-58,0.0,0.0,1.0,1.0
IGHV4-59,0.0,0.0,1.0,1.0
IGHV1-69,0.0,0.0,1.0,1.0
IGHV2-70D,0.0,0.0,1.0,1.0
IGHV3-69-1,0.0,0.0,1.0,1.0
IGHV1-69-2,0.0,0.0,1.0,1.0
IGHV1-69D,0.0,0.0,1.0,1.0
AC005828.5,0.0,0.0,1.0,1.0
IGHVIII-51-1,0.0,0.0,1.0,1.0
IGHVII-51-2,0.0,0.0,1.0,1.0
IGHVII-65-1,0.0,0.0,1.0,1.0
IGHV3-66,0.0,0.0,1.0,1.0
IGHV1-67,0.0,0.0,1.0,1.0
IGHVII-67-1,0.0,0.0,1.0,1.0
IGHVIII-67-2,0.0,0.0,1.0,1.0
AC004674.1,0.0,0.0,1.0,1.0
AL096814.1,0.0,0.0,1.0,1.0
AL353803.4,0.0,0.0,1.0,1.0
IGHV1-24,0.0,0.0,1.0,1.0
CSH2,0.0,0.0,1.0,1.0
GH1,0.0,0.0,1.0,1.0
C6orf15,0.0,0.0,1.0,1.0
AC092316.1,0.0,0.0,1.0,1.0
KIF2B,0.0,0.0,1.0,1.0
AC005823.2,0.0,0.0,1.0,1.0
IGKV1-17,0.0,0.0,1.0,1.0
IGKV2-18,0.0,0.0,1.0,1.0
IGKV2-19,0.0,0.0,1.0,1.0
AL354919.2,0.0,0.0,1.0,1.0
IGKV6-21,0.0,0.0,1.0,1.0
LINC02537,0.0,0.0,1.0,1.0
AL157371.1,0.0,0.0,1.0,1.0
IGKV2-28,0.0,0.0,1.0,1.0
IGKV1-8,0.0,0.0,1.0,1.0
IGKV1-9,0.0,0.0,1.0,1.0
IGKV2-10,0.0,0.0,1.0,1.0
IGKV1-12,0.0,0.0,1.0,1.0
IGKV1-13,0.0,0.0,1.0,1.0
IGKV3-20,0.0,0.0,1.0,1.0
IGHD2-2,0.0,0.0,1.0,1.0
IGHVIII-11-1,0.0,0.0,1.0,1.0
IGHV1-12,0.0,0.0,1.0,1.0
IGHV3-13,0.0,0.0,1.0,1.0
IGHVIII-13-1,0.0,0.0,1.0,1.0
IGHVIII-2-1,0.0,0.0,1.0,1.0
IGHV1-3,0.0,0.0,1.0,1.0
IGHV4-4,0.0,0.0,1.0,1.0
AL354916.1,0.0,0.0,1.0,1.0
IGKV2-14,0.0,0.0,1.0,1.0
IGHV2-5,0.0,0.0,1.0,1.0
IGHVIII-5-1,0.0,0.0,1.0,1.0
IGHVIII-5-2,0.0,0.0,1.0,1.0
IGHV3-6,0.0,0.0,1.0,1.0
IGHD4-4,0.0,0.0,1.0,1.0
IGHD3-3,0.0,0.0,1.0,1.0
AC005823.1,0.0,0.0,1.0,1.0
LINC02571,0.0,0.0,1.0,1.0
LTA,0.0,0.0,1.0,1.0
AC044784.1,0.0,0.0,1.0,1.0
AL583859.1,0.0,0.0,1.0,1.0
IGHV4-28,0.0,0.0,1.0,1.0
IGKV2D-10,0.0,0.0,1.0,1.0
IGKV1D-42,0.0,0.0,1.0,1.0
IGKV1D-43,0.0,0.0,1.0,1.0
IGKV1D-8,0.0,0.0,1.0,1.0
IGKV3D-7,0.0,0.0,1.0,1.0
AL954642.1,0.0,0.0,1.0,1.0
AC215217.1,0.0,0.0,1.0,1.0
AL356433.1,0.0,0.0,1.0,1.0
IGKV1-35,0.0,0.0,1.0,1.0
TMEM100,0.0,0.0,1.0,1.0
AC103563.7,0.0,0.0,1.0,1.0
AC103563.2,0.0,0.0,1.0,1.0
IGKV3D-11,0.0,0.0,1.0,1.0
IGHV3-53,0.0,0.0,1.0,1.0
IGHVII-53-1,0.0,0.0,1.0,1.0
IGHV3-54,0.0,0.0,1.0,1.0
IGHV3-21,0.0,0.0,1.0,1.0
IGHV3-22,0.0,0.0,1.0,1.0
CCDC182,0.0,0.0,1.0,1.0
IGHD4OR15-4B,0.0,0.0,1.0,1.0
AL392083.2,0.0,0.0,1.0,1.0
AL513304.1,0.0,0.0,1.0,1.0
AL441943.1,0.0,0.0,1.0,1.0
AL161638.2,0.0,0.0,1.0,1.0
AL161638.1,0.0,0.0,1.0,1.0
AC247036.1,0.0,0.0,1.0,1.0
IGHV3-20,0.0,0.0,1.0,1.0
IGHV3-30,0.0,0.0,1.0,1.0
IGHV7-27,0.0,0.0,1.0,1.0
IGHV3-30-2,0.0,0.0,1.0,1.0
IGHV4-31,0.0,0.0,1.0,1.0
IGHVII-30-21,0.0,0.0,1.0,1.0
IGHV3-29,0.0,0.0,1.0,1.0
AL450322.1,0.0,0.0,1.0,1.0
TEKT4,0.0,0.0,1.0,1.0
IGHVIII-25-1,0.0,0.0,1.0,1.0
IGHV2-26,0.0,0.0,1.0,1.0
IGHVIII-26-1,0.0,0.0,1.0,1.0
IGHVII-26-2,0.0,0.0,1.0,1.0
IGHVII-30-1,0.0,0.0,1.0,1.0
AL662789.1,0.0,0.0,1.0,1.0
HLA-DQA2,0.0,0.0,1.0,1.0
IGHV3-36,0.0,0.0,1.0,1.0
IGHV3-37,0.0,0.0,1.0,1.0
IGHVII-28-1,0.0,0.0,1.0,1.0
IGHVIII-67-3,0.0,0.0,1.0,1.0
IGHVIII-67-4,0.0,0.0,1.0,1.0
IGHV1-68,0.0,0.0,1.0,1.0
CLEC4G,0.0,0.0,1.0,1.0
IGHVII-22-1,0.0,0.0,1.0,1.0
AC005901.1,0.0,0.0,1.0,1.0
AC005746.3,0.0,0.0,1.0,1.0
IGKV3-31,0.0,0.0,1.0,1.0
IGHV3-63,0.0,0.0,1.0,1.0
IGHV3-64,0.0,0.0,1.0,1.0
IGHV3-65,0.0,0.0,1.0,1.0
IGKV1-32,0.0,0.0,1.0,1.0
IGKV1-33,0.0,0.0,1.0,1.0
IGKV3-34,0.0,0.0,1.0,1.0
AC005821.2,0.0,0.0,1.0,1.0
IGHVIII-22-2,0.0,0.0,1.0,1.0
IGHV3-23,0.0,0.0,1.0,1.0
LINC02677,0.0,0.0,1.0,1.0
CALML5,0.0,0.0,1.0,1.0
CALML3,0.0,0.0,1.0,1.0
AL732437.1,0.0,0.0,1.0,1.0
AL732437.3,0.0,0.0,1.0,1.0
AL732437.2,0.0,0.0,1.0,1.0
LINC02678,0.0,0.0,1.0,1.0
HLA-DQB1-AS1,0.0,0.0,1.0,1.0
IGHV3-32,0.0,0.0,1.0,1.0
AL713851.2,0.0,0.0,1.0,1.0
AL645941.1,0.0,0.0,1.0,1.0
AL355303.2,0.0,0.0,1.0,1.0
LINC02561,0.0,0.0,1.0,1.0
UCN3,0.0,0.0,1.0,1.0
GATA3-AS1,0.0,0.0,1.0,1.0
AL390294.1,0.0,0.0,1.0,1.0
LINC00226,0.0,0.0,1.0,1.0
IGHV3-25,0.0,0.0,1.0,1.0
IGHV3-52,0.0,0.0,1.0,1.0
AC136601.1,0.0,0.0,1.0,1.0
AC008659.1,0.0,0.0,1.0,1.0
IGLVIVOR22-2,0.0,0.0,1.0,1.0
AL008723.1,0.0,0.0,1.0,1.0
IGLCOR22-1,0.0,0.0,1.0,1.0
C5orf60,0.0,0.0,1.0,1.0
AC109479.3,0.0,0.0,1.0,1.0
KRTAP29-1,0.0,0.0,1.0,1.0
KRTAP16-1,0.0,0.0,1.0,1.0
IGHV1OR15-1,0.0,0.0,1.0,1.0
AC005383.1,0.0,0.0,1.0,1.0
AC109479.1,0.0,0.0,1.0,1.0
AC136628.1,0.0,0.0,1.0,1.0
FOXB2,0.0,0.0,1.0,1.0
AL133457.1,0.0,0.0,1.0,1.0
KRTAP9-3,0.0,0.0,1.0,1.0
KRTAP9-8,0.0,0.0,1.0,1.0
KRTAP9-4,0.0,0.0,1.0,1.0
KRTAP9-9,0.0,0.0,1.0,1.0
AC021035.1,0.0,0.0,1.0,1.0
AC005034.3,0.0,0.0,1.0,1.0
AC007099.2,0.0,0.0,1.0,1.0
AL354897.2,0.0,0.0,1.0,1.0
AL356134.1,0.0,0.0,1.0,1.0
AC125257.1,0.0,0.0,1.0,1.0
KRT9,0.0,0.0,1.0,1.0
KRT16,0.0,0.0,1.0,1.0
KRT17,0.0,0.0,1.0,1.0
KRT32,0.0,0.0,1.0,1.0
AC113348.1,0.0,0.0,1.0,1.0
SORCS3-AS1,0.0,0.0,1.0,1.0
KRTAP2-3,0.0,0.0,1.0,1.0
LINC02195,0.0,0.0,1.0,1.0
C16orf82,0.0,0.0,1.0,1.0
AC092725.1,0.0,0.0,1.0,1.0
AC093516.1,0.0,0.0,1.0,1.0
AC138894.2,0.0,0.0,1.0,1.0
KRTAP4-8,0.0,0.0,1.0,1.0
DEFB132,0.0,0.0,1.0,1.0
AL691515.2,0.0,0.0,1.0,1.0
SERPINA4,0.0,0.0,1.0,1.0
AC090044.1,0.0,0.0,1.0,1.0
AC087430.1,0.0,0.0,1.0,1.0
KRTAP2-4,0.0,0.0,1.0,1.0
KRTAP4-7,0.0,0.0,1.0,1.0
AC100808.1,0.0,0.0,1.0,1.0
AQP10,0.0,0.0,1.0,1.0
AL162591.2,0.0,0.0,1.0,1.0
KRTAP1-3,0.0,0.0,1.0,1.0
KRTAP1-1,0.0,0.0,1.0,1.0
KRTAP9-6,0.0,0.0,1.0,1.0
LINC02317,0.0,0.0,1.0,1.0
AL096869.3,0.0,0.0,1.0,1.0
AL357127.2,0.0,0.0,1.0,1.0
AC140125.1,0.0,0.0,1.0,1.0
CYP4A11,0.0,0.0,1.0,1.0
LINC01398,0.0,0.0,1.0,1.0
KRTAP4-16,0.0,0.0,1.0,1.0
KRTAP4-9,0.0,0.0,1.0,1.0
KRTAP4-11,0.0,0.0,1.0,1.0
LINC01323,0.0,0.0,1.0,1.0
KRTAP9-7,0.0,0.0,1.0,1.0
LINC01474,0.0,0.0,1.0,1.0
PLA2G2E,0.0,0.0,1.0,1.0
PLA2G2A,0.0,0.0,1.0,1.0
AC037198.2,0.0,0.0,1.0,1.0
AC022929.1,0.0,0.0,1.0,1.0
AL159990.2,0.0,0.0,1.0,1.0
AL159990.1,0.0,0.0,1.0,1.0
SPATA31D3,0.0,0.0,1.0,1.0
KRTAP9-2,0.0,0.0,1.0,1.0
AL162726.1,0.0,0.0,1.0,1.0
AL391336.1,0.0,0.0,1.0,1.0
AL451127.1,0.0,0.0,1.0,1.0
KRTAP4-6,0.0,0.0,1.0,1.0
KRTAP4-5,0.0,0.0,1.0,1.0
KRTAP4-4,0.0,0.0,1.0,1.0
KRTAP4-3,0.0,0.0,1.0,1.0
KRTAP4-2,0.0,0.0,1.0,1.0
KRTAP4-1,0.0,0.0,1.0,1.0
KRTAP9-1,0.0,0.0,1.0,1.0
SPATA31D1,0.0,0.0,1.0,1.0
AL772337.2,0.0,0.0,1.0,1.0
FAM43B,0.0,0.0,1.0,1.0
UBXN10-AS1,0.0,0.0,1.0,1.0
UBXN10,0.0,0.0,1.0,1.0
LINC01757,0.0,0.0,1.0,1.0
SPACA5B,0.0,0.0,1.0,1.0
GSC,0.0,0.0,1.0,1.0
SERPINA1,0.0,0.0,1.0,1.0
AL355102.1,0.0,0.0,1.0,1.0
AC013716.1,0.0,0.0,1.0,1.0
SPATA31E1,0.0,0.0,1.0,1.0
AL353752.2,0.0,0.0,1.0,1.0
AL136096.1,0.0,0.0,1.0,1.0
LGALS13,0.0,0.0,1.0,1.0
IFNL1,0.0,0.0,1.0,1.0
AC009021.2,0.0,0.0,1.0,1.0
LGALS7,0.0,0.0,1.0,1.0
LGALS7B,0.0,0.0,1.0,1.0
SERPINA3,0.0,0.0,1.0,1.0
AL355102.5,0.0,0.0,1.0,1.0
SSTR3,0.0,0.0,1.0,1.0
FP325335.1,0.0,0.0,1.0,1.0
Z94160.1,0.0,0.0,1.0,1.0
ELFN2,0.0,0.0,1.0,1.0
Z94160.2,0.0,0.0,1.0,1.0
AL022314.1,0.0,0.0,1.0,1.0
Z82185.1,0.0,0.0,1.0,1.0
AL035696.4,0.0,0.0,1.0,1.0
AL035696.1,0.0,0.0,1.0,1.0
AL139254.3,0.0,0.0,1.0,1.0
KRT31,0.0,0.0,1.0,1.0
KRT37,0.0,0.0,1.0,1.0
KRT38,0.0,0.0,1.0,1.0
OR4F3,0.0,0.0,1.0,1.0
SSX5,0.0,0.0,1.0,1.0
AL606490.3,0.0,0.0,1.0,1.0
PPP1R2C,0.0,0.0,1.0,1.0
AL592309.2,0.0,0.0,1.0,1.0
AL139254.1,0.0,0.0,1.0,1.0
AL139254.2,0.0,0.0,1.0,1.0
TLX1,0.0,0.0,1.0,1.0
AL135818.2,0.0,0.0,1.0,1.0
AC079943.1,0.0,0.0,1.0,1.0
OTOL1,0.0,0.0,1.0,1.0
ARL14,0.0,0.0,1.0,1.0
IQCJ,0.0,0.0,1.0,1.0
LINC02287,0.0,0.0,1.0,1.0
LINC02531,0.0,0.0,1.0,1.0
AL161447.2,0.0,0.0,1.0,1.0
AL158154.2,0.0,0.0,1.0,1.0
KRT13,0.0,0.0,1.0,1.0
AL353637.2,0.0,0.0,1.0,1.0
AC084149.1,0.0,0.0,1.0,1.0
LINC01851,0.0,0.0,1.0,1.0
AC092660.1,0.0,0.0,1.0,1.0
REG3G,0.0,0.0,1.0,1.0
AC068616.1,0.0,0.0,1.0,1.0
AC079117.2,0.0,0.0,1.0,1.0
AL359987.1,0.0,0.0,1.0,1.0
LINC01593,0.0,0.0,1.0,1.0
SPATA31D4,0.0,0.0,1.0,1.0
AC019349.1,0.0,0.0,1.0,1.0
KRT19,0.0,0.0,1.0,1.0
LINC00974,0.0,0.0,1.0,1.0
KRTAP17-1,0.0,0.0,1.0,1.0
KRT33A,0.0,0.0,1.0,1.0
AC108868.2,0.0,0.0,1.0,1.0
ST6GAL2-IT1,0.0,0.0,1.0,1.0
LINC02222,0.0,0.0,1.0,1.0
KRT33B,0.0,0.0,1.0,1.0
CAMK2N1,0.0,0.0,1.0,1.0
AL121929.1,0.0,0.0,1.0,1.0
Z82196.1,0.0,0.0,1.0,1.0
Z82246.1,0.0,0.0,1.0,1.0
KRT35,0.0,0.0,1.0,1.0
OR2Y1,0.0,0.0,1.0,1.0
CFAP58-DT,0.0,0.0,1.0,1.0
LINC02620,0.0,0.0,1.0,1.0
AC016597.2,0.0,0.0,1.0,1.0
OR2V1,0.0,0.0,1.0,1.0
SCGB3A1,0.0,0.0,1.0,1.0
AL162742.1,0.0,0.0,1.0,1.0
NKX1-2,0.0,0.0,1.0,1.0
AL445237.1,0.0,0.0,1.0,1.0
AC011333.1,0.0,0.0,1.0,1.0
FANK1-AS1,0.0,0.0,1.0,1.0
LINC00601,0.0,0.0,1.0,1.0
AC009093.6,0.0,0.0,1.0,1.0
AL135746.1,0.0,0.0,1.0,1.0
GAGE12G,0.0,0.0,1.0,1.0
GAGE12H,0.0,0.0,1.0,1.0
KRTAP4-12,0.0,0.0,1.0,1.0
AL355537.2,0.0,0.0,1.0,1.0
AL391869.1,0.0,0.0,1.0,1.0
AL359508.1,0.0,0.0,1.0,1.0
AL157832.1,0.0,0.0,1.0,1.0
AL158166.1,0.0,0.0,1.0,1.0
AL391987.2,0.0,0.0,1.0,1.0
AL391987.1,0.0,0.0,1.0,1.0
SPATA31A5,0.0,0.0,1.0,1.0
SPATA31A7,0.0,0.0,1.0,1.0
AC011410.1,0.0,0.0,1.0,1.0
BX664730.1,0.0,0.0,1.0,1.0
AL627230.3,0.0,0.0,1.0,1.0
IGKV1OR-3,0.0,0.0,1.0,1.0
AL135960.1,0.0,0.0,1.0,1.0
OSM,0.0,0.0,1.0,1.0
LINC01147,0.0,0.0,1.0,1.0
AL133279.2,0.0,0.0,1.0,1.0
AL133279.3,0.0,0.0,1.0,1.0
FOXE3,0.0,0.0,1.0,1.0
C10orf91,0.0,0.0,1.0,1.0
AC009093.5,0.0,0.0,1.0,1.0
AL133279.1,0.0,0.0,1.0,1.0
AC066595.1,0.0,0.0,1.0,1.0
PDCD1,0.0,0.0,1.0,1.0
AL157955.1,0.0,0.0,1.0,1.0
AC008413.2,0.0,0.0,1.0,1.0
AC113423.1,0.0,0.0,1.0,1.0
LINC01167,0.0,0.0,1.0,1.0
ADGRA1-AS1,0.0,0.0,1.0,1.0
UTF1,0.0,0.0,1.0,1.0
RTP5,0.0,0.0,1.0,1.0
AL138900.1,0.0,0.0,1.0,1.0
LINC02772,0.0,0.0,1.0,1.0
C19orf85,0.0,0.0,1.0,1.0
LINC01165,0.0,0.0,1.0,1.0
LINC02667,0.0,0.0,1.0,1.0
AL359094.2,0.0,0.0,1.0,1.0
NPS,0.0,0.0,1.0,1.0
FOXI2,0.0,0.0,1.0,1.0
AC000035.1,0.0,0.0,1.0,1.0
AC008735.3,0.0,0.0,1.0,1.0
SOCS3,0.0,0.0,1.0,1.0
SPATA31A1,0.0,0.0,1.0,1.0
FAM74A1,0.0,0.0,1.0,1.0
AC016168.1,0.0,0.0,1.0,1.0
NAT8,0.0,0.0,1.0,1.0
EGR4,0.0,0.0,1.0,1.0
OR2S2,0.0,0.0,1.0,1.0
AC017002.2,0.0,0.0,1.0,1.0
AC127496.2,0.0,0.0,1.0,1.0
AGBL4-IT1,0.0,0.0,1.0,1.0
GP9,0.0,0.0,1.0,1.0
GAGE12E,0.0,0.0,1.0,1.0
GAGE12D,0.0,0.0,1.0,1.0
GAGE12F,0.0,0.0,1.0,1.0
Z98257.1,0.0,0.0,1.0,1.0
RNF186,0.0,0.0,1.0,1.0
KLHDC7A,0.0,0.0,1.0,1.0
GAGE2A,0.0,0.0,1.0,1.0
AF111169.2,0.0,0.0,1.0,1.0
CD1D,0.0,0.0,1.0,1.0
CD1C,0.0,0.0,1.0,1.0
CD1B,0.0,0.0,1.0,1.0
CD1E,0.0,0.0,1.0,1.0
OR10T2,0.0,0.0,1.0,1.0
PAGE4,0.0,0.0,1.0,1.0
GAGE12B,0.0,0.0,1.0,1.0
GAGE12C,0.0,0.0,1.0,1.0
AL592182.2,0.0,0.0,1.0,1.0
AL592182.1,0.0,0.0,1.0,1.0
AC004882.2,0.0,0.0,1.0,1.0
CD1A,0.0,0.0,1.0,1.0
LINC01852,0.0,0.0,1.0,1.0
AC087516.1,0.0,0.0,1.0,1.0
OR14K1,0.0,0.0,1.0,1.0
OR1C1,0.0,0.0,1.0,1.0
OR14A16,0.0,0.0,1.0,1.0
OR11L1,0.0,0.0,1.0,1.0
OR2W3,0.0,0.0,1.0,1.0
OR2T8,0.0,0.0,1.0,1.0
AL731557.1,0.0,0.0,1.0,1.0
SPATA31A3,0.0,0.0,1.0,1.0
C15orf56,0.0,0.0,1.0,1.0
BMF-AS1,0.0,0.0,1.0,1.0
AC130888.1,0.0,0.0,1.0,1.0
LINC02329,0.0,0.0,1.0,1.0
AL049775.3,0.0,0.0,1.0,1.0
AC092954.2,0.0,0.0,1.0,1.0
LINC01326,0.0,0.0,1.0,1.0
AC069439.2,0.0,0.0,1.0,1.0
AC009988.1,0.0,0.0,1.0,1.0
LINC01574,0.0,0.0,1.0,1.0
KRTAP1-4,0.0,0.0,1.0,1.0
VAX1,0.0,0.0,1.0,1.0
KNCN,0.0,0.0,1.0,1.0
Z83839.2,0.0,0.0,1.0,1.0
C22orf42,0.0,0.0,1.0,1.0
PFN3,0.0,0.0,1.0,1.0
KRTAP2-1,0.0,0.0,1.0,1.0
KRTAP2-2,0.0,0.0,1.0,1.0
AC087878.1,0.0,0.0,1.0,1.0
CCR7,0.0,0.0,1.0,1.0
AC245036.5,0.0,0.0,1.0,1.0
EMX2,0.0,0.0,1.0,1.0
AC005871.1,0.0,0.0,1.0,1.0
AL513324.1,0.0,0.0,1.0,1.0
OR2L8,0.0,0.0,1.0,1.0
OR2AK2,0.0,0.0,1.0,1.0
OR2L5,0.0,0.0,1.0,1.0
OR2L3,0.0,0.0,1.0,1.0
OR2M5,0.0,0.0,1.0,1.0
OR14A2,0.0,0.0,1.0,1.0
AC113146.1,0.0,0.0,1.0,1.0
AC074387.1,0.0,0.0,1.0,1.0
KRTAP3-3,0.0,0.0,1.0,1.0
KRTAP3-2,0.0,0.0,1.0,1.0
KRT25,0.0,0.0,1.0,1.0
C10orf120,0.0,0.0,1.0,1.0
AC068491.3,0.0,0.0,1.0,1.0
AC112229.2,0.0,0.0,1.0,1.0
GPR26,0.0,0.0,1.0,1.0
AL136317.2,0.0,0.0,1.0,1.0
AL352955.1,0.0,0.0,1.0,1.0
BX005040.1,0.0,0.0,1.0,1.0
AL162731.1,0.0,0.0,1.0,1.0
FAM74A7,0.0,0.0,1.0,1.0
BX664718.1,0.0,0.0,1.0,1.0
AL357139.2,0.0,0.0,1.0,1.0
AL691459.1,0.0,0.0,1.0,1.0
LINC00853,0.0,0.0,1.0,1.0
PDZK1IP1,0.0,0.0,1.0,1.0
AL354718.2,0.0,0.0,1.0,1.0
BX005040.3,0.0,0.0,1.0,1.0
AC005041.3,0.0,0.0,1.0,1.0
LINC01987,0.0,0.0,1.0,1.0
CR769776.3,0.0,0.0,1.0,1.0
IGKV1OR-2,0.0,0.0,1.0,1.0
IGKV1OR9-1,0.0,0.0,1.0,1.0
BX005266.2,0.0,0.0,1.0,1.0
ZNRF4,0.0,0.0,1.0,1.0
AL391883.1,0.0,0.0,1.0,1.0
OR2T4,0.0,0.0,1.0,1.0
SSX4B,0.0,0.0,1.0,1.0
AL355140.1,0.0,0.0,1.0,1.0
AL162412.1,0.0,0.0,1.0,1.0
PRKACG,0.0,0.0,1.0,1.0
AC009987.1,0.0,0.0,1.0,1.0
AC068058.1,0.0,0.0,1.0,1.0
BX469938.1,0.0,0.0,1.0,1.0
HMX2,0.0,0.0,1.0,1.0
AL160290.1,0.0,0.0,1.0,1.0
AL603764.2,0.0,0.0,1.0,1.0
SSX4,0.0,0.0,1.0,1.0
LINC01973,0.0,0.0,1.0,1.0
AC007423.1,0.0,0.0,1.0,1.0
AC087463.2,0.0,0.0,1.0,1.0
AC087463.3,0.0,0.0,1.0,1.0
NPAP1,0.0,0.0,1.0,1.0
AC102941.1,0.0,0.0,1.0,1.0
GOLGA8F,0.0,0.0,1.0,1.0
AC118653.1,0.0,0.0,1.0,1.0
AC104002.2,0.0,0.0,1.0,1.0
AC021979.1,0.0,0.0,1.0,1.0
AL022334.2,0.0,0.0,1.0,1.0
AC090696.1,0.0,0.0,1.0,1.0
AC144833.1,0.0,0.0,1.0,1.0
AC104002.1,0.0,0.0,1.0,1.0
AC097103.1,0.0,0.0,1.0,1.0
LINC02543,0.0,0.0,1.0,1.0
AL109914.1,0.0,0.0,1.0,1.0
LINC02285,0.0,0.0,1.0,1.0
AC108751.4,0.0,0.0,1.0,1.0
AC092958.3,0.0,0.0,1.0,1.0
AC021979.2,0.0,0.0,1.0,1.0
AL160408.4,0.0,0.0,1.0,1.0
MIR381HG,0.0,0.0,1.0,1.0
MEG9,0.0,0.0,1.0,1.0
AL132709.7,0.0,0.0,1.0,1.0
AL132709.8,0.0,0.0,1.0,1.0
LINC01998,0.0,0.0,1.0,1.0
AL355836.3,0.0,0.0,1.0,1.0
AL355096.1,0.0,0.0,1.0,1.0
LINC00524,0.0,0.0,1.0,1.0
OR13F1,0.0,0.0,1.0,1.0
ACTL7B,0.0,0.0,1.0,1.0
MIMT1,0.0,0.0,1.0,1.0
LINC02314,0.0,0.0,1.0,1.0
DIO3OS,0.0,0.0,1.0,1.0
DIO3,0.0,0.0,1.0,1.0
LINC01028,0.0,0.0,1.0,1.0
CD300C,0.0,0.0,1.0,1.0
AC087463.1,0.0,0.0,1.0,1.0
FAM47B,0.0,0.0,1.0,1.0
MAGEB16,0.0,0.0,1.0,1.0
AL158829.1,0.0,0.0,1.0,1.0
AC010163.2,0.0,0.0,1.0,1.0
KCNMA1-AS2,0.0,0.0,1.0,1.0
AL731575.1,0.0,0.0,1.0,1.0
APOBEC3B,0.0,0.0,1.0,1.0
AL133481.3,0.0,0.0,1.0,1.0
LINC01505.1,0.0,0.0,1.0,1.0
AL512590.3,0.0,0.0,1.0,1.0
AL590381.1,0.0,0.0,1.0,1.0
OR13G1,0.0,0.0,1.0,1.0
AC136431.2,0.0,0.0,1.0,1.0
AC010503.2,0.0,0.0,1.0,1.0
AC010503.1,0.0,0.0,1.0,1.0
AL022396.1,0.0,0.0,1.0,1.0
AL022724.2,0.0,0.0,1.0,1.0
LINC02530,0.0,0.0,1.0,1.0
AL445430.1,0.0,0.0,1.0,1.0
AL357518.1,0.0,0.0,1.0,1.0
DPPA5,0.0,0.0,1.0,1.0
SUCNR1,0.0,0.0,1.0,1.0
OR6F1,0.0,0.0,1.0,1.0
AC109495.1,0.0,0.0,1.0,1.0
AC025277.1,0.0,0.0,1.0,1.0
LINC00606,0.0,0.0,1.0,1.0
AC018495.1,0.0,0.0,1.0,1.0
AC099518.6,0.0,0.0,1.0,1.0
AC010494.1,0.0,0.0,1.0,1.0
OR13C2,0.0,0.0,1.0,1.0
AC092132.1,0.0,0.0,1.0,1.0
AL591178.2,0.0,0.0,1.0,1.0
AL731555.1,0.0,0.0,1.0,1.0
CYBB,0.0,0.0,1.0,1.0
FAM47A,0.0,0.0,1.0,1.0
AC136618.1,0.0,0.0,1.0,1.0
SFTPA2,0.0,0.0,1.0,1.0
SFTPA1,0.0,0.0,1.0,1.0
AC016820.1,0.0,0.0,1.0,1.0
Z97056.1,0.0,0.0,1.0,1.0
MGAT3-AS1,0.0,0.0,1.0,1.0
AL022312.1,0.0,0.0,1.0,1.0
AC092168.2,0.0,0.0,1.0,1.0
FAM47C,0.0,0.0,1.0,1.0
CYP2A7,0.0,0.0,1.0,1.0
PEG3,0.0,0.0,1.0,1.0
AC005498.1,0.0,0.0,1.0,1.0
DCAF8L1,0.0,0.0,1.0,1.0
AC003659.1,0.0,0.0,1.0,1.0
MAGEB2,0.0,0.0,1.0,1.0
MAGEB18,0.0,0.0,1.0,1.0
MAGEB6B,0.0,0.0,1.0,1.0
MAGEB6,0.0,0.0,1.0,1.0
AC127459.1,0.0,0.0,1.0,1.0
LINC01974,0.0,0.0,1.0,1.0
AL691426.1,0.0,0.0,1.0,1.0
ORM1,0.0,0.0,1.0,1.0
PPP4R3C,0.0,0.0,1.0,1.0
AL359380.1,0.0,0.0,1.0,1.0
AL589946.1,0.0,0.0,1.0,1.0
AL512363.1,0.0,0.0,1.0,1.0
AL049555.1,0.0,0.0,1.0,1.0
AC091133.3,0.0,0.0,1.0,1.0
MAGEB5,0.0,0.0,1.0,1.0
RD3L,0.0,0.0,1.0,1.0
LINC00677,0.0,0.0,1.0,1.0
LINC00605,0.0,0.0,1.0,1.0
AC091179.1,0.0,0.0,1.0,1.0
HOXB8,0.0,0.0,1.0,1.0
AL512357.1,0.0,0.0,1.0,1.0
C14orf180,0.0,0.0,1.0,1.0
BX927359.1,0.0,0.0,1.0,1.0
AL583722.3,0.0,0.0,1.0,1.0
AL133553.2,0.0,0.0,1.0,1.0
LINC02858,0.0,0.0,1.0,1.0
AC130456.4,0.0,0.0,1.0,1.0
AL139240.1,0.0,0.0,1.0,1.0
AC012558.1,0.0,0.0,1.0,1.0
AC117945.2,0.0,0.0,1.0,1.0
AL031430.1,0.0,0.0,1.0,1.0
STH,0.0,0.0,1.0,1.0
THRA1/BTR,0.0,0.0,1.0,1.0
AL591504.1,0.0,0.0,1.0,1.0
AL591504.2,0.0,0.0,1.0,1.0
AC130456.1,0.0,0.0,1.0,1.0
NHLRC1,0.0,0.0,1.0,1.0
AL450311.1,0.0,0.0,1.0,1.0
NEUROG3,0.0,0.0,1.0,1.0
AC022392.1,0.0,0.0,1.0,1.0
CDH23-AS1,0.0,0.0,1.0,1.0
LINC02010,0.0,0.0,1.0,1.0
ZIC4-AS1,0.0,0.0,1.0,1.0
AL391832.1,0.0,0.0,1.0,1.0
AL391832.3,0.0,0.0,1.0,1.0
AL590483.4,0.0,0.0,1.0,1.0
LINC02622,0.0,0.0,1.0,1.0
AL035404.2,0.0,0.0,1.0,1.0
AC003070.1,0.0,0.0,1.0,1.0
AC092845.1,0.0,0.0,1.0,1.0
AC092168.1,0.0,0.0,1.0,1.0
AC010997.2,0.0,0.0,1.0,1.0
AC013286.1,0.0,0.0,1.0,1.0
AC217774.1,0.0,0.0,1.0,1.0
AC008759.3,0.0,0.0,1.0,1.0
AC073370.1,0.0,0.0,1.0,1.0
AL590483.2,0.0,0.0,1.0,1.0
AL358177.1,0.0,0.0,1.0,1.0
RETN,0.0,0.0,1.0,1.0
MLIP-IT1,0.0,0.0,1.0,1.0
HOXB9,0.0,0.0,1.0,1.0
AC036222.2,0.0,0.0,1.0,1.0
HOXB1,0.0,0.0,1.0,1.0
HOXB2,0.0,0.0,1.0,1.0
HOXB-AS1,0.0,0.0,1.0,1.0
LINC02793,0.0,0.0,1.0,1.0
AL713998.1,0.0,0.0,1.0,1.0
AL646090.1,0.0,0.0,1.0,1.0
AL590227.1,0.0,0.0,1.0,1.0
OR13C3,0.0,0.0,1.0,1.0
OR13C8,0.0,0.0,1.0,1.0
OR13C5,0.0,0.0,1.0,1.0
HDGFL1,0.0,0.0,1.0,1.0
AL033539.1,0.0,0.0,1.0,1.0
AL445471.1,0.0,0.0,1.0,1.0
AL445471.2,0.0,0.0,1.0,1.0
AC004477.2,0.0,0.0,1.0,1.0
AC013727.1,0.0,0.0,1.0,1.0
IL1RL1,0.0,0.0,1.0,1.0
AC007278.2,0.0,0.0,1.0,1.0
AC007278.1,0.0,0.0,1.0,1.0
AL022313.3,0.0,0.0,1.0,1.0
AL022313.4,0.0,0.0,1.0,1.0
AL049749.1,0.0,0.0,1.0,1.0
Z80897.2,0.0,0.0,1.0,1.0
AL358613.2,0.0,0.0,1.0,1.0
AC020636.1,0.0,0.0,1.0,1.0
AL034376.1,0.0,0.0,1.0,1.0
TMEM125,0.0,0.0,1.0,1.0
LINC01159,0.0,0.0,1.0,1.0
GPR45,0.0,0.0,1.0,1.0
AC013402.2,0.0,0.0,1.0,1.0
AL713866.1,0.0,0.0,1.0,1.0
LINC01680,0.0,0.0,1.0,1.0
AL355102.3,0.0,0.0,1.0,1.0
AL022315.1,0.0,0.0,1.0,1.0
AL159166.1,0.0,0.0,1.0,1.0
FAM215A,0.0,0.0,1.0,1.0
PPY,0.0,0.0,1.0,1.0
CH25H,0.0,0.0,1.0,1.0
LIPM,0.0,0.0,1.0,1.0
AL132711.1,0.0,0.0,1.0,1.0
AC139426.2,0.0,0.0,1.0,1.0
LINC01815,0.0,0.0,1.0,1.0
LINC01809,0.0,0.0,1.0,1.0
REG3A,0.0,0.0,1.0,1.0
AL391704.2,0.0,0.0,1.0,1.0
AC110716.1,0.0,0.0,1.0,1.0
BARX1,0.0,0.0,1.0,1.0
AL136361.1,0.0,0.0,1.0,1.0
AC120045.1,0.0,0.0,1.0,1.0
SOX14,0.0,0.0,1.0,1.0
LINC01210,0.0,0.0,1.0,1.0
LINC02000,0.0,0.0,1.0,1.0
PRR23B,0.0,0.0,1.0,1.0
AL022725.1,0.0,0.0,1.0,1.0
AL365434.2,0.0,0.0,1.0,1.0
LRRTM1,0.0,0.0,1.0,1.0
AL139232.1,0.0,0.0,1.0,1.0
AL353764.1,0.0,0.0,1.0,1.0
AL162585.1,0.0,0.0,1.0,1.0
AC138969.3,0.0,0.0,1.0,1.0
AF001548.1,0.0,0.0,1.0,1.0
LINC02011,0.0,0.0,1.0,1.0
AL132796.2,0.0,0.0,1.0,1.0
AL162151.3,0.0,0.0,1.0,1.0
AL031963.2,0.0,0.0,1.0,1.0
C10orf62,0.0,0.0,1.0,1.0
AL033381.2,0.0,0.0,1.0,1.0
AC090877.2,0.0,0.0,1.0,1.0
AL355607.2,0.0,0.0,1.0,1.0
AL118511.2,0.0,0.0,1.0,1.0
LINC01737,0.0,0.0,1.0,1.0
SPHAR,0.0,0.0,1.0,1.0
AL160004.1,0.0,0.0,1.0,1.0
AC092924.1,0.0,0.0,1.0,1.0
KLF18,0.0,0.0,1.0,1.0
AL133351.2,0.0,0.0,1.0,1.0
Z82244.1,0.0,0.0,1.0,1.0
TCL1A,0.0,0.0,1.0,1.0
AL133467.4,0.0,0.0,1.0,1.0
AL121612.2,0.0,0.0,1.0,1.0
AL121612.1,0.0,0.0,1.0,1.0
LINC02279,0.0,0.0,1.0,1.0
AL390254.1,0.0,0.0,1.0,1.0
SLIT1-AS1,0.0,0.0,1.0,1.0
AL365273.1,0.0,0.0,1.0,1.0
LINC02535,0.0,0.0,1.0,1.0
AL356017.1,0.0,0.0,1.0,1.0
PLCH1-AS2,0.0,0.0,1.0,1.0
AC073359.1,0.0,0.0,1.0,1.0
MME-AS1,0.0,0.0,1.0,1.0
LINC01487,0.0,0.0,1.0,1.0
AC078788.2,0.0,0.0,1.0,1.0
LINC01267,0.0,0.0,1.0,1.0
AC090952.1,0.0,0.0,1.0,1.0
AC090957.1,0.0,0.0,1.0,1.0
AL035694.1,0.0,0.0,1.0,1.0
BARX1-DT,0.0,0.0,1.0,1.0
IL1R1-AS1,0.0,0.0,1.0,1.0
CCDC103,0.0,0.0,1.0,1.0
FAM187A,0.0,0.0,1.0,1.0
AC012317.1,0.0,0.0,1.0,1.0
CHP2,0.0,0.0,1.0,1.0
AL359195.1,0.0,0.0,1.0,1.0
AL109810.2,0.0,0.0,1.0,1.0
S1PR5,0.0,0.0,1.0,1.0
AC022028.2,0.0,0.0,1.0,1.0
POU3F3,0.0,0.0,1.0,1.0
LINC01519,0.0,0.0,1.0,1.0
LINC01745,0.0,0.0,1.0,1.0
AL121578.2,0.0,0.0,1.0,1.0
AC032019.2,0.0,0.0,1.0,1.0
GCSAML-AS1,0.0,0.0,1.0,1.0
OR2G2,0.0,0.0,1.0,1.0
OR2G3,0.0,0.0,1.0,1.0
SOST,0.0,0.0,1.0,1.0
AC003098.1,0.0,0.0,1.0,1.0
AL844892.1,0.0,0.0,1.0,1.0
GPR171,0.0,0.0,1.0,1.0
AC078816.1,0.0,0.0,1.0,1.0
LINC02655,0.0,0.0,1.0,1.0
RTL1,0.0,0.0,1.0,1.0
P2RY13,0.0,0.0,1.0,1.0
OR13C9,0.0,0.0,1.0,1.0
OR13D1,0.0,0.0,1.0,1.0
AC005261.3,0.0,0.0,1.0,1.0
ATP2B2-IT1,0.0,0.0,1.0,1.0
AC093894.1,0.0,0.0,1.0,1.0
GRM7-AS2,0.0,0.0,1.0,1.0
AC066585.1,0.0,0.0,1.0,1.0
AL136982.7,0.0,0.0,1.0,1.0
SNCG,0.0,0.0,1.0,1.0
NR0B1,0.0,0.0,1.0,1.0
AL592164.2,0.0,0.0,1.0,1.0
HYPM,0.0,0.0,1.0,1.0
AL136084.3,0.0,0.0,1.0,1.0
TAB3-AS1,0.0,0.0,1.0,1.0
AC025428.1,0.0,0.0,1.0,1.0
ATP2B2-IT2,0.0,0.0,1.0,1.0
AL449403.1,0.0,0.0,1.0,1.0
AL583839.1,0.0,0.0,1.0,1.0
LINC01526,0.0,0.0,1.0,1.0
AL360157.1,0.0,0.0,1.0,1.0
C1QC,0.0,0.0,1.0,1.0
C1QB,0.0,0.0,1.0,1.0
NCF4,0.0,0.0,1.0,1.0
C1QA,0.0,0.0,1.0,1.0
AL031584.3,0.0,0.0,1.0,1.0
AC013727.2,0.0,0.0,1.0,1.0
DUSP21,0.0,0.0,1.0,1.0
AC234772.2,0.0,0.0,1.0,1.0
DLK1,0.0,0.0,1.0,1.0
TFAP2A-AS1,0.0,0.0,1.0,1.0
AL138885.2,0.0,0.0,1.0,1.0
AL138885.3,0.0,0.0,1.0,1.0
AL157394.1,0.0,0.0,1.0,1.0
NDP-AS1,0.0,0.0,1.0,1.0
LINC01114,0.0,0.0,1.0,1.0
AL139811.3,0.0,0.0,1.0,1.0
LINC01831,0.0,0.0,1.0,1.0
AC068535.2,0.0,0.0,1.0,1.0
LINC01103,0.0,0.0,1.0,1.0
AL049833.2,0.0,0.0,1.0,1.0
AL049833.1,0.0,0.0,1.0,1.0
LINC02522,0.0,0.0,1.0,1.0
AL162151.1,0.0,0.0,1.0,1.0
GUCA2B,0.0,0.0,1.0,1.0
AC119676.1,0.0,0.0,1.0,1.0
AL356277.2,0.0,0.0,1.0,1.0
AL845552.2,0.0,0.0,1.0,1.0
AL163974.1,0.0,0.0,1.0,1.0
LINC00523,0.0,0.0,1.0,1.0
AL355097.1,0.0,0.0,1.0,1.0
AL132719.1,0.0,0.0,1.0,1.0
AL132796.1,0.0,0.0,1.0,1.0
FTHL17,0.0,0.0,1.0,1.0
AL591378.1,0.0,0.0,1.0,1.0
MAGEB4,0.0,0.0,1.0,1.0
HTR1B,0.0,0.0,1.0,1.0
RNF225,0.0,0.0,1.0,1.0
AC018695.8,0.0,0.0,1.0,1.0
IRF8,0.0,0.0,1.0,1.0
LINC02132,0.0,0.0,1.0,1.0
SPANXN2,0.0,0.0,1.0,1.0
AC009041.3,0.0,0.0,1.0,1.0
CLEC3B,0.0,0.0,1.0,1.0
AL021940.1,0.0,0.0,1.0,1.0
AC016987.2,0.0,0.0,1.0,1.0
AC134312.6,0.0,0.0,1.0,1.0
CDY2B,0.0,0.0,1.0,1.0
GPR88,0.0,0.0,1.0,1.0
AC098649.1,0.0,0.0,1.0,1.0
AL032819.3,0.0,0.0,1.0,1.0
AC020743.3,0.0,0.0,1.0,1.0
AC133480.1,0.0,0.0,1.0,1.0
AC105343.2,0.0,0.0,1.0,1.0
AC105343.1,0.0,0.0,1.0,1.0
AC083809.1,0.0,0.0,1.0,1.0
AC078922.1,0.0,0.0,1.0,1.0
AC078889.1,0.0,0.0,1.0,1.0
AC235097.1,0.0,0.0,1.0,1.0
SPANXN1,0.0,0.0,1.0,1.0
LINC00283,0.0,0.0,1.0,1.0
AL160153.1,0.0,0.0,1.0,1.0
FGF14-IT1,0.0,0.0,1.0,1.0
AC091770.1,0.0,0.0,1.0,1.0
LINC02838,0.0,0.0,1.0,1.0
AL139823.1,0.0,0.0,1.0,1.0
Z98259.3,0.0,0.0,1.0,1.0
AC092327.2,0.0,0.0,1.0,1.0
AC022511.1,0.0,0.0,1.0,1.0
AC008033.3,0.0,0.0,1.0,1.0
AC009108.2,0.0,0.0,1.0,1.0
AC009154.1,0.0,0.0,1.0,1.0
AC135012.2,0.0,0.0,1.0,1.0
SLC10A2,0.0,0.0,1.0,1.0
LINC00555,0.0,0.0,1.0,1.0
AC134312.3,0.0,0.0,1.0,1.0
AC135012.3,0.0,0.0,1.0,1.0
LINC01082,0.0,0.0,1.0,1.0
IFNG,0.0,0.0,1.0,1.0
AL162399.1,0.0,0.0,1.0,1.0
AL391119.1,0.0,0.0,1.0,1.0
AC242842.1,0.0,0.0,1.0,1.0
FOXC2-AS1,0.0,0.0,1.0,1.0
HBA2,0.0,0.0,1.0,1.0
LINC01929,0.0,0.0,1.0,1.0
AC022031.1,0.0,0.0,1.0,1.0
DYNAP,0.0,0.0,1.0,1.0
AC007673.1,0.0,0.0,1.0,1.0
AC112242.2,0.0,0.0,1.0,1.0
AC073236.1,0.0,0.0,1.0,1.0
AC008060.4,0.0,0.0,1.0,1.0
AC008060.5,0.0,0.0,1.0,1.0
CNPY1,0.0,0.0,1.0,1.0
KC877982.1,0.0,0.0,1.0,1.0
MAGEA8-AS1,0.0,0.0,1.0,1.0
MAGEA8,0.0,0.0,1.0,1.0
MAGEA9B,0.0,0.0,1.0,1.0
LINC01539,0.0,0.0,1.0,1.0
HTR5A-AS1,0.0,0.0,1.0,1.0
AC016383.3,0.0,0.0,1.0,1.0
SLITRK2,0.0,0.0,1.0,1.0
CXorf51B,0.0,0.0,1.0,1.0
SPANXD,0.0,0.0,1.0,1.0
MAGEC1,0.0,0.0,1.0,1.0
MAGEC2,0.0,0.0,1.0,1.0
AC136188.1,0.0,0.0,1.0,1.0
AC090502.2,0.0,0.0,1.0,1.0
AC130467.1,0.0,0.0,1.0,1.0
AC024132.3,0.0,0.0,1.0,1.0
LINC02189,0.0,0.0,1.0,1.0
BHLHE23,0.0,0.0,1.0,1.0
LINC00686,0.0,0.0,1.0,1.0
AL357033.2,0.0,0.0,1.0,1.0
AL096828.3,0.0,0.0,1.0,1.0
ERVH-1,0.0,0.0,1.0,1.0
ZIC5,0.0,0.0,1.0,1.0
OXGR1,0.0,0.0,1.0,1.0
AC007283.1,0.0,0.0,1.0,1.0
AC025280.1,0.0,0.0,1.0,1.0
AC009154.2,0.0,0.0,1.0,1.0
AL096828.6,0.0,0.0,1.0,1.0
AC096736.2,0.0,0.0,1.0,1.0
AC092720.2,0.0,0.0,1.0,1.0
AC136285.2,0.0,0.0,1.0,1.0
AL713965.1,0.0,0.0,1.0,1.0
RNF113B,0.0,0.0,1.0,1.0
AL137246.1,0.0,0.0,1.0,1.0
LINC01785,0.0,0.0,1.0,1.0
AC104407.1,0.0,0.0,1.0,1.0
NPY2R,0.0,0.0,1.0,1.0
SPANXA2,0.0,0.0,1.0,1.0
AC079298.1,0.0,0.0,1.0,1.0
AC011503.4,0.0,0.0,1.0,1.0
AC074135.2,0.0,0.0,1.0,1.0
AC011467.1,0.0,0.0,1.0,1.0
AC026991.1,0.0,0.0,1.0,1.0
AC079298.2,0.0,0.0,1.0,1.0
FGB,0.0,0.0,1.0,1.0
FGA,0.0,0.0,1.0,1.0
FGG,0.0,0.0,1.0,1.0
AC108721.1,0.0,0.0,1.0,1.0
AC097467.1,0.0,0.0,1.0,1.0
AC007907.1,0.0,0.0,1.0,1.0
AC018553.2,0.0,0.0,1.0,1.0
AC018553.1,0.0,0.0,1.0,1.0
AC103858.2,0.0,0.0,1.0,1.0
AC109809.1,0.0,0.0,1.0,1.0
AC048382.4,0.0,0.0,1.0,1.0
CU639417.1,0.0,0.0,1.0,1.0
LINC01669,0.0,0.0,1.0,1.0
CU639417.5,0.0,0.0,1.0,1.0
AC022506.1,0.0,0.0,1.0,1.0
DPYD-AS2,0.0,0.0,1.0,1.0
BX005019.1,0.0,0.0,1.0,1.0
AC104453.1,0.0,0.0,1.0,1.0
Z97198.1,0.0,0.0,1.0,1.0
AC004869.2,0.0,0.0,1.0,1.0
CCDC201,0.0,0.0,1.0,1.0
AC098679.5,0.0,0.0,1.0,1.0
LINC02433,0.0,0.0,1.0,1.0
AC098679.6,0.0,0.0,1.0,1.0
AC098679.1,0.0,0.0,1.0,1.0
AL121829.1,0.0,0.0,1.0,1.0
AF067845.4,0.0,0.0,1.0,1.0
LINC02403,0.0,0.0,1.0,1.0
TLR2,0.0,0.0,1.0,1.0
AC020703.1,0.0,0.0,1.0,1.0
AC106882.1,0.0,0.0,1.0,1.0
AC026950.2,0.0,0.0,1.0,1.0
OR4F21,0.0,0.0,1.0,1.0
AL137246.2,0.0,0.0,1.0,1.0
AC245297.2,0.0,0.0,1.0,1.0
LINC02448,0.0,0.0,1.0,1.0
AL133343.1,0.0,0.0,1.0,1.0
AL031658.2,0.0,0.0,1.0,1.0
FOXS1,0.0,0.0,1.0,1.0
AC245100.6,0.0,0.0,1.0,1.0
AC112242.1,0.0,0.0,1.0,1.0
Z98259.2,0.0,0.0,1.0,1.0
AC034148.1,0.0,0.0,1.0,1.0
SPANXB1,0.0,0.0,1.0,1.0
SPANXC,0.0,0.0,1.0,1.0
SPANXA1,0.0,0.0,1.0,1.0
PPIAL4C,0.0,0.0,1.0,1.0
LINC01233,0.0,0.0,1.0,1.0
AC245519.1,0.0,0.0,1.0,1.0
AC245187.1,0.0,0.0,1.0,1.0
AC073115.1,0.0,0.0,1.0,1.0
AC010941.1,0.0,0.0,1.0,1.0
AC004944.1,0.0,0.0,1.0,1.0
AC087369.2,0.0,0.0,1.0,1.0
AC079054.1,0.0,0.0,1.0,1.0
AC100797.5,0.0,0.0,1.0,1.0
AC110288.1,0.0,0.0,1.0,1.0
AC006357.1,0.0,0.0,1.0,1.0
AC006003.1,0.0,0.0,1.0,1.0
AC011899.3,0.0,0.0,1.0,1.0
AC078942.1,0.0,0.0,1.0,1.0
AC006967.2,0.0,0.0,1.0,1.0
LINC01022,0.0,0.0,1.0,1.0
LINC00689,0.0,0.0,1.0,1.0
AC007269.1,0.0,0.0,1.0,1.0
AC021218.1,0.0,0.0,1.0,1.0
AC129915.3,0.0,0.0,1.0,1.0
AC004975.2,0.0,0.0,1.0,1.0
AC022166.2,0.0,0.0,1.0,1.0
CLLU1OS,0.0,0.0,1.0,1.0
KERA,0.0,0.0,1.0,1.0
LINC02399,0.0,0.0,1.0,1.0
LINC02409,0.0,0.0,1.0,1.0
AC108097.1,0.0,0.0,1.0,1.0
AC092332.1,0.0,0.0,1.0,1.0
AC010731.3,0.0,0.0,1.0,1.0
AC016903.1,0.0,0.0,1.0,1.0
AC099552.1,0.0,0.0,1.0,1.0
AC237221.1,0.0,0.0,1.0,1.0
AC006455.1,0.0,0.0,1.0,1.0
AC006970.3,0.0,0.0,1.0,1.0
AC092447.8,0.0,0.0,1.0,1.0
AC010551.2,0.0,0.0,1.0,1.0
AC010551.1,0.0,0.0,1.0,1.0
TAS2R41,0.0,0.0,1.0,1.0
CTAGE15,0.0,0.0,1.0,1.0
OR2F2,0.0,0.0,1.0,1.0
AC099654.1,0.0,0.0,1.0,1.0
NBPF6,0.0,0.0,1.0,1.0
AL160171.1,0.0,0.0,1.0,1.0
AL499627.1,0.0,0.0,1.0,1.0
AC109927.2,0.0,0.0,1.0,1.0
AC116563.1,0.0,0.0,1.0,1.0
AC131956.3,0.0,0.0,1.0,1.0
NBPF4,0.0,0.0,1.0,1.0
AL359258.1,0.0,0.0,1.0,1.0
AL390038.1,0.0,0.0,1.0,1.0
AC092142.2,0.0,0.0,1.0,1.0
LUM,0.0,0.0,1.0,1.0
AC090016.1,0.0,0.0,1.0,1.0
AC126175.2,0.0,0.0,1.0,1.0
LINC00353,0.0,0.0,1.0,1.0
LINC00380,0.0,0.0,1.0,1.0
AC073429.1,0.0,0.0,1.0,1.0
LINC02510,0.0,0.0,1.0,1.0
AC009965.1,0.0,0.0,1.0,1.0
AC084365.1,0.0,0.0,1.0,1.0
AC112481.1,0.0,0.0,1.0,1.0
AMY1C,0.0,0.0,1.0,1.0
LINC00333,0.0,0.0,1.0,1.0
LINC00564,0.0,0.0,1.0,1.0
NDFIP2-AS1,0.0,0.0,1.0,1.0
LINC01068,0.0,0.0,1.0,1.0
LINC01038,0.0,0.0,1.0,1.0
AL354984.1,0.0,0.0,1.0,1.0
LINC01742,0.0,0.0,1.0,1.0
AL354984.2,0.0,0.0,1.0,1.0
MT1A,0.0,0.0,1.0,1.0
FAM131B,0.0,0.0,1.0,1.0
AC098680.2,0.0,0.0,1.0,1.0
AL389889.1,0.0,0.0,1.0,1.0
SPATA42,0.0,0.0,1.0,1.0
AL139348.1,0.0,0.0,1.0,1.0
AL121910.1,0.0,0.0,1.0,1.0
LINC01718,0.0,0.0,1.0,1.0
AL365229.1,0.0,0.0,1.0,1.0
BX640515.1,0.0,0.0,1.0,1.0
AL035541.1,0.0,0.0,1.0,1.0
AC096711.1,0.0,0.0,1.0,1.0
MT1B,0.0,0.0,1.0,1.0
AC093673.2,0.0,0.0,1.0,1.0
LINC02565,0.0,0.0,1.0,1.0
AC090340.1,0.0,0.0,1.0,1.0
TAS2R60,0.0,0.0,1.0,1.0
AC006455.5,0.0,0.0,1.0,1.0
AC006455.4,0.0,0.0,1.0,1.0
AC073188.3,0.0,0.0,1.0,1.0
AC073188.4,0.0,0.0,1.0,1.0
AC073188.5,0.0,0.0,1.0,1.0
AL590681.1,0.0,0.0,1.0,1.0
CTAGE4,0.0,0.0,1.0,1.0
CES1,0.0,0.0,1.0,1.0
LINC00375,0.0,0.0,1.0,1.0
SLITRK1,0.0,0.0,1.0,1.0
AC008055.2,0.0,0.0,1.0,1.0
AC007656.1,0.0,0.0,1.0,1.0
AC007656.4,0.0,0.0,1.0,1.0
AC084879.2,0.0,0.0,1.0,1.0
AC073429.2,0.0,0.0,1.0,1.0
AC104619.2,0.0,0.0,1.0,1.0
AC073188.6,0.0,0.0,1.0,1.0
AL360267.1,0.0,0.0,1.0,1.0
LINC00397,0.0,0.0,1.0,1.0
AC011524.2,0.0,0.0,1.0,1.0
AMY2A,0.0,0.0,1.0,1.0
AMY1A,0.0,0.0,1.0,1.0
AMY1B,0.0,0.0,1.0,1.0
AC011611.3,0.0,0.0,1.0,1.0
AC009063.1,0.0,0.0,1.0,1.0
AC239802.1,0.0,0.0,1.0,1.0
AC093025.1,0.0,0.0,1.0,1.0
AC007795.1,0.0,0.0,1.0,1.0
AC008991.1,0.0,0.0,1.0,1.0
AC073539.3,0.0,0.0,1.0,1.0
AC025811.1,0.0,0.0,1.0,1.0
AC011467.7,0.0,0.0,1.0,1.0
AC011524.1,0.0,0.0,1.0,1.0
HSFX2,0.0,0.0,1.0,1.0
AC093074.1,0.0,0.0,1.0,1.0
AC005307.1,0.0,0.0,1.0,1.0
AC093890.2,0.0,0.0,1.0,1.0
AC079466.2,0.0,0.0,1.0,1.0
AC099552.3,0.0,0.0,1.0,1.0
AC099552.2,0.0,0.0,1.0,1.0
AC093726.1,0.0,0.0,1.0,1.0
AC074257.1,0.0,0.0,1.0,1.0
FOXC2,0.0,0.0,1.0,1.0
AC090116.1,0.0,0.0,1.0,1.0
AC092435.3,0.0,0.0,1.0,1.0
AC108206.1,0.0,0.0,1.0,1.0
AC009271.2,0.0,0.0,1.0,1.0
AC244394.2,0.0,0.0,1.0,1.0
BIRC7,0.0,0.0,1.0,1.0
LINC00029,0.0,0.0,1.0,1.0
LINC01056,0.0,0.0,1.0,1.0
LINC02266,0.0,0.0,1.0,1.0
AC106871.1,0.0,0.0,1.0,1.0
AC138331.1,0.0,0.0,1.0,1.0
AC078820.1,0.0,0.0,1.0,1.0
LINC02806,0.0,0.0,1.0,1.0
AC241644.3,0.0,0.0,1.0,1.0
GJA8,0.0,0.0,1.0,1.0
AC006305.2,0.0,0.0,1.0,1.0
AL445647.1,0.0,0.0,1.0,1.0
LINC02353,0.0,0.0,1.0,1.0
AC024941.1,0.0,0.0,1.0,1.0
LINC02258,0.0,0.0,1.0,1.0
AC079598.1,0.0,0.0,1.0,1.0
LINC00560,0.0,0.0,1.0,1.0
AC013391.3,0.0,0.0,1.0,1.0
IGFL1,0.0,0.0,1.0,1.0
AC121764.3,0.0,0.0,1.0,1.0
AC011505.1,0.0,0.0,1.0,1.0
AC012229.1,0.0,0.0,1.0,1.0
BPIFB3,0.0,0.0,1.0,1.0
AC097535.1,0.0,0.0,1.0,1.0
LINC02364,0.0,0.0,1.0,1.0
AC016993.1,0.0,0.0,1.0,1.0
AC133637.2,0.0,0.0,1.0,1.0
AL450469.2,0.0,0.0,1.0,1.0
AL450469.1,0.0,0.0,1.0,1.0
AC010196.1,0.0,0.0,1.0,1.0
AC090680.1,0.0,0.0,1.0,1.0
ITIH4-AS1,0.0,0.0,1.0,1.0
AC007786.2,0.0,0.0,1.0,1.0
AC006007.1,0.0,0.0,1.0,1.0
AC005518.1,0.0,0.0,1.0,1.0
AC099681.3,0.0,0.0,1.0,1.0
VSTM2A,0.0,0.0,1.0,1.0
AL499627.2,0.0,0.0,1.0,1.0
Z98747.1,0.0,0.0,1.0,1.0
AL512413.1,0.0,0.0,1.0,1.0
GPR50-AS1,0.0,0.0,1.0,1.0
AL355602.1,0.0,0.0,1.0,1.0
AC005999.1,0.0,0.0,1.0,1.0
GIMAP7,0.0,0.0,1.0,1.0
AC009468.2,0.0,0.0,1.0,1.0
AC092848.1,0.0,0.0,1.0,1.0
AC097504.2,0.0,0.0,1.0,1.0
LINC02276,0.0,0.0,1.0,1.0
AC089998.2,0.0,0.0,1.0,1.0
MYF6,0.0,0.0,1.0,1.0
MYF5,0.0,0.0,1.0,1.0
LINC01777,0.0,0.0,1.0,1.0
GPR50,0.0,0.0,1.0,1.0
LINC01043,0.0,0.0,1.0,1.0
SCGB1C2,0.0,0.0,1.0,1.0
AC012500.1,0.0,0.0,1.0,1.0
AC068134.1,0.0,0.0,1.0,1.0
ALPG,0.0,0.0,1.0,1.0
F10-AS1,0.0,0.0,1.0,1.0
AC022690.2,0.0,0.0,1.0,1.0
ARHGEF7-IT1,0.0,0.0,1.0,1.0
ARHGEF7-AS1,0.0,0.0,1.0,1.0
AL683887.1,0.0,0.0,1.0,1.0
LINC00565,0.0,0.0,1.0,1.0
AL139384.1,0.0,0.0,1.0,1.0
SOX1,0.0,0.0,1.0,1.0
AL356961.1,0.0,0.0,1.0,1.0
LINC00404,0.0,0.0,1.0,1.0
TRGV11,0.0,0.0,1.0,1.0
TRGVB,0.0,0.0,1.0,1.0
TRGV10,0.0,0.0,1.0,1.0
RASA3-IT1,0.0,0.0,1.0,1.0
LINC02337,0.0,0.0,1.0,1.0
LINC02396,0.0,0.0,1.0,1.0
AC011477.8,0.0,0.0,1.0,1.0
BHLHA9,0.0,0.0,1.0,1.0
AC099568.1,0.0,0.0,1.0,1.0
AP001136.1,0.0,0.0,1.0,1.0
AC020595.1,0.0,0.0,1.0,1.0
DIRC1,0.0,0.0,1.0,1.0
AC013439.2,0.0,0.0,1.0,1.0
AC129507.3,0.0,0.0,1.0,1.0
LINC01070,0.0,0.0,1.0,1.0
HELT,0.0,0.0,1.0,1.0
AC074194.1,0.0,0.0,1.0,1.0
AC107222.2,0.0,0.0,1.0,1.0
AC084838.1,0.0,0.0,1.0,1.0
DEFB130A,0.0,0.0,1.0,1.0
LINC01448,0.0,0.0,1.0,1.0
AC004837.3,0.0,0.0,1.0,1.0
AC019270.1,0.0,0.0,1.0,1.0
AC022239.2,0.0,0.0,1.0,1.0
AF131216.5,0.0,0.0,1.0,1.0
AP000431.2,0.0,0.0,1.0,1.0
KRT85,0.0,0.0,1.0,1.0
KRT1,0.0,0.0,1.0,1.0
KRT84,0.0,0.0,1.0,1.0
LINC00208,0.0,0.0,1.0,1.0
AC091044.1,0.0,0.0,1.0,1.0
DEFB136,0.0,0.0,1.0,1.0
AC019193.3,0.0,0.0,1.0,1.0
AC019193.2,0.0,0.0,1.0,1.0
AC114798.1,0.0,0.0,1.0,1.0
BX072579.1,0.0,0.0,1.0,1.0
AL355974.1,0.0,0.0,1.0,1.0
AL355974.2,0.0,0.0,1.0,1.0
LINC02138,0.0,0.0,1.0,1.0
AL445493.3,0.0,0.0,1.0,1.0
HOXC12,0.0,0.0,1.0,1.0
HOTAIR,0.0,0.0,1.0,1.0
HOXC11,0.0,0.0,1.0,1.0
HOXC10,0.0,0.0,1.0,1.0
PMIS2,0.0,0.0,1.0,1.0
AL157402.1,0.0,0.0,1.0,1.0
LINC02500,0.0,0.0,1.0,1.0
AL137002.1,0.0,0.0,1.0,1.0
ARHGEF7-AS2,0.0,0.0,1.0,1.0
KRT74,0.0,0.0,1.0,1.0
KRT73,0.0,0.0,1.0,1.0
KRT2,0.0,0.0,1.0,1.0
AL513013.1,0.0,0.0,1.0,1.0
ANKRD34C,0.0,0.0,1.0,1.0
TPSG1,0.0,0.0,1.0,1.0
TPSAB1,0.0,0.0,1.0,1.0
AC021066.1,0.0,0.0,1.0,1.0
KRT82,0.0,0.0,1.0,1.0
KRT75,0.0,0.0,1.0,1.0
KRT6B,0.0,0.0,1.0,1.0
KRT6C,0.0,0.0,1.0,1.0
C12orf81,0.0,0.0,1.0,1.0
KRT5,0.0,0.0,1.0,1.0
KRT71,0.0,0.0,1.0,1.0
AC097518.1,0.0,0.0,1.0,1.0
KRT6A,0.0,0.0,1.0,1.0
KRT7-AS,0.0,0.0,1.0,1.0
AC078865.1,0.0,0.0,1.0,1.0
AC092805.1,0.0,0.0,1.0,1.0
WNT1,0.0,0.0,1.0,1.0
LINC01093,0.0,0.0,1.0,1.0
AC004801.5,0.0,0.0,1.0,1.0
OVCA2,0.0,0.0,1.0,1.0
AC011998.3,0.0,0.0,1.0,1.0
AC079906.1,0.0,0.0,1.0,1.0
AMIGO2,0.0,0.0,1.0,1.0
IGHV1OR21-1,0.0,0.0,1.0,1.0
AC025154.1,0.0,0.0,1.0,1.0
CST5,0.0,0.0,1.0,1.0
AC073848.1,0.0,0.0,1.0,1.0
AC006296.1,0.0,0.0,1.0,1.0
AL049651.1,0.0,0.0,1.0,1.0
AL049651.2,0.0,0.0,1.0,1.0
SSTR4,0.0,0.0,1.0,1.0
TRGJP1,0.0,0.0,1.0,1.0
AL110503.1,0.0,0.0,1.0,1.0
NKX3-2,0.0,0.0,1.0,1.0
AL080312.2,0.0,0.0,1.0,1.0
BARHL2,0.0,0.0,1.0,1.0
AC037441.1,0.0,0.0,1.0,1.0
AC037441.2,0.0,0.0,1.0,1.0
AC083864.4,0.0,0.0,1.0,1.0
AC083864.3,0.0,0.0,1.0,1.0
AC007652.2,0.0,0.0,1.0,1.0
AOAH-IT1,0.0,0.0,1.0,1.0
AC015468.1,0.0,0.0,1.0,1.0
LINC02508,0.0,0.0,1.0,1.0
LINC02461,0.0,0.0,1.0,1.0
LINC02434,0.0,0.0,1.0,1.0
AC009531.1,0.0,0.0,1.0,1.0
AC008080.1,0.0,0.0,1.0,1.0
AC105046.2,0.0,0.0,1.0,1.0
LINC02514,0.0,0.0,1.0,1.0
LINC02515,0.0,0.0,1.0,1.0
AC093763.1,0.0,0.0,1.0,1.0
AC004241.4,0.0,0.0,1.0,1.0
AC107391.1,0.0,0.0,1.0,1.0
AC105924.1,0.0,0.0,1.0,1.0
LINC01262,0.0,0.0,1.0,1.0
AC021087.4,0.0,0.0,1.0,1.0
AC108865.2,0.0,0.0,1.0,1.0
AC108046.1,0.0,0.0,1.0,1.0
AC096659.1,0.0,0.0,1.0,1.0
LALBA,0.0,0.0,1.0,1.0
OR10AD1,0.0,0.0,1.0,1.0
AC121338.2,0.0,0.0,1.0,1.0
AC120498.8,0.0,0.0,1.0,1.0
AC120498.1,0.0,0.0,1.0,1.0
AC120498.6,0.0,0.0,1.0,1.0
VSX1,0.0,0.0,1.0,1.0
HES3,0.0,0.0,1.0,1.0
CGB8,0.0,0.0,1.0,1.0
AC068880.2,0.0,0.0,1.0,1.0
AC087273.1,0.0,0.0,1.0,1.0
AC006055.1,0.0,0.0,1.0,1.0
LINC02124,0.0,0.0,1.0,1.0
LINC00254,0.0,0.0,1.0,1.0
AC099541.1,0.0,0.0,1.0,1.0
FGF21,0.0,0.0,1.0,1.0
AL031598.1,0.0,0.0,1.0,1.0
AL031848.1,0.0,0.0,1.0,1.0
CST2,0.0,0.0,1.0,1.0
AC009743.1,0.0,0.0,1.0,1.0
AC018358.1,0.0,0.0,1.0,1.0
AC099541.2,0.0,0.0,1.0,1.0
FEZF2,0.0,0.0,1.0,1.0
Z98259.1,0.0,0.0,1.0,1.0
FIGNL2-DT,0.0,0.0,1.0,1.0
AC068688.1,0.0,0.0,1.0,1.0
CT45A3,0.0,0.0,1.0,1.0
AC108865.1,0.0,0.0,1.0,1.0
CT45A6,0.0,0.0,1.0,1.0
CT45A2,0.0,0.0,1.0,1.0
CT45A7,0.0,0.0,1.0,1.0
CT45A8,0.0,0.0,1.0,1.0
CT45A9,0.0,0.0,1.0,1.0
AC104695.1,0.0,0.0,1.0,1.0
ELOA3B,0.0,0.0,1.0,1.0
SALL3,0.0,0.0,1.0,1.0
AC092687.1,0.0,0.0,1.0,1.0
MTNR1A,0.0,0.0,1.0,1.0
CT45A5,0.0,0.0,1.0,1.0
OR2AP1,0.0,0.0,1.0,1.0
AC109136.1,0.0,0.0,1.0,1.0
AC109462.3,0.0,0.0,1.0,1.0
AC109462.2,0.0,0.0,1.0,1.0
AC007336.2,0.0,0.0,1.0,1.0
AC007343.1,0.0,0.0,1.0,1.0
AC106742.1,0.0,0.0,1.0,1.0
AL162574.2,0.0,0.0,1.0,1.0
OR10P1,0.0,0.0,1.0,1.0
LINC00396,0.0,0.0,1.0,1.0
NPBWR2,0.0,0.0,1.0,1.0
FP565260.4,0.0,0.0,1.0,1.0
AL355803.1,0.0,0.0,1.0,1.0
AC108063.2,0.0,0.0,1.0,1.0
AC013401.1,0.0,0.0,1.0,1.0
AC074290.2,0.0,0.0,1.0,1.0
OR6C76,0.0,0.0,1.0,1.0
OR6C2,0.0,0.0,1.0,1.0
FP475955.3,0.0,0.0,1.0,1.0
FP475955.1,0.0,0.0,1.0,1.0
LINC01670,0.0,0.0,1.0,1.0
SPAG11A,0.0,0.0,1.0,1.0
DEFB103A,0.0,0.0,1.0,1.0
DEFB4A,0.0,0.0,1.0,1.0
CLDN23,0.0,0.0,1.0,1.0
ZNF705B,0.0,0.0,1.0,1.0
USP17L8,0.0,0.0,1.0,1.0
USP17L3,0.0,0.0,1.0,1.0
AL138954.1,0.0,0.0,1.0,1.0
LINC01825,0.0,0.0,1.0,1.0
AL136524.1,0.0,0.0,1.0,1.0
PRR23D2,0.0,0.0,1.0,1.0
DEFB105A,0.0,0.0,1.0,1.0
DEFB106A,0.0,0.0,1.0,1.0
DEFB104A,0.0,0.0,1.0,1.0
AC093871.1,0.0,0.0,1.0,1.0
SLIT2-IT1,0.0,0.0,1.0,1.0
MCTS2P,0.0,0.0,1.0,1.0
DEFB115,0.0,0.0,1.0,1.0
AC138028.3,0.0,0.0,1.0,1.0
TEX44,0.0,0.0,1.0,1.0
LINC01827,0.0,0.0,1.0,1.0
AC134684.9,0.0,0.0,1.0,1.0
AC106875.2,0.0,0.0,1.0,1.0
AC106875.1,0.0,0.0,1.0,1.0
AC079349.1,0.0,0.0,1.0,1.0
AC106872.9,0.0,0.0,1.0,1.0
DEFB104B,0.0,0.0,1.0,1.0
DEFB106B,0.0,0.0,1.0,1.0
AL162574.1,0.0,0.0,1.0,1.0
AC068134.2,0.0,0.0,1.0,1.0
FP475955.2,0.0,0.0,1.0,1.0
AL121827.1,0.0,0.0,1.0,1.0
AL163534.1,0.0,0.0,1.0,1.0
AC024270.3,0.0,0.0,1.0,1.0
AC027807.2,0.0,0.0,1.0,1.0
AC092306.1,0.0,0.0,1.0,1.0
AC120498.2,0.0,0.0,1.0,1.0
SSTR5,0.0,0.0,1.0,1.0
C1QTNF8,0.0,0.0,1.0,1.0
AC025572.1,0.0,0.0,1.0,1.0
LINC01650,0.0,0.0,1.0,1.0
AC106738.2,0.0,0.0,1.0,1.0
CU634019.2,0.0,0.0,1.0,1.0
FP236240.1,0.0,0.0,1.0,1.0
USP17L4,0.0,0.0,1.0,1.0
DEFB4B,0.0,0.0,1.0,1.0
DEFB103B,0.0,0.0,1.0,1.0
DEFB1,0.0,0.0,1.0,1.0
CRYAA2,0.0,0.0,1.0,1.0
CU638689.1,0.0,0.0,1.0,1.0
OR6C3,0.0,0.0,1.0,1.0
AC134684.8,0.0,0.0,1.0,1.0
AC021594.1,0.0,0.0,1.0,1.0
IGFBP1,0.0,0.0,1.0,1.0
IGFBP3,0.0,0.0,1.0,1.0
LINC02837,0.0,0.0,1.0,1.0
AC068286.1,0.0,0.0,1.0,1.0
AC096559.1,0.0,0.0,1.0,1.0
AC136698.1,0.0,0.0,1.0,1.0
DEFB105B,0.0,0.0,1.0,1.0
PRR23D1,0.0,0.0,1.0,1.0
AC134684.11,0.0,0.0,1.0,1.0
OR6C65,0.0,0.0,1.0,1.0
HECW1-IT1,0.0,0.0,1.0,1.0
AC234771.1,0.0,0.0,1.0,1.0
AC084121.9,0.0,0.0,1.0,1.0
AC084121.11,0.0,0.0,1.0,1.0
AC084121.6,0.0,0.0,1.0,1.0
CT45A10,0.0,0.0,1.0,1.0
CXorf51A,0.0,0.0,1.0,1.0
AL589987.2,0.0,0.0,1.0,1.0
SOX3,0.0,0.0,1.0,1.0
DEFA5,0.0,0.0,1.0,1.0
ZIC3,0.0,0.0,1.0,1.0
AL031386.1,0.0,0.0,1.0,1.0
AC093579.1,0.0,0.0,1.0,1.0
AJ009632.1,0.0,0.0,1.0,1.0
AF127577.5,0.0,0.0,1.0,1.0
AC010636.1,0.0,0.0,1.0,1.0
IGFBP6,0.0,0.0,1.0,1.0
AC055716.3,0.0,0.0,1.0,1.0
KRT76,0.0,0.0,1.0,1.0
HOXC-AS2,0.0,0.0,1.0,1.0
CDR1,0.0,0.0,1.0,1.0
MYO16-AS2,0.0,0.0,1.0,1.0
LINC00399,0.0,0.0,1.0,1.0
AC009039.1,0.0,0.0,1.0,1.0
LINC00567,0.0,0.0,1.0,1.0
LINC00346,0.0,0.0,1.0,1.0
AC104794.4,0.0,0.0,1.0,1.0
AC104794.5,0.0,0.0,1.0,1.0
AC082651.4,0.0,0.0,1.0,1.0
AC010641.1,0.0,0.0,1.0,1.0
AC017116.1,0.0,0.0,1.0,1.0
AC106876.1,0.0,0.0,1.0,1.0
NEU2,0.0,0.0,1.0,1.0
TPSD1,0.0,0.0,1.0,1.0
AC008993.3,0.0,0.0,1.0,1.0
ELOA3D,0.0,0.0,1.0,1.0
AC138057.1,0.0,0.0,1.0,1.0
AC116036.2,0.0,0.0,1.0,1.0
AC108451.2,0.0,0.0,1.0,1.0
AL591022.1,0.0,0.0,1.0,1.0
MYL7,0.0,0.0,1.0,1.0
C2CD4C,0.0,0.0,1.0,1.0
OR6C68,0.0,0.0,1.0,1.0
AC068544.2,0.0,0.0,1.0,1.0
DCD,0.0,0.0,1.0,1.0
AC079313.1,0.0,0.0,1.0,1.0
AC034159.2,0.0,0.0,1.0,1.0
LINC02504,0.0,0.0,1.0,1.0
AC074254.1,0.0,0.0,1.0,1.0
AC084121.12,0.0,0.0,1.0,1.0
AC084121.8,0.0,0.0,1.0,1.0
HOXC9,0.0,0.0,1.0,1.0
AC084121.5,0.0,0.0,1.0,1.0
AC084121.13,0.0,0.0,1.0,1.0
LINC02382,0.0,0.0,1.0,1.0
AC068020.1,0.0,0.0,1.0,1.0
DEFA6,0.0,0.0,1.0,1.0
AF233439.2,0.0,0.0,1.0,1.0
DEFA4,0.0,0.0,1.0,1.0
DEFA1,0.0,0.0,1.0,1.0
DEFA1B,0.0,0.0,1.0,1.0
DEFA3,0.0,0.0,1.0,1.0
AC084121.7,0.0,0.0,1.0,1.0
CISTR,0.0,0.0,1.0,1.0
POTED,0.0,0.0,1.0,1.0
AL050303.1,0.0,0.0,1.0,1.0
HOXC8,0.0,0.0,1.0,1.0
AC012531.1,0.0,0.0,1.0,1.0
AC012055.1,0.0,0.0,1.0,1.0
AC012055.2,0.0,0.0,1.0,1.0
DEFB116,0.0,0.0,1.0,1.0
DEFB121,0.0,0.0,1.0,1.0
OR6C70,0.0,0.0,1.0,1.0
AL121762.1,0.0,0.0,1.0,1.0
AL359745.1,0.0,0.0,1.0,1.0
AC079310.1,0.0,0.0,1.0,1.0
OR10A7,0.0,0.0,1.0,1.0
OR6C74,0.0,0.0,1.0,1.0
LINC01154,0.0,0.0,1.0,1.0
AC068789.1,0.0,0.0,1.0,1.0
AC076968.1,0.0,0.0,1.0,1.0
HOXC13-AS,0.0,0.0,1.0,1.0
AC092673.1,0.0,0.0,1.0,1.0
AL121904.1,0.0,0.0,1.0,1.0
AC117500.1,0.0,0.0,1.0,1.0
MAGEA1,0.0,0.0,1.0,1.0
AC236972.3,0.0,0.0,1.0,1.0
AC236972.4,0.0,0.0,1.0,1.0
PNMA6F,0.0,0.0,1.0,1.0
AL137001.1,0.0,0.0,1.0,1.0
LINC00421,0.0,0.0,1.0,1.0
HS1BP3-IT1,0.0,0.0,1.0,1.0
AC019055.1,0.0,0.0,1.0,1.0
AC114741.1,0.0,0.0,1.0,1.0
PI3,0.0,0.0,1.0,1.0
AC023394.2,0.0,0.0,1.0,1.0
MAGI2-AS1,0.0,0.0,1.0,1.0
MAGI2-AS2,0.0,0.0,1.0,1.0
LINC01912,0.0,0.0,1.0,1.0
AC023394.1,0.0,0.0,1.0,1.0
LINC01903,0.0,0.0,1.0,1.0
AC007631.1,0.0,0.0,1.0,1.0
AC010485.1,0.0,0.0,1.0,1.0
AC100844.1,0.0,0.0,1.0,1.0
AC063926.1,0.0,0.0,1.0,1.0
AC098868.1,0.0,0.0,1.0,1.0
LINC02260,0.0,0.0,1.0,1.0
AC097494.1,0.0,0.0,1.0,1.0
AC244453.2,0.0,0.0,1.0,1.0
AC245008.1,0.0,0.0,1.0,1.0
PPIAL4A,0.0,0.0,1.0,1.0
LINC00388,0.0,0.0,1.0,1.0
IGKV1OR1-1,0.0,0.0,1.0,1.0
AC117500.6,0.0,0.0,1.0,1.0
AC138466.1,0.0,0.0,1.0,1.0
TSHB,0.0,0.0,1.0,1.0
LINC01765,0.0,0.0,1.0,1.0
AL031687.1,0.0,0.0,1.0,1.0
WFDC10A,0.0,0.0,1.0,1.0
AL031651.2,0.0,0.0,1.0,1.0
AC148477.3,0.0,0.0,1.0,1.0
AC148477.2,0.0,0.0,1.0,1.0
AC148477.1,0.0,0.0,1.0,1.0
AC148477.10,0.0,0.0,1.0,1.0
AC107072.1,0.0,0.0,1.0,1.0
H2AFB3,0.0,0.0,1.0,1.0
ST7-AS1,0.0,0.0,1.0,1.0
AC093714.1,0.0,0.0,1.0,1.0
LINC02562,0.0,0.0,1.0,1.0
LINC01046,0.0,0.0,1.0,1.0
LINC00424,0.0,0.0,1.0,1.0
LINC00556,0.0,0.0,1.0,1.0
AC111194.1,0.0,0.0,1.0,1.0
AC025244.2,0.0,0.0,1.0,1.0
AC008556.1,0.0,0.0,1.0,1.0
SLPI,0.0,0.0,1.0,1.0
AL118522.1,0.0,0.0,1.0,1.0
GJB2,0.0,0.0,1.0,1.0
GTSF1L,0.0,0.0,1.0,1.0
LINC01728,0.0,0.0,1.0,1.0
Z98752.1,0.0,0.0,1.0,1.0
TTTY8B,0.0,0.0,1.0,1.0
TGIF2LY,0.0,0.0,1.0,1.0
AC010722.1,0.0,0.0,1.0,1.0
TEX47,0.0,0.0,1.0,1.0
SEMG2,0.0,0.0,1.0,1.0
SSU72P8,0.0,0.0,1.0,1.0
TAS2R16,0.0,0.0,1.0,1.0
AC211486.8,0.0,0.0,1.0,1.0
AC211486.6,0.0,0.0,1.0,1.0
PPIAL4E,0.0,0.0,1.0,1.0
PPIAL4F,0.0,0.0,1.0,1.0
LINC01632,0.0,0.0,1.0,1.0
LINC02799,0.0,0.0,1.0,1.0
LINC02591,0.0,0.0,1.0,1.0
F8A2,0.0,0.0,1.0,1.0
AC008555.1,0.0,0.0,1.0,1.0
SCGB1B2P,0.0,0.0,1.0,1.0
AC073130.2,0.0,0.0,1.0,1.0
AC004888.1,0.0,0.0,1.0,1.0
CFTR-AS1,0.0,0.0,1.0,1.0
AC006262.3,0.0,0.0,1.0,1.0
LINC02852,0.0,0.0,1.0,1.0
AC006159.2,0.0,0.0,1.0,1.0
AC111197.1,0.0,0.0,1.0,1.0
H2AFB2,0.0,0.0,1.0,1.0
LINC01838,0.0,0.0,1.0,1.0
AC126773.4,0.0,0.0,1.0,1.0
LINC00462,0.0,0.0,1.0,1.0
GSX2,0.0,0.0,1.0,1.0
CXCR1,0.0,0.0,1.0,1.0
AC007563.4,0.0,0.0,1.0,1.0
AC007557.2,0.0,0.0,1.0,1.0
AC006065.3,0.0,0.0,1.0,1.0
PRR20E,0.0,0.0,1.0,1.0
LINC01921,0.0,0.0,1.0,1.0
AC092850.2,0.0,0.0,1.0,1.0
AC026336.3,0.0,0.0,1.0,1.0
AC092542.1,0.0,0.0,1.0,1.0
TMEM132D-AS2,0.0,0.0,1.0,1.0
AC130404.1,0.0,0.0,1.0,1.0
AC130404.2,0.0,0.0,1.0,1.0
AC117373.1,0.0,0.0,1.0,1.0
AC117373.2,0.0,0.0,1.0,1.0
LINC02372,0.0,0.0,1.0,1.0
AC079949.1,0.0,0.0,1.0,1.0
AC005888.1,0.0,0.0,1.0,1.0
AC104063.1,0.0,0.0,1.0,1.0
PAX4,0.0,0.0,1.0,1.0
AC011752.1,0.0,0.0,1.0,1.0
SERPINB2,0.0,0.0,1.0,1.0
SERPINB10,0.0,0.0,1.0,1.0
AC036176.3,0.0,0.0,1.0,1.0
OPN1MW3,0.0,0.0,1.0,1.0
AC018529.1,0.0,0.0,1.0,1.0
AC103808.5,0.0,0.0,1.0,1.0
CATIP-AS1,0.0,0.0,1.0,1.0
AC026464.2,0.0,0.0,1.0,1.0
SERPINB4,0.0,0.0,1.0,1.0
SERPINB3,0.0,0.0,1.0,1.0
AC022726.1,0.0,0.0,1.0,1.0
LINC02850,0.0,0.0,1.0,1.0
AC115619.1,0.0,0.0,1.0,1.0
AC012506.2,0.0,0.0,1.0,1.0
TNP1,0.0,0.0,1.0,1.0
AL157813.2,0.0,0.0,1.0,1.0
AL157813.1,0.0,0.0,1.0,1.0
LINC01077,0.0,0.0,1.0,1.0
AC007749.2,0.0,0.0,1.0,1.0
LINC02375,0.0,0.0,1.0,1.0
AC068787.4,0.0,0.0,1.0,1.0
AC068787.3,0.0,0.0,1.0,1.0
AC015660.5,0.0,0.0,1.0,1.0
PGPEP1L,0.0,0.0,1.0,1.0
UCN2,0.0,0.0,1.0,1.0
TREX1,0.0,0.0,1.0,1.0
AC055717.2,0.0,0.0,1.0,1.0
AC073578.5,0.0,0.0,1.0,1.0
LINC02368,0.0,0.0,1.0,1.0
AC073862.1,0.0,0.0,1.0,1.0
AC079949.5,0.0,0.0,1.0,1.0
AC079949.2,0.0,0.0,1.0,1.0
AC079949.6,0.0,0.0,1.0,1.0
LINC02376,0.0,0.0,1.0,1.0
LINC01779,0.0,0.0,1.0,1.0
AL136376.1,0.0,0.0,1.0,1.0
NHLH2,0.0,0.0,1.0,1.0
AC078925.1,0.0,0.0,1.0,1.0
LINC02415,0.0,0.0,1.0,1.0
AC117500.3,0.0,0.0,1.0,1.0
AC061709.2,0.0,0.0,1.0,1.0
AC023595.1,0.0,0.0,1.0,1.0
AC025252.1,0.0,0.0,1.0,1.0
LINC02411,0.0,0.0,1.0,1.0
LINC02441,0.0,0.0,1.0,1.0
AC122688.5,0.0,0.0,1.0,1.0
AC034110.1,0.0,0.0,1.0,1.0
CAMP,0.0,0.0,1.0,1.0
CTAG1A,0.0,0.0,1.0,1.0
AC018638.6,0.0,0.0,1.0,1.0
FAM223B,0.0,0.0,1.0,1.0
AC245140.1,0.0,0.0,1.0,1.0
OPN1MW,0.0,0.0,1.0,1.0
OPN1MW2,0.0,0.0,1.0,1.0
SEMA3B-AS1,0.0,0.0,1.0,1.0
AC087477.4,0.0,0.0,1.0,1.0
AMIGO3,0.0,0.0,1.0,1.0
AC116903.1,0.0,0.0,1.0,1.0
AC090985.2,0.0,0.0,1.0,1.0
AC107958.3,0.0,0.0,1.0,1.0
CTAG1B,0.0,0.0,1.0,1.0
AL391244.1,0.0,0.0,1.0,1.0
LINC01770,0.0,0.0,1.0,1.0
ADAM30,0.0,0.0,1.0,1.0
LINC00445,0.0,0.0,1.0,1.0
AL161719.1,0.0,0.0,1.0,1.0
AL139081.2,0.0,0.0,1.0,1.0
LINC02344,0.0,0.0,1.0,1.0
AL138999.1,0.0,0.0,1.0,1.0
AC103808.3,0.0,0.0,1.0,1.0
AC005009.1,0.0,0.0,1.0,1.0
AC012101.1,0.0,0.0,1.0,1.0
AC090812.1,0.0,0.0,1.0,1.0
AC090338.1,0.0,0.0,1.0,1.0
AC007359.1,0.0,0.0,1.0,1.0
LINC00398,0.0,0.0,1.0,1.0
LINC00545,0.0,0.0,1.0,1.0
AL353680.1,0.0,0.0,1.0,1.0
LINC01066,0.0,0.0,1.0,1.0
UGT2B10,0.0,0.0,1.0,1.0
AC116003.2,0.0,0.0,1.0,1.0
TTTY1,0.0,0.0,1.0,1.0
AC023301.1,0.0,0.0,1.0,1.0
AC090457.1,0.0,0.0,1.0,1.0
AC010745.1,0.0,0.0,1.0,1.0
AC010745.3,0.0,0.0,1.0,1.0
AC010745.4,0.0,0.0,1.0,1.0
AC113608.2,0.0,0.0,1.0,1.0
AC010891.1,0.0,0.0,1.0,1.0
TTTY23,0.0,0.0,1.0,1.0
AC007876.1,0.0,0.0,1.0,1.0
AC009110.1,0.0,0.0,1.0,1.0
AC044802.2,0.0,0.0,1.0,1.0
AC009955.1,0.0,0.0,1.0,1.0
AC092138.1,0.0,0.0,1.0,1.0
AC022164.1,0.0,0.0,1.0,1.0
LINC00920,0.0,0.0,1.0,1.0
LINC01803,0.0,0.0,1.0,1.0
AC008281.1,0.0,0.0,1.0,1.0
AL138960.1,0.0,0.0,1.0,1.0
RPS4Y2,0.0,0.0,1.0,1.0
AL512506.1,0.0,0.0,1.0,1.0
IGKV1D-35,0.0,0.0,1.0,1.0
AC005702.5,0.0,0.0,1.0,1.0
MBD3L5,0.0,0.0,1.0,1.0
AC008175.1,0.0,0.0,1.0,1.0
TTTY6,0.0,0.0,1.0,1.0
AL591686.1,0.0,0.0,1.0,1.0
AL606534.3,0.0,0.0,1.0,1.0
BECN2,0.0,0.0,1.0,1.0
AL356361.3,0.0,0.0,1.0,1.0
PDX1,0.0,0.0,1.0,1.0
BX072566.1,0.0,0.0,1.0,1.0
RBMY1E,0.0,0.0,1.0,1.0
CDY1B,0.0,0.0,1.0,1.0
TTTY17B,0.0,0.0,1.0,1.0
TTTY6B,0.0,0.0,1.0,1.0
RBMY1F,0.0,0.0,1.0,1.0
TTTY5,0.0,0.0,1.0,1.0
RBMY1J,0.0,0.0,1.0,1.0
AL589745.2,0.0,0.0,1.0,1.0
AC092265.1,0.0,0.0,1.0,1.0
AC003685.1,0.0,0.0,1.0,1.0
CDX2,0.0,0.0,1.0,1.0
STARD13-IT1,0.0,0.0,1.0,1.0
LINC01048,0.0,0.0,1.0,1.0
LINC00489,0.0,0.0,1.0,1.0
AL035665.1,0.0,0.0,1.0,1.0
AC021146.12,0.0,0.0,1.0,1.0
UGT2A3,0.0,0.0,1.0,1.0
AC104137.1,0.0,0.0,1.0,1.0
AC096721.1,0.0,0.0,1.0,1.0
IGKV2D-36,0.0,0.0,1.0,1.0
RBMY1D,0.0,0.0,1.0,1.0
FAM9A,0.0,0.0,1.0,1.0
IGKV1-39,0.0,0.0,1.0,1.0
IGKV2-40,0.0,0.0,1.0,1.0
AL583854.1,0.0,0.0,1.0,1.0
FAM163B,0.0,0.0,1.0,1.0
IGKV2D-40,0.0,0.0,1.0,1.0
IGKV1D-39,0.0,0.0,1.0,1.0
IGKV2D-38,0.0,0.0,1.0,1.0
IGKV1D-37,0.0,0.0,1.0,1.0
AC097491.1,0.0,0.0,1.0,1.0
AC019133.1,0.0,0.0,1.0,1.0
FFAR1,0.0,0.0,1.0,1.0
TTTY21B,0.0,0.0,1.0,1.0
FAM197Y7,0.0,0.0,1.0,1.0
TSPY3,0.0,0.0,1.0,1.0
TSPY1,0.0,0.0,1.0,1.0
TSPY9P,0.0,0.0,1.0,1.0
TSPY10,0.0,0.0,1.0,1.0
TTTY8,0.0,0.0,1.0,1.0
TTTY2,0.0,0.0,1.0,1.0
PPBP,0.0,0.0,1.0,1.0
TTTY12,0.0,0.0,1.0,1.0
TTTY19,0.0,0.0,1.0,1.0
TTTY20,0.0,0.0,1.0,1.0
TSPY4,0.0,0.0,1.0,1.0
LINC00280,0.0,0.0,1.0,1.0
TTTY1B,0.0,0.0,1.0,1.0
TTTY2B,0.0,0.0,1.0,1.0
GSX1,0.0,0.0,1.0,1.0
AC068721.1,0.0,0.0,1.0,1.0
AC011297.1,0.0,0.0,1.0,1.0
LINC00415,0.0,0.0,1.0,1.0
AL353789.1,0.0,0.0,1.0,1.0
IGFL2,0.0,0.0,1.0,1.0
AC104260.1,0.0,0.0,1.0,1.0
AC104260.3,0.0,0.0,1.0,1.0
AC011484.1,0.0,0.0,1.0,1.0
AC012409.4,0.0,0.0,1.0,1.0
AC107976.1,0.0,0.0,1.0,1.0
TTTY7,0.0,0.0,1.0,1.0
LINC00563,0.0,0.0,1.0,1.0
GPR42,0.0,0.0,1.0,1.0
LINC01050,0.0,0.0,1.0,1.0
LINC00428,0.0,0.0,1.0,1.0
LINC01072,0.0,0.0,1.0,1.0
AC114803.1,0.0,0.0,1.0,1.0
AGRP,0.0,0.0,1.0,1.0
AC105390.1,0.0,0.0,1.0,1.0
AC013724.1,0.0,0.0,1.0,1.0
AC107396.1,0.0,0.0,1.0,1.0
AC093725.1,0.0,0.0,1.0,1.0
FFAR3,0.0,0.0,1.0,1.0
HTN3,0.0,0.0,1.0,1.0
ODAM,0.0,0.0,1.0,1.0
AL157902.1,0.0,0.0,1.0,1.0
AC005050.2,0.0,0.0,1.0,1.0
AL354674.1,0.0,0.0,1.0,1.0
AC092125.1,0.0,0.0,1.0,1.0
FDCSP,0.0,0.0,1.0,1.0
UGT2B28,0.0,0.0,1.0,1.0
AC005050.1,0.0,0.0,1.0,1.0
AL359538.3,0.0,0.0,1.0,1.0
H2AFB1,0.0,0.0,1.0,1.0
TSPY8,0.0,0.0,1.0,1.0
AC103808.6,0.0,0.0,1.0,1.0
AC103808.2,0.0,0.0,1.0,1.0
BPY2,0.0,0.0,1.0,1.0
VCY,0.0,0.0,1.0,1.0
VCY1B,0.0,0.0,1.0,1.0
AC010723.1,0.0,0.0,1.0,1.0
TTTY7B,0.0,0.0,1.0,1.0
TTTY21,0.0,0.0,1.0,1.0
C7orf66,0.0,0.0,1.0,1.0
AL445985.1,0.0,0.0,1.0,1.0
C1QTNF9-AS1,0.0,0.0,1.0,1.0
PF4V1,0.0,0.0,1.0,1.0
PF4,0.0,0.0,1.0,1.0
SHISA2,0.0,0.0,1.0,1.0
HAO2-IT1,0.0,0.0,1.0,1.0
HSD3B2,0.0,0.0,1.0,1.0
AL512484.1,0.0,0.0,1.0,1.0
AL157931.2,0.0,0.0,1.0,1.0
CSN2,0.0,0.0,1.0,1.0
LINC01079,0.0,0.0,1.0,1.0
AL117382.2,0.0,0.0,1.0,1.0
SMR3A,0.0,0.0,1.0,1.0
AC093536.2,0.0,0.0,1.0,1.0
AC104463.1,0.0,0.0,1.0,1.0
AC002511.2,0.0,0.0,1.0,1.0
AC002511.1,0.0,0.0,1.0,1.0
SMIM2-IT1,0.0,0.0,1.0,1.0
LINC00400,0.0,0.0,1.0,1.0
UGT2A2,0.0,0.0,1.0,1.0
LINC00362,0.0,0.0,1.0,1.0
TRBV12-2,0.0,0.0,1.0,1.0
TRBV6-5,0.0,0.0,1.0,1.0
TRBV7-4,0.0,0.0,1.0,1.0
TMIE,0.0,0.0,1.0,1.0
CCR2,0.0,0.0,1.0,1.0
LINC01078,0.0,0.0,1.0,1.0
LINC02342,0.0,0.0,1.0,1.0
AL160391.1,0.0,0.0,1.0,1.0
LINC00628,0.0,0.0,1.0,1.0
AL391845.1,0.0,0.0,1.0,1.0
AC008794.1,0.0,0.0,1.0,1.0
AC011525.1,0.0,0.0,1.0,1.0
AC011525.2,0.0,0.0,1.0,1.0
BPIFA1,0.0,0.0,1.0,1.0
BPIFB6,0.0,0.0,1.0,1.0
LINC00446,0.0,0.0,1.0,1.0
AL138957.1,0.0,0.0,1.0,1.0
SCEL-AS1,0.0,0.0,1.0,1.0
AL159158.1,0.0,0.0,1.0,1.0
AL592146.1,0.0,0.0,1.0,1.0
TRBV8-1,0.0,0.0,1.0,1.0
TRBV29-1,0.0,0.0,1.0,1.0
PRSS1,0.0,0.0,1.0,1.0
TRBD1,0.0,0.0,1.0,1.0
TRBJ1-1,0.0,0.0,1.0,1.0
TRBJ1-2,0.0,0.0,1.0,1.0
AC079341.1,0.0,0.0,1.0,1.0
AC078874.1,0.0,0.0,1.0,1.0
TRBV23-1,0.0,0.0,1.0,1.0
AL023881.1,0.0,0.0,1.0,1.0
TRBV25-1,0.0,0.0,1.0,1.0
TRBVA,0.0,0.0,1.0,1.0
TRBV15,0.0,0.0,1.0,1.0
TRBV7-7,0.0,0.0,1.0,1.0
TRBV5-7,0.0,0.0,1.0,1.0
TRBV12-1,0.0,0.0,1.0,1.0
TRBV10-2,0.0,0.0,1.0,1.0
TRBV11-2,0.0,0.0,1.0,1.0
AC073878.2,0.0,0.0,1.0,1.0
CCRL2,0.0,0.0,1.0,1.0
TRBV24-1,0.0,0.0,1.0,1.0
TRBV5-6,0.0,0.0,1.0,1.0
TRBV6-8,0.0,0.0,1.0,1.0
KCNA10,0.0,0.0,1.0,1.0
AL365361.1,0.0,0.0,1.0,1.0
MAGEA4,0.0,0.0,1.0,1.0
MAGEA3,0.0,0.0,1.0,1.0
BX546450.1,0.0,0.0,1.0,1.0
CNGA2,0.0,0.0,1.0,1.0
MAGEA2B,0.0,0.0,1.0,1.0
AL355390.1,0.0,0.0,1.0,1.0
MAGEA12,0.0,0.0,1.0,1.0
TRBV3-1,0.0,0.0,1.0,1.0
MAGEA4-AS1,0.0,0.0,1.0,1.0
ACTRT2,0.0,0.0,1.0,1.0
AC073349.5,0.0,0.0,1.0,1.0
AC016769.5,0.0,0.0,1.0,1.0
AC092634.8,0.0,0.0,1.0,1.0
LINC01005,0.0,0.0,1.0,1.0
AL160413.1,0.0,0.0,1.0,1.0
CBLN4,0.0,0.0,1.0,1.0
CSAG1,0.0,0.0,1.0,1.0
LINC01834,0.0,0.0,1.0,1.0
MTRNR2L13,0.0,0.0,1.0,1.0
NEUROG2,0.0,0.0,1.0,1.0
AL691482.3,0.0,0.0,1.0,1.0
AC096677.2,0.0,0.0,1.0,1.0
LINC01442,0.0,0.0,1.0,1.0
AL358215.1,0.0,0.0,1.0,1.0
AL358215.2,0.0,0.0,1.0,1.0
CYMP-AS1,0.0,0.0,1.0,1.0
TRBV7-6,0.0,0.0,1.0,1.0
CTRB2,0.0,0.0,1.0,1.0
AL355990.2,0.0,0.0,1.0,1.0
AL355990.1,0.0,0.0,1.0,1.0
AL133232.1,0.0,0.0,1.0,1.0
AC140912.1,0.0,0.0,1.0,1.0
VWC2L-IT1,0.0,0.0,1.0,1.0
PROK1,0.0,0.0,1.0,1.0
TRBV7-5,0.0,0.0,1.0,1.0
TRBV5-5,0.0,0.0,1.0,1.0
TRBV6-7,0.0,0.0,1.0,1.0
LINC02173,0.0,0.0,1.0,1.0
TRBJ2-4,0.0,0.0,1.0,1.0
TRBJ2-5,0.0,0.0,1.0,1.0
TRBJ2-6,0.0,0.0,1.0,1.0
TRBJ2-7,0.0,0.0,1.0,1.0
TRBV30,0.0,0.0,1.0,1.0
AC093772.2,0.0,0.0,1.0,1.0
TRBJ1-3,0.0,0.0,1.0,1.0
TRBJ1-4,0.0,0.0,1.0,1.0
TRBJ1-5,0.0,0.0,1.0,1.0
TRBV7-2,0.0,0.0,1.0,1.0
TRBJ2-1,0.0,0.0,1.0,1.0
TRBJ2-2,0.0,0.0,1.0,1.0
TRBJ2-2P,0.0,0.0,1.0,1.0
AC098680.1,0.0,0.0,1.0,1.0
AC012507.1,0.0,0.0,1.0,1.0
LINC02379,0.0,0.0,1.0,1.0
AC025265.2,0.0,0.0,1.0,1.0
AC025265.3,0.0,0.0,1.0,1.0
AC063947.1,0.0,0.0,1.0,1.0
AC082650.1,0.0,0.0,1.0,1.0
TRBJ1-6,0.0,0.0,1.0,1.0
AC117505.1,0.0,0.0,1.0,1.0
AC010205.1,0.0,0.0,1.0,1.0
AL160410.1,0.0,0.0,1.0,1.0
AL389889.2,0.0,0.0,1.0,1.0
AC010776.2,0.0,0.0,1.0,1.0
CTAGE8,0.0,0.0,1.0,1.0
AC015977.2,0.0,0.0,1.0,1.0
AC105105.2,0.0,0.0,1.0,1.0
AC104971.3,0.0,0.0,1.0,1.0
TRBJ2-3,0.0,0.0,1.0,1.0
AC093831.1,0.0,0.0,1.0,1.0
TRBV11-3,0.0,0.0,1.0,1.0
TRBV12-3,0.0,0.0,1.0,1.0
TRBV12-4,0.0,0.0,1.0,1.0
TRBV18,0.0,0.0,1.0,1.0
TRBV19,0.0,0.0,1.0,1.0
TRBV20-1,0.0,0.0,1.0,1.0
TRBV21-1,0.0,0.0,1.0,1.0
TRBV7-9,0.0,0.0,1.0,1.0
OR6V1,0.0,0.0,1.0,1.0
LINC01897,0.0,0.0,1.0,1.0
AC108075.1,0.0,0.0,1.0,1.0
AC053545.1,0.0,0.0,1.0,1.0
CRYGD,0.0,0.0,1.0,1.0
TRBV6-6,0.0,0.0,1.0,1.0
TRBV5-2,0.0,0.0,1.0,1.0
TRBV6-4,0.0,0.0,1.0,1.0
TRBV7-3,0.0,0.0,1.0,1.0
TRBV8-2,0.0,0.0,1.0,1.0
TRBV5-3,0.0,0.0,1.0,1.0
AL450468.2,0.0,0.0,1.0,1.0
LMO7DN-IT1,0.0,0.0,1.0,1.0
TRBV10-1,0.0,0.0,1.0,1.0
TRBV11-1,0.0,0.0,1.0,1.0
TRBV4-1,0.0,0.0,1.0,1.0
TRBV5-1,0.0,0.0,1.0,1.0
TRBV6-1,0.0,0.0,1.0,1.0
TRBV7-1,0.0,0.0,1.0,1.0
TRBV4-2,0.0,0.0,1.0,1.0
TRBV6-2,0.0,0.0,1.0,1.0
TRBV16,0.0,0.0,1.0,1.0
TRBV9,0.0,0.0,1.0,1.0
ANKRD60,0.0,0.0,1.0,1.0
AL050327.1,0.0,0.0,1.0,1.0
PCK1,0.0,0.0,1.0,1.0
AC005220.1,0.0,0.0,1.0,1.0
AL133335.2,0.0,0.0,1.0,1.0
AC009163.6,0.0,0.0,1.0,1.0
MT1H,0.0,0.0,1.0,1.0
AC026108.1,0.0,0.0,1.0,1.0
LINC02125,0.0,0.0,1.0,1.0
AC009145.1,0.0,0.0,1.0,1.0
AL450468.1,0.0,0.0,1.0,1.0
CRYGC,0.0,0.0,1.0,1.0
AC007879.2,0.0,0.0,1.0,1.0
AC009159.1,0.0,0.0,1.0,1.0
AC092130.1,0.0,0.0,1.0,1.0
ASCL1,0.0,0.0,1.0,1.0
AC026108.2,0.0,0.0,1.0,1.0
AC096732.1,0.0,0.0,1.0,1.0
TRBV13,0.0,0.0,1.0,1.0
TRBV10-3,0.0,0.0,1.0,1.0
AL592114.3,0.0,0.0,1.0,1.0
AC007557.1,0.0,0.0,1.0,1.0
AC007749.1,0.0,0.0,1.0,1.0
TNR-IT1,0.0,0.0,1.0,1.0
LINC01657,0.0,0.0,1.0,1.0
AL008626.1,0.0,0.0,1.0,1.0
NANOS2,0.0,0.0,1.0,1.0
AC090164.3,0.0,0.0,1.0,1.0
AC138625.1,0.0,0.0,1.0,1.0
AC007563.1,0.0,0.0,1.0,1.0
MC3R,0.0,0.0,1.0,1.0
PDHA2,0.0,0.0,1.0,1.0
AC007557.4,0.0,0.0,1.0,1.0
AL589739.1,0.0,0.0,1.0,1.0
AL590438.1,0.0,0.0,1.0,1.0
AL354743.2,0.0,0.0,1.0,1.0
AL354743.1,0.0,0.0,1.0,1.0
AC242022.2,0.0,0.0,1.0,1.0
AC242022.1,0.0,0.0,1.0,1.0
AC013448.2,0.0,0.0,1.0,1.0
SCG2,0.0,0.0,1.0,1.0
AL512655.1,0.0,0.0,1.0,1.0
LINC02440,0.0,0.0,1.0,1.0
KCND3-IT1,0.0,0.0,1.0,1.0
LINC01217,0.0,0.0,1.0,1.0
LINC01218,0.0,0.0,1.0,1.0
AC069234.4,0.0,0.0,1.0,1.0
AL161945.1,0.0,0.0,1.0,1.0
AL121902.1,0.0,0.0,1.0,1.0
KCNA3,0.0,0.0,1.0,1.0
AC096920.1,0.0,0.0,1.0,1.0
IQCF3,0.0,0.0,1.0,1.0
AC069280.1,0.0,0.0,1.0,1.0
LNCPRESS2,0.0,0.0,1.0,1.0
AC112695.1,0.0,0.0,1.0,1.0
AC090164.4,0.0,0.0,1.0,1.0
OR4F6,0.0,0.0,1.0,1.0
OR4F4,0.0,0.0,1.0,1.0
AC090164.2,0.0,0.0,1.0,1.0
IQCF5-AS1,0.0,0.0,1.0,1.0
IQCF5,0.0,0.0,1.0,1.0
IQCF6,0.0,0.0,1.0,1.0
LUZP6,0.0,0.0,1.0,1.0
PRR20D,0.0,0.0,1.0,1.0
AL139351.2,0.0,0.0,1.0,1.0
AL139351.1,0.0,0.0,1.0,1.0
AL137078.1,0.0,0.0,1.0,1.0
AL357558.2,0.0,0.0,1.0,1.0
AL357558.1,0.0,0.0,1.0,1.0
HCAR2,0.0,0.0,1.0,1.0
HCAR3,0.0,0.0,1.0,1.0
AC003975.1,0.0,0.0,1.0,1.0
CCDC140,0.0,0.0,1.0,1.0
ELN-AS1,0.0,0.0,1.0,1.0
AC011005.1,0.0,0.0,1.0,1.0
AC107067.1,0.0,0.0,1.0,1.0
AC012321.1,0.0,0.0,1.0,1.0
LINC01523,0.0,0.0,1.0,1.0
AL592464.2,0.0,0.0,1.0,1.0
KLF14,0.0,0.0,1.0,1.0
PRDM16-DT,0.0,0.0,1.0,1.0
AL008733.1,0.0,0.0,1.0,1.0
AC012065.1,0.0,0.0,1.0,1.0
AC002057.1,0.0,0.0,1.0,1.0
AC010980.1,0.0,0.0,1.0,1.0
AC093083.1,0.0,0.0,1.0,1.0
AL592464.1,0.0,0.0,1.0,1.0
AL589702.1,0.0,0.0,1.0,1.0
HES5,0.0,0.0,1.0,1.0
AC069209.1,0.0,0.0,1.0,1.0
AC012668.1,0.0,0.0,1.0,1.0
AC122136.1,0.0,0.0,1.0,1.0
AC012462.2,0.0,0.0,1.0,1.0
AL157817.1,0.0,0.0,1.0,1.0
AC016717.2,0.0,0.0,1.0,1.0
AC110800.1,0.0,0.0,1.0,1.0
ATOH1,0.0,0.0,1.0,1.0
AC105445.1,0.0,0.0,1.0,1.0
PIGY,0.0,0.0,1.0,1.0
AC079360.1,0.0,0.0,1.0,1.0
AC069503.3,0.0,0.0,1.0,1.0
TRERNA1,0.0,0.0,1.0,1.0
AC098587.1,0.0,0.0,1.0,1.0
UTP14C,0.0,0.0,1.0,1.0
AC034154.1,0.0,0.0,1.0,1.0
AC073864.1,0.0,0.0,1.0,1.0
AC026765.4,0.0,0.0,1.0,1.0
AC026765.2,0.0,0.0,1.0,1.0
AC009804.2,0.0,0.0,1.0,1.0
AC125603.4,0.0,0.0,1.0,1.0
AC078880.5,0.0,0.0,1.0,1.0
AC078880.2,0.0,0.0,1.0,1.0
AC009803.2,0.0,0.0,1.0,1.0
LINC02459,0.0,0.0,1.0,1.0
AC011518.1,0.0,0.0,1.0,1.0
MAGEA2,0.0,0.0,1.0,1.0
CSAG3,0.0,0.0,1.0,1.0
MAGEA6,0.0,0.0,1.0,1.0
AC004066.2,0.0,0.0,1.0,1.0
ARHGEF38-IT1,0.0,0.0,1.0,1.0
AC004063.1,0.0,0.0,1.0,1.0
AC105460.1,0.0,0.0,1.0,1.0
AC091027.1,0.0,0.0,1.0,1.0
AC091027.3,0.0,0.0,1.0,1.0
LINC01896,0.0,0.0,1.0,1.0
AC244102.1,0.0,0.0,1.0,1.0
TAS2R38,0.0,0.0,1.0,1.0
AC245088.2,0.0,0.0,1.0,1.0
TRBV1,0.0,0.0,1.0,1.0
TRBV2,0.0,0.0,1.0,1.0
AC009410.1,0.0,0.0,1.0,1.0
AC012070.1,0.0,0.0,1.0,1.0
LINC01074,0.0,0.0,1.0,1.0
LINC00459,0.0,0.0,1.0,1.0
LINC00434,0.0,0.0,1.0,1.0
LHX5,0.0,0.0,1.0,1.0
AC078880.1,0.0,0.0,1.0,1.0
AC078880.3,0.0,0.0,1.0,1.0
AC010183.1,0.0,0.0,1.0,1.0
AL450423.1,0.0,0.0,1.0,1.0
AC096734.1,0.0,0.0,1.0,1.0
PPIAL4H,0.0,0.0,1.0,1.0
AC243547.1,0.0,0.0,1.0,1.0
TBX5-AS1,0.0,0.0,1.0,1.0
AC010177.1,0.0,0.0,1.0,1.0
TBX3,0.0,0.0,1.0,1.0
AC008125.1,0.0,0.0,1.0,1.0
AL035420.3,0.0,0.0,1.0,1.0
AC011474.2,0.0,0.0,1.0,1.0
AC008738.6,0.0,0.0,1.0,1.0
AC008738.5,0.0,0.0,1.0,1.0
AC008738.7,0.0,0.0,1.0,1.0
PRR20B,0.0,0.0,1.0,1.0
AL138997.1,0.0,0.0,1.0,1.0
PRR20A,0.0,0.0,1.0,1.0
PRR20C,0.0,0.0,1.0,1.0
GRP,0.0,0.0,1.0,1.0
SCYGR7,0.0,0.0,1.0,1.0
SCYGR8,0.0,0.0,1.0,1.0
AC027281.1,0.0,0.0,1.0,1.0
AL445238.2,0.0,0.0,1.0,1.0
AL445238.1,0.0,0.0,1.0,1.0
SCYGR1,0.0,0.0,1.0,1.0
SCYGR2,0.0,0.0,1.0,1.0
SCYGR3,0.0,0.0,1.0,1.0
AC064853.1,0.0,0.0,1.0,1.0
AC092125.2,0.0,0.0,1.0,1.0
SCYGR6,0.0,0.0,1.0,1.0
RAX,0.0,0.0,1.0,1.0
AC009704.1,0.0,0.0,1.0,1.0
LINC01216,0.0,0.0,1.0,1.0
U82671.1,0.0,0.0,1.0,1.0
AC134978.1,0.0,0.0,1.0,1.0
AC078842.2,0.0,0.0,1.0,1.0
AC107892.1,0.0,0.0,1.0,1.0
AC087399.1,0.0,0.0,1.0,1.0
AC012572.1,0.0,0.0,1.0,1.0
AL121895.2,0.0,0.0,1.0,1.0
AC091027.2,0.0,0.0,1.0,1.0
AC010547.2,0.0,0.0,1.0,1.0
AC011474.3,0.0,0.0,1.0,1.0
AC114501.3,0.0,0.0,1.0,1.0
HSFX1,0.0,0.0,1.0,1.0
MAGEA9,0.0,0.0,1.0,1.0
AC002368.1,0.0,0.0,1.0,1.0
AC231656.1,0.0,0.0,1.0,1.0
AC244102.3,0.0,0.0,1.0,1.0
PPIAL4D,0.0,0.0,1.0,1.0
AC044873.1,0.0,0.0,1.0,1.0
LINC01615,0.0,0.0,1.0,1.0
AL606970.2,0.0,0.0,1.0,1.0
AC015922.3,0.0,0.0,1.0,1.0
AC122129.2,0.0,0.0,1.0,1.0
AP002428.1,0.0,0.0,1.0,1.0
AC005324.1,0.0,0.0,1.0,1.0
AL136099.1,0.0,0.0,1.0,1.0
DCAF4L2,0.0,0.0,1.0,1.0
BX322234.2,0.0,0.0,1.0,1.0
TRGJP,0.0,0.0,1.0,1.0
AL109924.1,0.0,0.0,1.0,1.0
AL109924.2,0.0,0.0,1.0,1.0
AL358393.1,0.0,0.0,1.0,1.0
AL161734.1,0.0,0.0,1.0,1.0
AL590385.1,0.0,0.0,1.0,1.0
FCGR3B,0.0,0.0,1.0,1.0
AL451067.1,0.0,0.0,1.0,1.0
NKG7,0.0,0.0,1.0,1.0
AP005264.4,0.0,0.0,1.0,1.0
AL109924.4,0.0,0.0,1.0,1.0
AL353747.2,0.0,0.0,1.0,1.0
AP001048.1,0.0,0.0,1.0,1.0
H2BFS,0.0,0.0,1.0,1.0
IZUMO1R,0.0,0.0,1.0,1.0
AIRE,0.0,0.0,1.0,1.0
AP001063.1,0.0,0.0,1.0,1.0
AP001056.1,0.0,0.0,1.0,1.0
AL953897.1,0.0,0.0,1.0,1.0
LINC01647,0.0,0.0,1.0,1.0
LINC01385,0.0,0.0,1.0,1.0
AP005901.6,0.0,0.0,1.0,1.0
AL049612.1,0.0,0.0,1.0,1.0
LINC01444,0.0,0.0,1.0,1.0
AP005121.2,0.0,0.0,1.0,1.0
AP005242.5,0.0,0.0,1.0,1.0
AC005324.2,0.0,0.0,1.0,1.0
AC015922.2,0.0,0.0,1.0,1.0
AP003715.1,0.0,0.0,1.0,1.0
AC092625.1,0.0,0.0,1.0,1.0
LINC01332,0.0,0.0,1.0,1.0
TEX13B,0.0,0.0,1.0,1.0
LINC01419,0.0,0.0,1.0,1.0
AC215522.3,0.0,0.0,1.0,1.0
AC093627.6,0.0,0.0,1.0,1.0
AL596442.3,0.0,0.0,1.0,1.0
AL596442.2,0.0,0.0,1.0,1.0
IRS4,0.0,0.0,1.0,1.0
AL035425.1,0.0,0.0,1.0,1.0
AL356364.1,0.0,0.0,1.0,1.0
TGFB2-OT1,0.0,0.0,1.0,1.0
MMP12,0.0,0.0,1.0,1.0
AL355526.2,0.0,0.0,1.0,1.0
AC016240.1,0.0,0.0,1.0,1.0
AC067773.1,0.0,0.0,1.0,1.0
COLCA2,0.0,0.0,1.0,1.0
RIPK3,0.0,0.0,1.0,1.0
AL121796.1,0.0,0.0,1.0,1.0
CTSG,0.0,0.0,1.0,1.0
GZMH,0.0,0.0,1.0,1.0
GZMB,0.0,0.0,1.0,1.0
AL161663.2,0.0,0.0,1.0,1.0
AL355526.1,0.0,0.0,1.0,1.0
AP003973.2,0.0,0.0,1.0,1.0
CARD17,0.0,0.0,1.0,1.0
AP001486.2,0.0,0.0,1.0,1.0
AP000851.2,0.0,0.0,1.0,1.0
MMP27,0.0,0.0,1.0,1.0
MMP8,0.0,0.0,1.0,1.0
LINC02033,0.0,0.0,1.0,1.0
AC093278.2,0.0,0.0,1.0,1.0
AC145141.2,0.0,0.0,1.0,1.0
AC013509.1,0.0,0.0,1.0,1.0
AC140134.2,0.0,0.0,1.0,1.0
AC139834.1,0.0,0.0,1.0,1.0
MMP10,0.0,0.0,1.0,1.0
MMP3,0.0,0.0,1.0,1.0
AP005901.2,0.0,0.0,1.0,1.0
KCNN4,0.0,0.0,1.0,1.0
AC115522.1,0.0,0.0,1.0,1.0
AC005392.2,0.0,0.0,1.0,1.0
AC005224.1,0.0,0.0,1.0,1.0
AC005303.1,0.0,0.0,1.0,1.0
AC145141.1,0.0,0.0,1.0,1.0
AC007952.7,0.0,0.0,1.0,1.0
LINC02746,0.0,0.0,1.0,1.0
TRIM49D2,0.0,0.0,1.0,1.0
TRIM64,0.0,0.0,1.0,1.0
AC105402.4,0.0,0.0,1.0,1.0
AP001120.2,0.0,0.0,1.0,1.0
AP001120.1,0.0,0.0,1.0,1.0
AL590302.1,0.0,0.0,1.0,1.0
AL137005.1,0.0,0.0,1.0,1.0
TFF2,0.0,0.0,1.0,1.0
AL627443.3,0.0,0.0,1.0,1.0
SIGLEC12,0.0,0.0,1.0,1.0
AC104211.3,0.0,0.0,1.0,1.0
AC016885.1,0.0,0.0,1.0,1.0
AC011473.2,0.0,0.0,1.0,1.0
AC018755.5,0.0,0.0,1.0,1.0
AL009178.2,0.0,0.0,1.0,1.0
AL121935.3,0.0,0.0,1.0,1.0
AL353747.3,0.0,0.0,1.0,1.0
AC104574.1,0.0,0.0,1.0,1.0
LINC01820,0.0,0.0,1.0,1.0
AP006295.1,0.0,0.0,1.0,1.0
SPZ1,0.0,0.0,1.0,1.0
KRTAP10-3,0.0,0.0,1.0,1.0
KRTAP10-5,0.0,0.0,1.0,1.0
TRPM2-AS,0.0,0.0,1.0,1.0
LRRC3-DT,0.0,0.0,1.0,1.0
NKX2-2-AS1,0.0,0.0,1.0,1.0
FOXG1,0.0,0.0,1.0,1.0
AL161851.1,0.0,0.0,1.0,1.0
TBXT,0.0,0.0,1.0,1.0
PAX1,0.0,0.0,1.0,1.0
AL109807.1,0.0,0.0,1.0,1.0
AL035258.1,0.0,0.0,1.0,1.0
AC092484.1,0.0,0.0,1.0,1.0
AC079163.1,0.0,0.0,1.0,1.0
LINC02090,0.0,0.0,1.0,1.0
AC104024.2,0.0,0.0,1.0,1.0
AC016682.1,0.0,0.0,1.0,1.0
LINC02711,0.0,0.0,1.0,1.0
LINC02695,0.0,0.0,1.0,1.0
AL161851.2,0.0,0.0,1.0,1.0
AC022695.3,0.0,0.0,1.0,1.0
AC090578.2,0.0,0.0,1.0,1.0
AC090578.3,0.0,0.0,1.0,1.0
AL606970.1,0.0,0.0,1.0,1.0
AL138918.1,0.0,0.0,1.0,1.0
TFF1,0.0,0.0,1.0,1.0
AL163973.3,0.0,0.0,1.0,1.0
NKX1-1,0.0,0.0,1.0,1.0
FRMD1,0.0,0.0,1.0,1.0
AC106712.1,0.0,0.0,1.0,1.0
AL606970.5,0.0,0.0,1.0,1.0
AL606970.4,0.0,0.0,1.0,1.0
AL356123.1,0.0,0.0,1.0,1.0
AP001059.3,0.0,0.0,1.0,1.0
LINC00319,0.0,0.0,1.0,1.0
AC147067.2,0.0,0.0,1.0,1.0
AP001625.3,0.0,0.0,1.0,1.0
AP001625.1,0.0,0.0,1.0,1.0
AP001625.2,0.0,0.0,1.0,1.0
TFF3,0.0,0.0,1.0,1.0
AL611929.1,0.0,0.0,1.0,1.0
FCRLA,0.0,0.0,1.0,1.0
AC020914.1,0.0,0.0,1.0,1.0
AC018755.4,0.0,0.0,1.0,1.0
SIGLEC14,0.0,0.0,1.0,1.0
SPACA6P-AS,0.0,0.0,1.0,1.0
AC008750.1,0.0,0.0,1.0,1.0
TRIM49C,0.0,0.0,1.0,1.0
AP000648.9,0.0,0.0,1.0,1.0
TRIM49,0.0,0.0,1.0,1.0
AC022695.2,0.0,0.0,1.0,1.0
TRIM49D1,0.0,0.0,1.0,1.0
C2CD4B,0.0,0.0,1.0,1.0
NKX2-4,0.0,0.0,1.0,1.0
AL158013.1,0.0,0.0,1.0,1.0
NKX2-2,0.0,0.0,1.0,1.0
AC026774.1,0.0,0.0,1.0,1.0
AP000820.1,0.0,0.0,1.0,1.0
KDM4E,0.0,0.0,1.0,1.0
KDM4F,0.0,0.0,1.0,1.0
AP000943.1,0.0,0.0,1.0,1.0
TRIM64B,0.0,0.0,1.0,1.0
AL121894.1,0.0,0.0,1.0,1.0
AL121894.3,0.0,0.0,1.0,1.0
CST4,0.0,0.0,1.0,1.0
CST11,0.0,0.0,1.0,1.0
AC073316.2,0.0,0.0,1.0,1.0
GRIFIN,0.0,0.0,1.0,1.0
AC074389.2,0.0,0.0,1.0,1.0
AC009446.1,0.0,0.0,1.0,1.0
AL109954.2,0.0,0.0,1.0,1.0
AP005264.3,0.0,0.0,1.0,1.0
THBD,0.0,0.0,1.0,1.0
AC092442.1,0.0,0.0,1.0,1.0
CYTL1,0.0,0.0,1.0,1.0
AC093575.1,0.0,0.0,1.0,1.0
AC133865.1,0.0,0.0,1.0,1.0
AC099786.3,0.0,0.0,1.0,1.0
AC099786.1,0.0,0.0,1.0,1.0
AP004609.1,0.0,0.0,1.0,1.0
LINC00323,0.0,0.0,1.0,1.0
CST8,0.0,0.0,1.0,1.0
AP001434.1,0.0,0.0,1.0,1.0
AC091488.1,0.0,0.0,1.0,1.0
UPP2-IT1,0.0,0.0,1.0,1.0
AC005703.1,0.0,0.0,1.0,1.0
AP001615.1,0.0,0.0,1.0,1.0
BACE2-IT1,0.0,0.0,1.0,1.0
AC003965.2,0.0,0.0,1.0,1.0
OR2C1,0.0,0.0,1.0,1.0
OR1F1,0.0,0.0,1.0,1.0
LINC00261,0.0,0.0,1.0,1.0
AL096677.2,0.0,0.0,1.0,1.0
DSCAM-IT1,0.0,0.0,1.0,1.0
AL049648.1,0.0,0.0,1.0,1.0
AL121721.1,0.0,0.0,1.0,1.0
AP006748.1,0.0,0.0,1.0,1.0
AP006748.2,0.0,0.0,1.0,1.0
LINC00112,0.0,0.0,1.0,1.0
CD93,0.0,0.0,1.0,1.0
LINC00656,0.0,0.0,1.0,1.0
AL118508.1,0.0,0.0,1.0,1.0
AC097359.3,0.0,0.0,1.0,1.0
BHLHE22,0.0,0.0,1.0,1.0
AC104232.2,0.0,0.0,1.0,1.0
AC018953.1,0.0,0.0,1.0,1.0
AC018861.2,0.0,0.0,1.0,1.0
RNF216-IT1,0.0,0.0,1.0,1.0
AGTR2,0.0,0.0,1.0,1.0
AC007009.1,0.0,0.0,1.0,1.0
AC027045.3,0.0,0.0,1.0,1.0
AC002091.2,0.0,0.0,1.0,1.0
AC008852.1,0.0,0.0,1.0,1.0
AC034238.3,0.0,0.0,1.0,1.0
AC008063.2,0.0,0.0,1.0,1.0
AC093620.1,0.0,0.0,1.0,1.0
AC099786.2,0.0,0.0,1.0,1.0
AF064860.2,0.0,0.0,1.0,1.0
AC034238.2,0.0,0.0,1.0,1.0
BLID,0.0,0.0,1.0,1.0
AP000755.1,0.0,0.0,1.0,1.0
GCG,0.0,0.0,1.0,1.0
AC007750.1,0.0,0.0,1.0,1.0
AC008391.1,0.0,0.0,1.0,1.0
ACTBL2,0.0,0.0,1.0,1.0
AC106045.1,0.0,0.0,1.0,1.0
LINC01587,0.0,0.0,1.0,1.0
GPR32,0.0,0.0,1.0,1.0
AP001360.2,0.0,0.0,1.0,1.0
C1QTNF5,0.0,0.0,1.0,1.0
MFRP,0.0,0.0,1.0,1.0
AC106822.1,0.0,0.0,1.0,1.0
AC008743.1,0.0,0.0,1.0,1.0
AC092171.1,0.0,0.0,1.0,1.0
CLDN9,0.0,0.0,1.0,1.0
PRSS22,0.0,0.0,1.0,1.0
AC027449.1,0.0,0.0,1.0,1.0
CTAGE1,0.0,0.0,1.0,1.0
AC009412.1,0.0,0.0,1.0,1.0
AC090136.3,0.0,0.0,1.0,1.0
AC105150.1,0.0,0.0,1.0,1.0
AL603962.1,0.0,0.0,1.0,1.0
PIK3CD-AS1,0.0,0.0,1.0,1.0
AL772284.2,0.0,0.0,1.0,1.0
AC008655.1,0.0,0.0,1.0,1.0
AP003100.3,0.0,0.0,1.0,1.0
AP003100.1,0.0,0.0,1.0,1.0
AC016902.1,0.0,0.0,1.0,1.0
AC010280.2,0.0,0.0,1.0,1.0
AC093627.2,0.0,0.0,1.0,1.0
AC187653.1,0.0,0.0,1.0,1.0
AC188616.1,0.0,0.0,1.0,1.0
ESX1,0.0,0.0,1.0,1.0
TEX13A,0.0,0.0,1.0,1.0
LINC01700,0.0,0.0,1.0,1.0
AL023877.1,0.0,0.0,1.0,1.0
RTL4,0.0,0.0,1.0,1.0
AC012445.1,0.0,0.0,1.0,1.0
AC087672.1,0.0,0.0,1.0,1.0
LINC01906,0.0,0.0,1.0,1.0
MC5R,0.0,0.0,1.0,1.0
AC097517.1,0.0,0.0,1.0,1.0
AC021785.1,0.0,0.0,1.0,1.0
AC147651.1,0.0,0.0,1.0,1.0
CDRT7,0.0,0.0,1.0,1.0
SERPINA7,0.0,0.0,1.0,1.0
AC022809.1,0.0,0.0,1.0,1.0
AP002505.3,0.0,0.0,1.0,1.0
AP005131.2,0.0,0.0,1.0,1.0
LINC02282,0.0,0.0,1.0,1.0
AP002448.1,0.0,0.0,1.0,1.0
AC105271.1,0.0,0.0,1.0,1.0
AL031429.2,0.0,0.0,1.0,1.0
NEGR1-IT1,0.0,0.0,1.0,1.0
AC006037.1,0.0,0.0,1.0,1.0
CLDN25,0.0,0.0,1.0,1.0
UGT1A4,0.0,0.0,1.0,1.0
UGT1A3,0.0,0.0,1.0,1.0
AC024581.1,0.0,0.0,1.0,1.0
FRGCA,0.0,0.0,1.0,1.0
AP001631.1,0.0,0.0,1.0,1.0
CRYAA,0.0,0.0,1.0,1.0
LINC00322,0.0,0.0,1.0,1.0
LINC01679,0.0,0.0,1.0,1.0
MAST4-IT1,0.0,0.0,1.0,1.0
AC010420.1,0.0,0.0,1.0,1.0
AC122134.1,0.0,0.0,1.0,1.0
AC112211.1,0.0,0.0,1.0,1.0
KLK12,0.0,0.0,1.0,1.0
KLK13,0.0,0.0,1.0,1.0
OR5AC2,0.0,0.0,1.0,1.0
OR5H15,0.0,0.0,1.0,1.0
KLK1,0.0,0.0,1.0,1.0
AC013553.3,0.0,0.0,1.0,1.0
LINC00973,0.0,0.0,1.0,1.0
OR5H6,0.0,0.0,1.0,1.0
AP003174.2,0.0,0.0,1.0,1.0
OR5K4,0.0,0.0,1.0,1.0
AC005277.2,0.0,0.0,1.0,1.0
AC015908.4,0.0,0.0,1.0,1.0
AC010359.2,0.0,0.0,1.0,1.0
HTR1A,0.0,0.0,1.0,1.0
C5orf64-AS1,0.0,0.0,1.0,1.0
AC008558.1,0.0,0.0,1.0,1.0
MPZL2,0.0,0.0,1.0,1.0
AP000757.2,0.0,0.0,1.0,1.0
AP001042.3,0.0,0.0,1.0,1.0
OR5H2,0.0,0.0,1.0,1.0
AC005256.1,0.0,0.0,1.0,1.0
AC100823.1,0.0,0.0,1.0,1.0
AC093627.7,0.0,0.0,1.0,1.0
LINC01810,0.0,0.0,1.0,1.0
AC010907.1,0.0,0.0,1.0,1.0
AC140658.2,0.0,0.0,1.0,1.0
AC026470.3,0.0,0.0,1.0,1.0
AP006216.2,0.0,0.0,1.0,1.0
AP006216.3,0.0,0.0,1.0,1.0
AC022730.3,0.0,0.0,1.0,1.0
APOC3,0.0,0.0,1.0,1.0
AP002991.2,0.0,0.0,1.0,1.0
LINC02134,0.0,0.0,1.0,1.0
AC096996.3,0.0,0.0,1.0,1.0
AC096996.2,0.0,0.0,1.0,1.0
AC114814.1,0.0,0.0,1.0,1.0
AC114814.3,0.0,0.0,1.0,1.0
OR5K3,0.0,0.0,1.0,1.0
OR5K2,0.0,0.0,1.0,1.0
AC078906.1,0.0,0.0,1.0,1.0
APOA4,0.0,0.0,1.0,1.0
C2CD4D,0.0,0.0,1.0,1.0
AP000439.3,0.0,0.0,1.0,1.0
LINC02747,0.0,0.0,1.0,1.0
FGF19,0.0,0.0,1.0,1.0
FGF4,0.0,0.0,1.0,1.0
AP003071.1,0.0,0.0,1.0,1.0
AP005233.2,0.0,0.0,1.0,1.0
AL589765.2,0.0,0.0,1.0,1.0
SCP2D1,0.0,0.0,1.0,1.0
KRTAP10-1,0.0,0.0,1.0,1.0
AL049646.3,0.0,0.0,1.0,1.0
AP005233.1,0.0,0.0,1.0,1.0
AP000439.2,0.0,0.0,1.0,1.0
MRGPRD,0.0,0.0,1.0,1.0
RPTN,0.0,0.0,1.0,1.0
LINC01867,0.0,0.0,1.0,1.0
AC139712.3,0.0,0.0,1.0,1.0
AC018685.1,0.0,0.0,1.0,1.0
AC011995.1,0.0,0.0,1.0,1.0
AL136090.1,0.0,0.0,1.0,1.0
AC023490.5,0.0,0.0,1.0,1.0
AL354714.3,0.0,0.0,1.0,1.0
ITLN2,0.0,0.0,1.0,1.0
AC022150.3,0.0,0.0,1.0,1.0
AL078582.1,0.0,0.0,1.0,1.0
AL138733.2,0.0,0.0,1.0,1.0
KRTAP5-7,0.0,0.0,1.0,1.0
AP001471.1,0.0,0.0,1.0,1.0
IGKV1OR22-5,0.0,0.0,1.0,1.0
AL589986.2,0.0,0.0,1.0,1.0
IGKV2OR22-3,0.0,0.0,1.0,1.0
IGKV3OR22-2,0.0,0.0,1.0,1.0
IGKV1OR22-1,0.0,0.0,1.0,1.0
KRTAP5-8,0.0,0.0,1.0,1.0
AP001271.1,0.0,0.0,1.0,1.0
SHANK2-AS2,0.0,0.0,1.0,1.0
ANO1-AS1,0.0,0.0,1.0,1.0
LINC01665,0.0,0.0,1.0,1.0
POTEH-AS1,0.0,0.0,1.0,1.0
MRGPRF-AS1,0.0,0.0,1.0,1.0
IGKV2OR22-4,0.0,0.0,1.0,1.0
AP003071.3,0.0,0.0,1.0,1.0
AP001476.1,0.0,0.0,1.0,1.0
AP001476.3,0.0,0.0,1.0,1.0
AP001476.2,0.0,0.0,1.0,1.0
AC022360.2,0.0,0.0,1.0,1.0
AC027451.1,0.0,0.0,1.0,1.0
TCP11X2,0.0,0.0,1.0,1.0
AL390955.2,0.0,0.0,1.0,1.0
PRAMEF1,0.0,0.0,1.0,1.0
AC093390.2,0.0,0.0,1.0,1.0
PRAMEF11,0.0,0.0,1.0,1.0
LINC02766,0.0,0.0,1.0,1.0
AC099509.2,0.0,0.0,1.0,1.0
AP000428.1,0.0,0.0,1.0,1.0
TMEM200C,0.0,0.0,1.0,1.0
AP001021.2,0.0,0.0,1.0,1.0
AL031773.1,0.0,0.0,1.0,1.0
AP005357.1,0.0,0.0,1.0,1.0
AC009930.1,0.0,0.0,1.0,1.0
AC096644.3,0.0,0.0,1.0,1.0
LINC01784,0.0,0.0,1.0,1.0
AC007952.8,0.0,0.0,1.0,1.0
AC068418.1,0.0,0.0,1.0,1.0
LINC01939,0.0,0.0,1.0,1.0
AC093390.1,0.0,0.0,1.0,1.0
MYT1L-AS1,0.0,0.0,1.0,1.0
AC114808.1,0.0,0.0,1.0,1.0
AC114808.2,0.0,0.0,1.0,1.0
AC108462.1,0.0,0.0,1.0,1.0
AC141930.2,0.0,0.0,1.0,1.0
AP003071.4,0.0,0.0,1.0,1.0
AC064802.1,0.0,0.0,1.0,1.0
NANOGP11,0.0,0.0,1.0,1.0
VIP,0.0,0.0,1.0,1.0
AL356311.1,0.0,0.0,1.0,1.0
AL078582.2,0.0,0.0,1.0,1.0
AC116609.2,0.0,0.0,1.0,1.0
AC116609.1,0.0,0.0,1.0,1.0
AP000547.4,0.0,0.0,1.0,1.0
RPL10L,0.0,0.0,1.0,1.0
AL512358.2,0.0,0.0,1.0,1.0
AC027419.2,0.0,0.0,1.0,1.0
PRAMEF26,0.0,0.0,1.0,1.0
HNRNPCL4,0.0,0.0,1.0,1.0
PRAMEF9,0.0,0.0,1.0,1.0
AC100871.2,0.0,0.0,1.0,1.0
AC026471.5,0.0,0.0,1.0,1.0
OR7A5,0.0,0.0,1.0,1.0
OR7C2,0.0,0.0,1.0,1.0
PABPC5-AS1,0.0,0.0,1.0,1.0
PABPC5,0.0,0.0,1.0,1.0
CCT8L2,0.0,0.0,1.0,1.0
AC138869.2,0.0,0.0,1.0,1.0
TP53TG3C,0.0,0.0,1.0,1.0
AC138869.3,0.0,0.0,1.0,1.0
AC141257.2,0.0,0.0,1.0,1.0
TP53TG3E,0.0,0.0,1.0,1.0
TP53TG3B,0.0,0.0,1.0,1.0
FSCB,0.0,0.0,1.0,1.0
AL121981.1,0.0,0.0,1.0,1.0
AC018767.2,0.0,0.0,1.0,1.0
LINC02152,0.0,0.0,1.0,1.0
PRAMEF25,0.0,0.0,1.0,1.0
OVOL1-AS1,0.0,0.0,1.0,1.0
AP001266.1,0.0,0.0,1.0,1.0
AL162400.3,0.0,0.0,1.0,1.0
AL162400.1,0.0,0.0,1.0,1.0
AC132825.2,0.0,0.0,1.0,1.0
AC069061.2,0.0,0.0,1.0,1.0
AC129926.1,0.0,0.0,1.0,1.0
KCNJ18,0.0,0.0,1.0,1.0
LINC02002,0.0,0.0,1.0,1.0
AC245056.1,0.0,0.0,1.0,1.0
AL513314.1,0.0,0.0,1.0,1.0
AC000067.1,0.0,0.0,1.0,1.0
CPXCR1,0.0,0.0,1.0,1.0
AL121872.1,0.0,0.0,1.0,1.0
TGIF2LX,0.0,0.0,1.0,1.0
ULBP2,0.0,0.0,1.0,1.0
RAET1L,0.0,0.0,1.0,1.0
AL031056.2,0.0,0.0,1.0,1.0
AC100858.4,0.0,0.0,1.0,1.0
HNRNPCL2,0.0,0.0,1.0,1.0
AL359979.2,0.0,0.0,1.0,1.0
AC091917.1,0.0,0.0,1.0,1.0
AC015818.8,0.0,0.0,1.0,1.0
C11orf86,0.0,0.0,1.0,1.0
AL049646.2,0.0,0.0,1.0,1.0
LINC00851,0.0,0.0,1.0,1.0
AC139887.3,0.0,0.0,1.0,1.0
TMEM271,0.0,0.0,1.0,1.0
AC253576.2,0.0,0.0,1.0,1.0
AL139354.1,0.0,0.0,1.0,1.0
AC068228.1,0.0,0.0,1.0,1.0
PTPRCAP,0.0,0.0,1.0,1.0
GPR152,0.0,0.0,1.0,1.0
AC027315.1,0.0,0.0,1.0,1.0
AC078882.1,0.0,0.0,1.0,1.0
AC099520.2,0.0,0.0,1.0,1.0
AL355497.2,0.0,0.0,1.0,1.0
AC008103.1,0.0,0.0,1.0,1.0
FAM230D,0.0,0.0,1.0,1.0
AC011718.1,0.0,0.0,1.0,1.0
AC023490.2,0.0,0.0,1.0,1.0
FAM230F,0.0,0.0,1.0,1.0
AC116035.1,0.0,0.0,1.0,1.0
AC138907.7,0.0,0.0,1.0,1.0
AC138907.1,0.0,0.0,1.0,1.0
TP53TG3,0.0,0.0,1.0,1.0
AC138907.3,0.0,0.0,1.0,1.0
AC137761.1,0.0,0.0,1.0,1.0
IGHV2OR16-5,0.0,0.0,1.0,1.0
LINC02084,0.0,0.0,1.0,1.0
LINC01981,0.0,0.0,1.0,1.0
AC078851.1,0.0,0.0,1.0,1.0
CDRT15L2,0.0,0.0,1.0,1.0
TMEM151A,0.0,0.0,1.0,1.0
AP001107.3,0.0,0.0,1.0,1.0
CST6,0.0,0.0,1.0,1.0
AC091917.2,0.0,0.0,1.0,1.0
SMILR,0.0,0.0,1.0,1.0
RAET1E-AS1,0.0,0.0,1.0,1.0
AC015818.7,0.0,0.0,1.0,1.0
AC092652.3,0.0,0.0,1.0,1.0
AC079584.2,0.0,0.0,1.0,1.0
AC015818.4,0.0,0.0,1.0,1.0
AC016550.2,0.0,0.0,1.0,1.0
AC016550.3,0.0,0.0,1.0,1.0
AC092368.3,0.0,0.0,1.0,1.0
AC023824.5,0.0,0.0,1.0,1.0
AC023824.1,0.0,0.0,1.0,1.0
AC023824.4,0.0,0.0,1.0,1.0
AC018558.6,0.0,0.0,1.0,1.0
AC018558.2,0.0,0.0,1.0,1.0
AC018558.3,0.0,0.0,1.0,1.0
LINC02779,0.0,0.0,1.0,1.0
NPPB,0.0,0.0,1.0,1.0
AP003115.1,0.0,0.0,1.0,1.0
TSPYL5,0.0,0.0,1.0,1.0
AP003117.2,0.0,0.0,1.0,1.0
TCEAL6,0.0,0.0,1.0,1.0
AL035412.1,0.0,0.0,1.0,1.0
AP001978.1,0.0,0.0,1.0,1.0
AL139393.2,0.0,0.0,1.0,1.0
AC113607.1,0.0,0.0,1.0,1.0
AP003465.2,0.0,0.0,1.0,1.0
TP53TG3D,0.0,0.0,1.0,1.0
AP001922.3,0.0,0.0,1.0,1.0
UCA1,0.0,0.0,1.0,1.0
OR10H4,0.0,0.0,1.0,1.0
AC010486.1,0.0,0.0,1.0,1.0
AC010486.2,0.0,0.0,1.0,1.0
AC026782.1,0.0,0.0,1.0,1.0
BX322557.1,0.0,0.0,1.0,1.0
BX322562.1,0.0,0.0,1.0,1.0
LINC02059,0.0,0.0,1.0,1.0
AC016550.1,0.0,0.0,1.0,1.0
AC008525.2,0.0,0.0,1.0,1.0
AC020930.1,0.0,0.0,1.0,1.0
AC008539.1,0.0,0.0,1.0,1.0
AC010486.3,0.0,0.0,1.0,1.0
AC026414.1,0.0,0.0,1.0,1.0
AC133485.2,0.0,0.0,1.0,1.0
AC018558.7,0.0,0.0,1.0,1.0
AC018558.1,0.0,0.0,1.0,1.0
AC092325.1,0.0,0.0,1.0,1.0
AC106785.2,0.0,0.0,1.0,1.0
AC133485.3,0.0,0.0,1.0,1.0
AP005229.2,0.0,0.0,1.0,1.0
AP001180.2,0.0,0.0,1.0,1.0
AP001180.1,0.0,0.0,1.0,1.0
AL358972.1,0.0,0.0,1.0,1.0
AP005137.2,0.0,0.0,1.0,1.0
KRTAP10-2,0.0,0.0,1.0,1.0
AC026782.2,0.0,0.0,1.0,1.0
AC008885.2,0.0,0.0,1.0,1.0
AP000793.1,0.0,0.0,1.0,1.0
GDF6,0.0,0.0,1.0,1.0
KRTAP10-12,0.0,0.0,1.0,1.0
KRTAP10-6,0.0,0.0,1.0,1.0
KRTAP10-7,0.0,0.0,1.0,1.0
LINC01758,0.0,0.0,1.0,1.0
KRTAP10-9,0.0,0.0,1.0,1.0
KRTAP10-10,0.0,0.0,1.0,1.0
KRTAP10-11,0.0,0.0,1.0,1.0
KRTAP12-4,0.0,0.0,1.0,1.0
KRTAP12-3,0.0,0.0,1.0,1.0
AP001066.1,0.0,0.0,1.0,1.0
KRTAP12-1,0.0,0.0,1.0,1.0
AP000424.2,0.0,0.0,1.0,1.0
AP001205.1,0.0,0.0,1.0,1.0
AC016877.3,0.0,0.0,1.0,1.0
H2BFWT,0.0,0.0,1.0,1.0
LINC00273,0.0,0.0,1.0,1.0
FP325313.3,0.0,0.0,1.0,1.0
LINC02184,0.0,0.0,1.0,1.0
AC135776.1,0.0,0.0,1.0,1.0
AC135776.2,0.0,0.0,1.0,1.0
AP001180.4,0.0,0.0,1.0,1.0
AL132982.1,0.0,0.0,1.0,1.0
TP53TG3F,0.0,0.0,1.0,1.0
AC136944.4,0.0,0.0,1.0,1.0
IGHV3OR16-12,0.0,0.0,1.0,1.0
IGHV3OR16-13,0.0,0.0,1.0,1.0
OMP,0.0,0.0,1.0,1.0
IGHV3OR16-11,0.0,0.0,1.0,1.0
IGHV3OR16-7,0.0,0.0,1.0,1.0
AC140658.1,0.0,0.0,1.0,1.0
KRTAP10-8,0.0,0.0,1.0,1.0
AL031121.3,0.0,0.0,1.0,1.0
AP000812.4,0.0,0.0,1.0,1.0
KRTAP5-10,0.0,0.0,1.0,1.0
AP002770.1,0.0,0.0,1.0,1.0
NKX2-1,0.0,0.0,1.0,1.0
NKX2-1-AS1,0.0,0.0,1.0,1.0
NKX2-8,0.0,0.0,1.0,1.0
AL079303.1,0.0,0.0,1.0,1.0
AL133304.1,0.0,0.0,1.0,1.0
AL133304.2,0.0,0.0,1.0,1.0
AP001922.2,0.0,0.0,1.0,1.0
Z70719.1,0.0,0.0,1.0,1.0
TCP11X1,0.0,0.0,1.0,1.0
AL583809.1,0.0,0.0,1.0,1.0
AL161752.1,0.0,0.0,1.0,1.0
AL132639.2,0.0,0.0,1.0,1.0
FOXA1,0.0,0.0,1.0,1.0
AC018767.1,0.0,0.0,1.0,1.0
AC074052.2,0.0,0.0,1.0,1.0
AC117430.1,0.0,0.0,1.0,1.0
DCSTAMP,0.0,0.0,1.0,1.0
AP002761.4,0.0,0.0,1.0,1.0
AC005722.4,0.0,0.0,1.0,1.0
AP007216.1,0.0,0.0,1.0,1.0
AP007216.2,0.0,0.0,1.0,1.0
LINC02584,0.0,0.0,1.0,1.0
AC233702.5,0.0,0.0,1.0,1.0
AC015726.2,0.0,0.0,1.0,1.0
AC106017.2,0.0,0.0,1.0,1.0
AC007952.1,0.0,0.0,1.0,1.0
AC007952.5,0.0,0.0,1.0,1.0
LINC01537,0.0,0.0,1.0,1.0
AC008799.2,0.0,0.0,1.0,1.0
AC099554.1,0.0,0.0,1.0,1.0
AP001972.1,0.0,0.0,1.0,1.0
AP001972.2,0.0,0.0,1.0,1.0
AP001372.3,0.0,0.0,1.0,1.0
AP001085.1,0.0,0.0,1.0,1.0
LRRC32,0.0,0.0,1.0,1.0
AP005019.1,0.0,0.0,1.0,1.0
AC026408.1,0.0,0.0,1.0,1.0
AC136428.1,0.0,0.0,1.0,1.0
AL451081.1,0.0,0.0,1.0,1.0
SYNJ2-IT1,0.0,0.0,1.0,1.0
AC027031.1,0.0,0.0,1.0,1.0
AL162582.1,0.0,0.0,1.0,1.0
AP005899.2,0.0,0.0,1.0,1.0
AC009234.1,0.0,0.0,1.0,1.0
GTF2A1L,0.0,0.0,1.0,1.0
AC011509.1,0.0,0.0,1.0,1.0
LINC01764,0.0,0.0,1.0,1.0
AP001189.5,0.0,0.0,1.0,1.0
AC012213.4,0.0,0.0,1.0,1.0
AP001189.1,0.0,0.0,1.0,1.0
FNDC1-IT1,0.0,0.0,1.0,1.0
LINC00905,0.0,0.0,1.0,1.0
LINC01855,0.0,0.0,1.0,1.0
OR10H2,0.0,0.0,1.0,1.0
OR10H3,0.0,0.0,1.0,1.0
AC004597.1,0.0,0.0,1.0,1.0
AP000785.1,0.0,0.0,1.0,1.0
PRAMEF4,0.0,0.0,1.0,1.0
PRAMEF7,0.0,0.0,1.0,1.0
AP001189.3,0.0,0.0,1.0,1.0
AADACL3,0.0,0.0,1.0,1.0
PRAMEF12,0.0,0.0,1.0,1.0
AC063923.2,0.0,0.0,1.0,1.0
AC126323.3,0.0,0.0,1.0,1.0
AC126323.6,0.0,0.0,1.0,1.0
AC126323.5,0.0,0.0,1.0,1.0
LINC02349,0.0,0.0,1.0,1.0
CU104787.1,0.0,0.0,1.0,1.0
LINC00517,0.0,0.0,1.0,1.0
INSL5,0.0,0.0,1.0,1.0
SSTR1,0.0,0.0,1.0,1.0
CLEC14A,0.0,0.0,1.0,1.0
KLK7,0.0,0.0,1.0,1.0
PRAMEF27,0.0,0.0,1.0,1.0
HNRNPCL3,0.0,0.0,1.0,1.0
OR11H1,0.0,0.0,1.0,1.0
AP000534.1,0.0,0.0,1.0,1.0
AP000532.2,0.0,0.0,1.0,1.0
AP000471.1,0.0,0.0,1.0,1.0
AL589986.1,0.0,0.0,1.0,1.0
AL359233.1,0.0,0.0,1.0,1.0
TAF11L4,0.0,0.0,1.0,1.0
TAF11L5,0.0,0.0,1.0,1.0
TAF11L6,0.0,0.0,1.0,1.0
TAF11L7,0.0,0.0,1.0,1.0
AL133371.1,0.0,0.0,1.0,1.0
RNASE3,0.0,0.0,1.0,1.0
TRAV8-3,0.0,0.0,1.0,1.0
AC007527.2,0.0,0.0,1.0,1.0
GLTPD2,0.0,0.0,1.0,1.0
AC099542.2,0.0,0.0,1.0,1.0
AC087318.1,0.0,0.0,1.0,1.0
AC009336.1,0.0,0.0,1.0,1.0
KRTAP19-1,0.0,0.0,1.0,1.0
KRTAP19-2,0.0,0.0,1.0,1.0
KRTAP19-3,0.0,0.0,1.0,1.0
CAPZA3,0.0,0.0,1.0,1.0
AC092793.1,0.0,0.0,1.0,1.0
AC034229.3,0.0,0.0,1.0,1.0
KRTAP24-1,0.0,0.0,1.0,1.0
AC007671.1,0.0,0.0,1.0,1.0
HOXA9,0.0,0.0,1.0,1.0
HOXA10-AS,0.0,0.0,1.0,1.0
HOXA10,0.0,0.0,1.0,1.0
HOXA11,0.0,0.0,1.0,1.0
HOXA11-AS,0.0,0.0,1.0,1.0
AC124067.3,0.0,0.0,1.0,1.0
AC092818.1,0.0,0.0,1.0,1.0
HOXA1,0.0,0.0,1.0,1.0
HOTAIRM1,0.0,0.0,1.0,1.0
TAF11L3,0.0,0.0,1.0,1.0
HOXA4,0.0,0.0,1.0,1.0
HOXA5,0.0,0.0,1.0,1.0
TRAV13-1,0.0,0.0,1.0,1.0
TRAV12-2,0.0,0.0,1.0,1.0
TRAV8-4,0.0,0.0,1.0,1.0
TRAV8-5,0.0,0.0,1.0,1.0
TRAV13-2,0.0,0.0,1.0,1.0
AC091182.2,0.0,0.0,1.0,1.0
AC124067.1,0.0,0.0,1.0,1.0
AC124067.2,0.0,0.0,1.0,1.0
HOXA2,0.0,0.0,1.0,1.0
DCAF12L2,0.0,0.0,1.0,1.0
AC068672.3,0.0,0.0,1.0,1.0
AC068672.1,0.0,0.0,1.0,1.0
AC090816.1,0.0,0.0,1.0,1.0
NRG1-IT1,0.0,0.0,1.0,1.0
AC090820.2,0.0,0.0,1.0,1.0
AC012123.1,0.0,0.0,1.0,1.0
HOXD9,0.0,0.0,1.0,1.0
HOXD4,0.0,0.0,1.0,1.0
KRTAP25-1,0.0,0.0,1.0,1.0
KRTAP13-1,0.0,0.0,1.0,1.0
KRTAP13-3,0.0,0.0,1.0,1.0
OR1G1,0.0,0.0,1.0,1.0
OR1A2,0.0,0.0,1.0,1.0
OR3A1,0.0,0.0,1.0,1.0
AC016751.1,0.0,0.0,1.0,1.0
HOXD12,0.0,0.0,1.0,1.0
HOXD11,0.0,0.0,1.0,1.0
ZMYND15,0.0,0.0,1.0,1.0
HAGLROS,0.0,0.0,1.0,1.0
KRTAP13-2,0.0,0.0,1.0,1.0
KRTAP26-1,0.0,0.0,1.0,1.0
KRTAP27-1,0.0,0.0,1.0,1.0
KRTAP23-1,0.0,0.0,1.0,1.0
AC007528.1,0.0,0.0,1.0,1.0
KRTAP13-4,0.0,0.0,1.0,1.0
KRTAP15-1,0.0,0.0,1.0,1.0
AC004080.2,0.0,0.0,1.0,1.0
HOXA13,0.0,0.0,1.0,1.0
AC004080.17,0.0,0.0,1.0,1.0
AC068408.1,0.0,0.0,1.0,1.0
EVX1-AS,0.0,0.0,1.0,1.0
KRTAP19-4,0.0,0.0,1.0,1.0
KRTAP19-5,0.0,0.0,1.0,1.0
KRTAP19-6,0.0,0.0,1.0,1.0
AC090371.1,0.0,0.0,1.0,1.0
AC025887.1,0.0,0.0,1.0,1.0
TEX13D,0.0,0.0,1.0,1.0
AL445072.1,0.0,0.0,1.0,1.0
AC090506.1,0.0,0.0,1.0,1.0
AC021382.1,0.0,0.0,1.0,1.0
AC004080.1,0.0,0.0,1.0,1.0
KRTAP22-1,0.0,0.0,1.0,1.0
KRTAP6-1,0.0,0.0,1.0,1.0
KRTAP20-1,0.0,0.0,1.0,1.0
AC091705.1,0.0,0.0,1.0,1.0
AC018706.1,0.0,0.0,1.0,1.0
NPVF,0.0,0.0,1.0,1.0
AC004129.3,0.0,0.0,1.0,1.0
AC003985.1,0.0,0.0,1.0,1.0
AC006026.3,0.0,0.0,1.0,1.0
AC004080.4,0.0,0.0,1.0,1.0
RNASE6,0.0,0.0,1.0,1.0
AC008687.2,0.0,0.0,1.0,1.0
AC008687.3,0.0,0.0,1.0,1.0
AC003087.1,0.0,0.0,1.0,1.0
NPY,0.0,0.0,1.0,1.0
ADRB3,0.0,0.0,1.0,1.0
AC090826.2,0.0,0.0,1.0,1.0
LINC02470,0.0,0.0,1.0,1.0
CD69,0.0,0.0,1.0,1.0
AC010624.2,0.0,0.0,1.0,1.0
EDDM3B,0.0,0.0,1.0,1.0
KRTAP11-1,0.0,0.0,1.0,1.0
CLDN17,0.0,0.0,1.0,1.0
LINC00307,0.0,0.0,1.0,1.0
CLDN8,0.0,0.0,1.0,1.0
HUNK-AS1,0.0,0.0,1.0,1.0
KRTAP19-8,0.0,0.0,1.0,1.0
TAF11L13,0.0,0.0,1.0,1.0
AC091153.4,0.0,0.0,1.0,1.0
KRTAP20-4,0.0,0.0,1.0,1.0
KRTAP6-2,0.0,0.0,1.0,1.0
KRTAP20-3,0.0,0.0,1.0,1.0
KRTAP21-3,0.0,0.0,1.0,1.0
KRTAP21-2,0.0,0.0,1.0,1.0
KRTAP21-1,0.0,0.0,1.0,1.0
KRTAP8-1,0.0,0.0,1.0,1.0
KRTAP7-1,0.0,0.0,1.0,1.0
AC010445.1,0.0,0.0,1.0,1.0
KRTAP19-7,0.0,0.0,1.0,1.0
KRTAP22-2,0.0,0.0,1.0,1.0
KRTAP6-3,0.0,0.0,1.0,1.0
KRTAP20-2,0.0,0.0,1.0,1.0
AC092336.1,0.0,0.0,1.0,1.0
TAS2R1,0.0,0.0,1.0,1.0
AL355922.3,0.0,0.0,1.0,1.0
AL355922.1,0.0,0.0,1.0,1.0
AC027763.2,0.0,0.0,1.0,1.0
TAF11L14,0.0,0.0,1.0,1.0
AC026462.2,0.0,0.0,1.0,1.0
LINC00919,0.0,0.0,1.0,1.0
AC007333.1,0.0,0.0,1.0,1.0
AC023300.1,0.0,0.0,1.0,1.0
AL133371.2,0.0,0.0,1.0,1.0
RNASE1,0.0,0.0,1.0,1.0
AL133371.3,0.0,0.0,1.0,1.0
AC026462.5,0.0,0.0,1.0,1.0
AL161668.4,0.0,0.0,1.0,1.0
AL161668.2,0.0,0.0,1.0,1.0
RNASE13,0.0,0.0,1.0,1.0
RNASE8,0.0,0.0,1.0,1.0
HOXA6,0.0,0.0,1.0,1.0
HOXA7,0.0,0.0,1.0,1.0
LINC01305,0.0,0.0,1.0,1.0
AC068397.2,0.0,0.0,1.0,1.0
AC105265.4,0.0,0.0,1.0,1.0
GOLGA6A,0.0,0.0,1.0,1.0
ISLR,0.0,0.0,1.0,1.0
AC009533.3,0.0,0.0,1.0,1.0
AC009533.4,0.0,0.0,1.0,1.0
TAS2R7,0.0,0.0,1.0,1.0
KLRC4,0.0,0.0,1.0,1.0
AC139497.1,0.0,0.0,1.0,1.0
ROPN1L-AS1,0.0,0.0,1.0,1.0
AC010387.1,0.0,0.0,1.0,1.0
AC078950.1,0.0,0.0,1.0,1.0
AC026790.1,0.0,0.0,1.0,1.0
AC092335.1,0.0,0.0,1.0,1.0
H3.Y,0.0,0.0,1.0,1.0
AC106774.4,0.0,0.0,1.0,1.0
TAF11L2,0.0,0.0,1.0,1.0
AC016737.2,0.0,0.0,1.0,1.0
AC104088.3,0.0,0.0,1.0,1.0
AC022113.1,0.0,0.0,1.0,1.0
AC138854.1,0.0,0.0,1.0,1.0
LINC01774,0.0,0.0,1.0,1.0
AC092810.4,0.0,0.0,1.0,1.0
OR1E2,0.0,0.0,1.0,1.0
AC105133.1,0.0,0.0,1.0,1.0
AL359962.1,0.0,0.0,1.0,1.0
AC107373.3,0.0,0.0,1.0,1.0
AC024958.1,0.0,0.0,1.0,1.0
OR4K15,0.0,0.0,1.0,1.0
OR4K14,0.0,0.0,1.0,1.0
HOXD1,0.0,0.0,1.0,1.0
AC087311.2,0.0,0.0,1.0,1.0
AC121334.3,0.0,0.0,1.0,1.0
LINC02555,0.0,0.0,1.0,1.0
AL512624.2,0.0,0.0,1.0,1.0
AL512310.10,0.0,0.0,1.0,1.0
AL512310.9,0.0,0.0,1.0,1.0
AL512310.2,0.0,0.0,1.0,1.0
OR4Q3,0.0,0.0,1.0,1.0
OR4M1,0.0,0.0,1.0,1.0
AC126768.3,0.0,0.0,1.0,1.0
CGB1,0.0,0.0,1.0,1.0
CGB5,0.0,0.0,1.0,1.0
AC011726.3,0.0,0.0,1.0,1.0
AC023421.1,0.0,0.0,1.0,1.0
DCAF12L1,0.0,0.0,1.0,1.0
PRR32,0.0,0.0,1.0,1.0
CCDC160,0.0,0.0,1.0,1.0
AC106870.2,0.0,0.0,1.0,1.0
AC090386.1,0.0,0.0,1.0,1.0
LINC02769,0.0,0.0,1.0,1.0
SERTAD4-AS1,0.0,0.0,1.0,1.0
SERTAD4,0.0,0.0,1.0,1.0
MIR205HG,0.0,0.0,1.0,1.0
TFDP3,0.0,0.0,1.0,1.0
OR13H1,0.0,0.0,1.0,1.0
GPR119,0.0,0.0,1.0,1.0
CAMTA1-IT1,0.0,0.0,1.0,1.0
AC025773.1,0.0,0.0,1.0,1.0
AC025187.1,0.0,0.0,1.0,1.0
AL023754.2,0.0,0.0,1.0,1.0
OR1D5,0.0,0.0,1.0,1.0
AC116351.2,0.0,0.0,1.0,1.0
AC106772.2,0.0,0.0,1.0,1.0
AP000432.1,0.0,0.0,1.0,1.0
AP000961.1,0.0,0.0,1.0,1.0
AP000474.1,0.0,0.0,1.0,1.0
AP000477.2,0.0,0.0,1.0,1.0
AP000431.1,0.0,0.0,1.0,1.0
PRICKLE2-AS1,0.0,0.0,1.0,1.0
AL022100.2,0.0,0.0,1.0,1.0
OR4K5,0.0,0.0,1.0,1.0
AC007036.3,0.0,0.0,1.0,1.0
AC107373.2,0.0,0.0,1.0,1.0
AC122719.1,0.0,0.0,1.0,1.0
AC122719.2,0.0,0.0,1.0,1.0
AC015468.2,0.0,0.0,1.0,1.0
AC021613.3,0.0,0.0,1.0,1.0
ETDB,0.0,0.0,1.0,1.0
TRGJ2,0.0,0.0,1.0,1.0
TRGJP2,0.0,0.0,1.0,1.0
TRGJ1,0.0,0.0,1.0,1.0
AC018637.1,0.0,0.0,1.0,1.0
OR4K1,0.0,0.0,1.0,1.0
EVX1,0.0,0.0,1.0,1.0
AL929601.2,0.0,0.0,1.0,1.0
AL929601.3,0.0,0.0,1.0,1.0
AL589182.1,0.0,0.0,1.0,1.0
OR11H12,0.0,0.0,1.0,1.0
LINC02297,0.0,0.0,1.0,1.0
AC023158.2,0.0,0.0,1.0,1.0
AC140847.1,0.0,0.0,1.0,1.0
AC023158.1,0.0,0.0,1.0,1.0
AC008083.4,0.0,0.0,1.0,1.0
AC004241.2,0.0,0.0,1.0,1.0
hsa-mir-1253,0.0,0.0,1.0,1.0
AC097652.1,0.0,0.0,1.0,1.0
AP000855.1,0.0,0.0,1.0,1.0
LINC02573,0.0,0.0,1.0,1.0
AL109763.1,0.0,0.0,1.0,1.0
RNASE12,0.0,0.0,1.0,1.0
OR6S1,0.0,0.0,1.0,1.0
AC121334.4,0.0,0.0,1.0,1.0
AC079460.2,0.0,0.0,1.0,1.0
OR4L1,0.0,0.0,1.0,1.0
OR4N5,0.0,0.0,1.0,1.0
AC068408.2,0.0,0.0,1.0,1.0
AC090936.1,0.0,0.0,1.0,1.0
AC104985.1,0.0,0.0,1.0,1.0
AC104985.2,0.0,0.0,1.0,1.0
AL591643.1,0.0,0.0,1.0,1.0
ACTRT1,0.0,0.0,1.0,1.0
SH2D1A,0.0,0.0,1.0,1.0
CGB2,0.0,0.0,1.0,1.0
AL365194.1,0.0,0.0,1.0,1.0
AC104633.2,0.0,0.0,1.0,1.0
AC104445.1,0.0,0.0,1.0,1.0
AC009623.2,0.0,0.0,1.0,1.0
NRG1-IT3,0.0,0.0,1.0,1.0
AC083977.1,0.0,0.0,1.0,1.0
GOLGA6C,0.0,0.0,1.0,1.0
AC104167.1,0.0,0.0,1.0,1.0
AC020655.1,0.0,0.0,1.0,1.0
AC005392.1,0.0,0.0,1.0,1.0
LINC01824,0.0,0.0,1.0,1.0
AC010266.2,0.0,0.0,1.0,1.0
AC010266.1,0.0,0.0,1.0,1.0
AC010451.3,0.0,0.0,1.0,1.0
AC010451.2,0.0,0.0,1.0,1.0
AC019209.2,0.0,0.0,1.0,1.0
AC019209.1,0.0,0.0,1.0,1.0
AC087235.2,0.0,0.0,1.0,1.0
AC122710.2,0.0,0.0,1.0,1.0
OR11H6,0.0,0.0,1.0,1.0
AC007728.3,0.0,0.0,1.0,1.0
EDDM3A,0.0,0.0,1.0,1.0
RNASE9,0.0,0.0,1.0,1.0
SEMA5A-AS1,0.0,0.0,1.0,1.0
AC027335.1,0.0,0.0,1.0,1.0
AC091965.1,0.0,0.0,1.0,1.0
AC091965.4,0.0,0.0,1.0,1.0
UGT1A10,0.0,0.0,1.0,1.0
UGT1A9,0.0,0.0,1.0,1.0
UGT1A6,0.0,0.0,1.0,1.0
UGT1A5,0.0,0.0,1.0,1.0
AC091932.1,0.0,0.0,1.0,1.0
AC016595.1,0.0,0.0,1.0,1.0
AC026719.1,0.0,0.0,1.0,1.0
AC026415.1,0.0,0.0,1.0,1.0
AC091891.1,0.0,0.0,1.0,1.0
C5orf38,0.0,0.0,1.0,1.0
AC094105.1,0.0,0.0,1.0,1.0
AP001595.1,0.0,0.0,1.0,1.0
AC055720.2,0.0,0.0,1.0,1.0
AC078776.1,0.0,0.0,1.0,1.0
AC027343.1,0.0,0.0,1.0,1.0
LINC02114,0.0,0.0,1.0,1.0
AC091832.1,0.0,0.0,1.0,1.0
LINC01017,0.0,0.0,1.0,1.0
AC087498.1,0.0,0.0,1.0,1.0
OR1E1,0.0,0.0,1.0,1.0
AP001596.2,0.0,0.0,1.0,1.0
AP001595.2,0.0,0.0,1.0,1.0
AC021517.1,0.0,0.0,1.0,1.0
AC021517.2,0.0,0.0,1.0,1.0
CGB3,0.0,0.0,1.0,1.0
AC022081.1,0.0,0.0,1.0,1.0
AC027348.1,0.0,0.0,1.0,1.0
AC044798.1,0.0,0.0,1.0,1.0
AC044798.2,0.0,0.0,1.0,1.0
AC007861.2,0.0,0.0,1.0,1.0
AC245748.3,0.0,0.0,1.0,1.0
AC067968.2,0.0,0.0,1.0,1.0
AC026736.1,0.0,0.0,1.0,1.0
LINC02179,0.0,0.0,1.0,1.0
AC122710.1,0.0,0.0,1.0,1.0
IRX1,0.0,0.0,1.0,1.0
AC091889.1,0.0,0.0,1.0,1.0
AC091951.4,0.0,0.0,1.0,1.0
AC027343.3,0.0,0.0,1.0,1.0
LINC02123,0.0,0.0,1.0,1.0
AC025183.3,0.0,0.0,1.0,1.0
LINC02116,0.0,0.0,1.0,1.0
AC025183.1,0.0,0.0,1.0,1.0
AC025183.2,0.0,0.0,1.0,1.0
LINC01696,0.0,0.0,1.0,1.0
GDF1,0.0,0.0,1.0,1.0
AC025756.1,0.0,0.0,1.0,1.0
USP17L30,0.0,0.0,1.0,1.0
DEFB131A,0.0,0.0,1.0,1.0
DRD5,0.0,0.0,1.0,1.0
TRAV40,0.0,0.0,1.0,1.0
SPATA19,0.0,0.0,1.0,1.0
AP000697.1,0.0,0.0,1.0,1.0
LINC01395,0.0,0.0,1.0,1.0
ETS1-AS1,0.0,0.0,1.0,1.0
SENCR,0.0,0.0,1.0,1.0
TAF11L12,0.0,0.0,1.0,1.0
AP001999.2,0.0,0.0,1.0,1.0
OPCML-IT2,0.0,0.0,1.0,1.0
OPCML-IT1,0.0,0.0,1.0,1.0
AP002856.1,0.0,0.0,1.0,1.0
AC006205.2,0.0,0.0,1.0,1.0
AC006205.1,0.0,0.0,1.0,1.0
AC007406.4,0.0,0.0,1.0,1.0
AC007406.2,0.0,0.0,1.0,1.0
AC133040.1,0.0,0.0,1.0,1.0
AC005674.1,0.0,0.0,1.0,1.0
KIRREL3-AS2,0.0,0.0,1.0,1.0
AC093525.5,0.0,0.0,1.0,1.0
XIRP1,0.0,0.0,1.0,1.0
AC092053.6,0.0,0.0,1.0,1.0
AC092053.5,0.0,0.0,1.0,1.0
AC092053.2,0.0,0.0,1.0,1.0
AP003486.2,0.0,0.0,1.0,1.0
FAM243A,0.0,0.0,1.0,1.0
AP002833.2,0.0,0.0,1.0,1.0
USP17L29,0.0,0.0,1.0,1.0
AP000821.1,0.0,0.0,1.0,1.0
AC022441.1,0.0,0.0,1.0,1.0
AC209005.1,0.0,0.0,1.0,1.0
AC006458.1,0.0,0.0,1.0,1.0
SMIM34A,0.0,0.0,1.0,1.0
KCNJ6-AS1,0.0,0.0,1.0,1.0
AP000696.2,0.0,0.0,1.0,1.0
AC084048.1,0.0,0.0,1.0,1.0
LINC02498,0.0,0.0,1.0,1.0
USP17L28,0.0,0.0,1.0,1.0
KIRREL3-AS3,0.0,0.0,1.0,1.0
TRDV3,0.0,0.0,1.0,1.0
TRAJ61,0.0,0.0,1.0,1.0
TRAJ60,0.0,0.0,1.0,1.0
TRAJ59,0.0,0.0,1.0,1.0
AC007556.1,0.0,0.0,1.0,1.0
AC011303.1,0.0,0.0,1.0,1.0
TRAV41,0.0,0.0,1.0,1.0
AC244502.3,0.0,0.0,1.0,1.0
TRDV2,0.0,0.0,1.0,1.0
AC022915.1,0.0,0.0,1.0,1.0
TRDD2,0.0,0.0,1.0,1.0
TRDD3,0.0,0.0,1.0,1.0
TRDJ1,0.0,0.0,1.0,1.0
TRDJ4,0.0,0.0,1.0,1.0
USP17L24,0.0,0.0,1.0,1.0
USP17L25,0.0,0.0,1.0,1.0
MFSD6L,0.0,0.0,1.0,1.0
KCNA1,0.0,0.0,1.0,1.0
AC006063.2,0.0,0.0,1.0,1.0
AC005906.3,0.0,0.0,1.0,1.0
TRDD1,0.0,0.0,1.0,1.0
AC022915.3,0.0,0.0,1.0,1.0
AC026904.1,0.0,0.0,1.0,1.0
SOX17,0.0,0.0,1.0,1.0
AC022679.1,0.0,0.0,1.0,1.0
AC026369.2,0.0,0.0,1.0,1.0
AP001999.1,0.0,0.0,1.0,1.0
AC003986.1,0.0,0.0,1.0,1.0
FERD3L,0.0,0.0,1.0,1.0
PRPS1L1,0.0,0.0,1.0,1.0
TRDJ3,0.0,0.0,1.0,1.0
CT47A8,0.0,0.0,1.0,1.0
CT47A7,0.0,0.0,1.0,1.0
CT47A6,0.0,0.0,1.0,1.0
AC009495.2,0.0,0.0,1.0,1.0
AC090539.1,0.0,0.0,1.0,1.0
AC044893.2,0.0,0.0,1.0,1.0
AC090155.1,0.0,0.0,1.0,1.0
AC113145.1,0.0,0.0,1.0,1.0
AC003986.3,0.0,0.0,1.0,1.0
TRDJ2,0.0,0.0,1.0,1.0
AC005550.1,0.0,0.0,1.0,1.0
LINC00237,0.0,0.0,1.0,1.0
AL121759.2,0.0,0.0,1.0,1.0
LINC02332,0.0,0.0,1.0,1.0
OR8B3,0.0,0.0,1.0,1.0
AP001804.1,0.0,0.0,1.0,1.0
OR6T1,0.0,0.0,1.0,1.0
OR10S1,0.0,0.0,1.0,1.0
OR10G6,0.0,0.0,1.0,1.0
CPZ,0.0,0.0,1.0,1.0
AC008737.3,0.0,0.0,1.0,1.0
USP17L17,0.0,0.0,1.0,1.0
AC010478.1,0.0,0.0,1.0,1.0
OR10G9,0.0,0.0,1.0,1.0
OR6X1,0.0,0.0,1.0,1.0
OR4D5,0.0,0.0,1.0,1.0
AC112198.3,0.0,0.0,1.0,1.0
GZMK,0.0,0.0,1.0,1.0
OR8D2,0.0,0.0,1.0,1.0
OR8B2,0.0,0.0,1.0,1.0
AP002833.1,0.0,0.0,1.0,1.0
USP17L15,0.0,0.0,1.0,1.0
AC092819.1,0.0,0.0,1.0,1.0
AC092819.2,0.0,0.0,1.0,1.0
SALRNA3,0.0,0.0,1.0,1.0
AC132660.2,0.0,0.0,1.0,1.0
AC019064.1,0.0,0.0,1.0,1.0
LINC01318,0.0,0.0,1.0,1.0
AF064858.2,0.0,0.0,1.0,1.0
AP001042.2,0.0,0.0,1.0,1.0
AP001924.2,0.0,0.0,1.0,1.0
AL133465.1,0.0,0.0,1.0,1.0
OR8B12,0.0,0.0,1.0,1.0
OR10D3,0.0,0.0,1.0,1.0
AC100827.3,0.0,0.0,1.0,1.0
AL135999.3,0.0,0.0,1.0,1.0
CMTM5,0.0,0.0,1.0,1.0
AL132855.1,0.0,0.0,1.0,1.0
AC097381.3,0.0,0.0,1.0,1.0
AC097381.2,0.0,0.0,1.0,1.0
DANT1,0.0,0.0,1.0,1.0
PSMB11,0.0,0.0,1.0,1.0
OR8B4,0.0,0.0,1.0,1.0
USP17L12,0.0,0.0,1.0,1.0
USP17L13,0.0,0.0,1.0,1.0
AC135178.5,0.0,0.0,1.0,1.0
AL450990.1,0.0,0.0,1.0,1.0
AC104333.4,0.0,0.0,1.0,1.0
USP17L18,0.0,0.0,1.0,1.0
USP17L19,0.0,0.0,1.0,1.0
USP17L20,0.0,0.0,1.0,1.0
TRAJ18,0.0,0.0,1.0,1.0
AC135178.2,0.0,0.0,1.0,1.0
USP17L5,0.0,0.0,1.0,1.0
USP17L27,0.0,0.0,1.0,1.0
USP17L11,0.0,0.0,1.0,1.0
AC116038.1,0.0,0.0,1.0,1.0
AC117462.1,0.0,0.0,1.0,1.0
AC090826.1,0.0,0.0,1.0,1.0
PRSS33,0.0,0.0,1.0,1.0
AC022034.4,0.0,0.0,1.0,1.0
NPBWR1,0.0,0.0,1.0,1.0
AC116612.1,0.0,0.0,1.0,1.0
USP17L26,0.0,0.0,1.0,1.0
AC008808.2,0.0,0.0,1.0,1.0
LINC02106,0.0,0.0,1.0,1.0
AC008808.1,0.0,0.0,1.0,1.0
AC026583.1,0.0,0.0,1.0,1.0
AC048383.1,0.0,0.0,1.0,1.0
LINC02205,0.0,0.0,1.0,1.0
AC012588.1,0.0,0.0,1.0,1.0
PCAT18,0.0,0.0,1.0,1.0
AC018371.1,0.0,0.0,1.0,1.0
AC068075.1,0.0,0.0,1.0,1.0
AC005281.1,0.0,0.0,1.0,1.0
AC011891.2,0.0,0.0,1.0,1.0
AC004160.2,0.0,0.0,1.0,1.0
AC013644.1,0.0,0.0,1.0,1.0
AC090200.1,0.0,0.0,1.0,1.0
MOS,0.0,0.0,1.0,1.0
AC023866.1,0.0,0.0,1.0,1.0
LINC02155,0.0,0.0,1.0,1.0
AC104350.1,0.0,0.0,1.0,1.0
LINC00588,0.0,0.0,1.0,1.0
AC104961.1,0.0,0.0,1.0,1.0
AC026954.3,0.0,0.0,1.0,1.0
AC093904.2,0.0,0.0,1.0,1.0
AC092580.4,0.0,0.0,1.0,1.0
AC092580.2,0.0,0.0,1.0,1.0
AC004130.2,0.0,0.0,1.0,1.0
SP8,0.0,0.0,1.0,1.0
AC004543.1,0.0,0.0,1.0,1.0
AC012417.1,0.0,0.0,1.0,1.0
AC096970.1,0.0,0.0,1.0,1.0
AL606519.1,0.0,0.0,1.0,1.0
AC022447.5,0.0,0.0,1.0,1.0
AC007463.2,0.0,0.0,1.0,1.0
U91324.1,0.0,0.0,1.0,1.0
KISS1R,0.0,0.0,1.0,1.0
TRAV14DV4,0.0,0.0,1.0,1.0
TRAV9-2,0.0,0.0,1.0,1.0
TRAV6,0.0,0.0,1.0,1.0
AC022447.3,0.0,0.0,1.0,1.0
AC022447.1,0.0,0.0,1.0,1.0
AC022447.6,0.0,0.0,1.0,1.0
AC022447.2,0.0,0.0,1.0,1.0
TRAV8-1,0.0,0.0,1.0,1.0
TMEM102,0.0,0.0,1.0,1.0
AC113189.1,0.0,0.0,1.0,1.0
TRAJ53,0.0,0.0,1.0,1.0
TRAJ52,0.0,0.0,1.0,1.0
DLX2,0.0,0.0,1.0,1.0
DLX2-DT,0.0,0.0,1.0,1.0
AC007405.2,0.0,0.0,1.0,1.0
TMEM95,0.0,0.0,1.0,1.0
RXFP3,0.0,0.0,1.0,1.0
AC104169.1,0.0,0.0,1.0,1.0
SPEM1,0.0,0.0,1.0,1.0
SPEM2,0.0,0.0,1.0,1.0
SPEM3,0.0,0.0,1.0,1.0
AC016868.1,0.0,0.0,1.0,1.0
AC007991.4,0.0,0.0,1.0,1.0
OLIG1,0.0,0.0,1.0,1.0
AP000289.1,0.0,0.0,1.0,1.0
LINC01690,0.0,0.0,1.0,1.0
AC034223.2,0.0,0.0,1.0,1.0
SLC16A11,0.0,0.0,1.0,1.0
TRAV1-1,0.0,0.0,1.0,1.0
OR10G2,0.0,0.0,1.0,1.0
LINC02103,0.0,0.0,1.0,1.0
AC106754.1,0.0,0.0,1.0,1.0
AC004706.1,0.0,0.0,1.0,1.0
AC055872.2,0.0,0.0,1.0,1.0
AC055839.2,0.0,0.0,1.0,1.0
AC135726.1,0.0,0.0,1.0,1.0
AC008737.1,0.0,0.0,1.0,1.0
AC026433.1,0.0,0.0,1.0,1.0
AC073072.1,0.0,0.0,1.0,1.0
AC005083.1,0.0,0.0,1.0,1.0
AC092803.4,0.0,0.0,1.0,1.0
AL590648.2,0.0,0.0,1.0,1.0
AC118754.1,0.0,0.0,1.0,1.0
AC106744.2,0.0,0.0,1.0,1.0
TAF11L8,0.0,0.0,1.0,1.0
TAF11L9,0.0,0.0,1.0,1.0
TAF11L10,0.0,0.0,1.0,1.0
TAF11L11,0.0,0.0,1.0,1.0
AC002480.1,0.0,0.0,1.0,1.0
TRAV9-1,0.0,0.0,1.0,1.0
TRAV10,0.0,0.0,1.0,1.0
TRAV11,0.0,0.0,1.0,1.0
TRAV12-1,0.0,0.0,1.0,1.0
TRAV8-2,0.0,0.0,1.0,1.0
TRAV1-2,0.0,0.0,1.0,1.0
A2ML1-AS2,0.0,0.0,1.0,1.0
TRAV26-2,0.0,0.0,1.0,1.0
TRAV35,0.0,0.0,1.0,1.0
CLEC4E,0.0,0.0,1.0,1.0
TRAV37,0.0,0.0,1.0,1.0
TRAV38-1,0.0,0.0,1.0,1.0
AC091893.2,0.0,0.0,1.0,1.0
LINC02239,0.0,0.0,1.0,1.0
AC106821.1,0.0,0.0,1.0,1.0
TRAV38-2DV8,0.0,0.0,1.0,1.0
TRAV39,0.0,0.0,1.0,1.0
TRAV27,0.0,0.0,1.0,1.0
TRAV28,0.0,0.0,1.0,1.0
TRAV29DV5,0.0,0.0,1.0,1.0
TRAV36DV7,0.0,0.0,1.0,1.0
CT47A9,0.0,0.0,1.0,1.0
TRAV8-7,0.0,0.0,1.0,1.0
TRAV15,0.0,0.0,1.0,1.0
TRAV12-3,0.0,0.0,1.0,1.0
TRAV8-6,0.0,0.0,1.0,1.0
TRAV16,0.0,0.0,1.0,1.0
TRAV17,0.0,0.0,1.0,1.0
TRAV18,0.0,0.0,1.0,1.0
TRAV32,0.0,0.0,1.0,1.0
TRAV7,0.0,0.0,1.0,1.0
TRAV19,0.0,0.0,1.0,1.0
TRAV20,0.0,0.0,1.0,1.0
TRAJ50,0.0,0.0,1.0,1.0
TRAJ58,0.0,0.0,1.0,1.0
TRAJ57,0.0,0.0,1.0,1.0
TRAJ56,0.0,0.0,1.0,1.0
TRAV26-1,0.0,0.0,1.0,1.0
CACNA1C-IT2,0.0,0.0,1.0,1.0
LINC02104,0.0,0.0,1.0,1.0
AC008945.1,0.0,0.0,1.0,1.0
AC114977.2,0.0,0.0,1.0,1.0
AC093154.1,0.0,0.0,1.0,1.0
LINC02697,0.0,0.0,1.0,1.0
LINC02717,0.0,0.0,1.0,1.0
AC108199.1,0.0,0.0,1.0,1.0
USP17L21,0.0,0.0,1.0,1.0
USP17L22,0.0,0.0,1.0,1.0
USP17L23,0.0,0.0,1.0,1.0
AL353651.2,0.0,0.0,1.0,1.0
AF015262.1,0.0,0.0,1.0,1.0
CT47A10,0.0,0.0,1.0,1.0
AC025171.5,0.0,0.0,1.0,1.0
AL138799.2,0.0,0.0,1.0,1.0
AL353651.1,0.0,0.0,1.0,1.0
AC098657.2,0.0,0.0,1.0,1.0
CT47A1,0.0,0.0,1.0,1.0
GLUD2,0.0,0.0,1.0,1.0
AC006144.2,0.0,0.0,1.0,1.0
AC008162.2,0.0,0.0,1.0,1.0
CT47A12,0.0,0.0,1.0,1.0
CT47A11,0.0,0.0,1.0,1.0
AF015720.1,0.0,0.0,1.0,1.0
AC025754.1,0.0,0.0,1.0,1.0
AC125494.3,0.0,0.0,1.0,1.0
TRAV30,0.0,0.0,1.0,1.0
TRAV31,0.0,0.0,1.0,1.0
CT83,0.0,0.0,1.0,1.0
BX119904.2,0.0,0.0,1.0,1.0
CT47A5,0.0,0.0,1.0,1.0
CT47A4,0.0,0.0,1.0,1.0
TRAV33,0.0,0.0,1.0,1.0
KCNA6,0.0,0.0,1.0,1.0
TRAV22,0.0,0.0,1.0,1.0
TRAV23DV6,0.0,0.0,1.0,1.0
TRDV1,0.0,0.0,1.0,1.0
TRAV24,0.0,0.0,1.0,1.0
TRAV25,0.0,0.0,1.0,1.0
OR4E1,0.0,0.0,1.0,1.0
TRAV2,0.0,0.0,1.0,1.0
TRAV3,0.0,0.0,1.0,1.0
TRAV4,0.0,0.0,1.0,1.0
TRAV5,0.0,0.0,1.0,1.0
TRAV21,0.0,0.0,1.0,1.0
AC006063.1,0.0,0.0,1.0,1.0
AC010425.1,0.0,0.0,1.0,1.0
LINC02110,0.0,0.0,1.0,1.0
AC005908.3,0.0,0.0,1.0,1.0
AC084375.1,0.0,0.0,1.0,1.0
AC005908.2,0.0,0.0,1.0,1.0
TCIM,0.0,0.0,1.0,1.0
AC007991.2,0.0,0.0,1.0,1.0
AC021451.2,0.0,0.0,1.0,1.0
AC087518.1,0.0,0.0,1.0,1.0
AC091163.1,0.0,0.0,1.0,1.0
AC048387.1,0.0,0.0,1.0,1.0
AC104393.1,0.0,0.0,1.0,1.0
CT47A3,0.0,0.0,1.0,1.0
CT47A2,0.0,0.0,1.0,1.0
AC120036.4,0.0,0.0,1.0,1.0
IGLV8OR8-1,0.0,0.0,1.0,1.0
AC027702.1,0.0,0.0,1.0,1.0
AC103724.3,0.0,0.0,1.0,1.0
AC010082.1,0.0,0.0,1.0,1.0
AC021451.3,0.0,0.0,1.0,1.0
RUNDC3A-AS1,-1.8644276e-05,0.27670154,0.9999851240208257,1.0
AC012085.2,-1.8644276e-05,-0.024572456,0.9999851240208257,1.0
AC012355.1,-3.3559696e-05,1.0912117,0.9999732232374897,1.0
ALDOC,-3.728855e-05,0.40892503,0.9999702480416566,1.0
ACAN,-4.1017403e-05,0.9940505,0.9999672728458238,1.0
MFAP5,-4.1017403e-05,1.079211,0.9999672728458238,1.0
LINC02265,-4.474626e-05,0.3136824,0.9999642976499915,1.0
RTN4R,-4.8475114e-05,0.7376193,0.9999613224541597,1.0
LINC00943,-4.8475114e-05,0.7009759,0.9999613224541597,1.0
ESPN,-4.8475114e-05,0.88845634,0.9999613224541597,1.0
AC021483.2,-6.339054e-05,0.45516136,0.9999494216708382,1.0
LINC02023,-6.339054e-05,0.5108615,0.9999494216708382,1.0
C20orf197,-6.339054e-05,0.5734428,0.9999494216708382,1.0
AC018781.1,-7.084825e-05,0.58589494,0.9999434712791816,1.0
LINC01675,-7.084825e-05,0.66048616,0.9999434712791816,1.0
AC022596.1,-7.084825e-05,0.72723716,0.9999434712791816,1.0
AC104653.1,-7.45771e-05,0.60152423,0.9999404960833544,1.0
AP000894.4,-7.830596e-05,0.45464873,0.9999375208875281,1.0
AC008663.2,-9.322137e-05,0.3356028,0.9999256201042318,1.0
BFSP2,-9.322137e-05,0.39214718,0.9999256201042318,1.0
SELP,-9.322137e-05,0.47385457,0.9999256201042318,1.0
CYYR1-AS1,-9.322137e-05,0.24353318,0.9999256201042318,1.0
AC110014.1,-0.000100679084,0.19440626,0.9999196697125897,1.0
JHY,-0.000100679084,0.3357156,0.9999196697125897,1.0
AL604028.1,-0.000100679084,0.017552298,0.9999196697125897,1.0
LOH12CR2,-0.000100679084,0.3319705,0.9999196697125897,1.0
MBLAC1,-0.000108136795,0.10983248,0.9999137193209521,1.0
AC073389.3,-0.000108136795,0.0706917,0.9999137193209521,1.0
CHRM3-AS1,-0.000108136795,-0.053247973,0.9999137193209521,1.0
IGSF10,-0.00011186565,0.7726855,0.999910744125135,1.0
LINC02228,-0.00012305222,-0.038041122,0.9999018185376916,1.0
AL592424.1,-0.00012305222,0.025313158,0.9999018185376916,1.0
AC022034.3,-0.00012305222,0.062555596,0.9999018185376916,1.0
AL022345.4,-0.00013050993,-0.4839441,0.9998958681460693,1.0
LOXHD1,-0.00013050993,-0.22651303,0.9998958681460693,1.0
ASB17,-0.00013050993,-0.4371771,0.9998958681460693,1.0
AL035603.1,-0.00013050993,-0.0928723,0.9998958681460693,1.0
AL451140.1,-0.00013050993,-0.26270926,0.9998958681460693,1.0
PRMT8,-0.00013423878,0.31508213,0.9998928929502604,1.0
ANGPTL5,-0.00013796764,-0.27123126,0.9998899177544529,1.0
ZNF32-AS1,-0.00013796764,-0.15771763,0.9998899177544529,1.0
ADAMTS10,-0.00013796764,-0.16549252,0.9998899177544529,1.0
LMO3,-0.00013796764,-0.30780476,0.9998899177544529,1.0
AC034206.1,-0.00014542535,-0.43691137,0.9998839673628426,1.0
ARL11,-0.00014542535,-0.74493456,0.9998839673628426,1.0
OLFML3,-0.00015661192,0.37192038,0.9998750417754393,1.0
RHEX,-0.00016034076,-0.6804544,0.9998720665796416,1.0
AL139384.2,-0.00016779847,-0.28057966,0.9998661161880517,1.0
SAMD7,-0.00016779847,-0.3186588,0.9998661161880517,1.0
AC016687.3,-0.00017525618,-1.1133318,0.9998601657964691,1.0
AC027307.2,-0.00017525618,-1.3870305,0.9998601657964691,1.0
HMOX1,-0.00017525618,-0.911282,0.9998601657964691,1.0
LINC02645,-0.00017525618,-0.7559498,0.9998601657964691,1.0
AC015802.5,-0.00017898504,0.10257117,0.9998571906006808,1.0
CLDN10-AS1,-0.0001901716,-1.8082047,0.9998482650133277,1.0
AC127537.1,-0.0001901716,-1.8811206,0.9998482650133277,1.0
AL117353.1,-0.0001901716,-1.566656,0.9998482650133277,1.0
AC004466.1,-0.00019762931,-2.3101115,0.9998423146217695,1.0
AC093864.1,-0.00019762931,0.22304685,0.9998423146217695,1.0
MPZL3,-0.00020135817,-0.94329727,0.9998393394259937,1.0
AC007656.2,-0.00021254474,-2.1911356,0.9998304138386798,1.0
AC007686.3,-0.00021254474,-1.9773941,0.9998304138386798,1.0
AC084759.2,-0.00021254474,-2.1674156,0.9998304138386798,1.0
UBFD1,-0.00022000245,-0.04806143,0.9998244634471489,1.0
AC130324.3,-0.00022000245,0.077341005,0.9998244634471489,1.0
AP001528.1,-0.0002237313,-0.034399696,0.9998214882513871,1.0
PCDHGA9,-0.00023864672,0.011806052,0.9998095874683651,1.0
LINC01678,-0.00024610444,-0.100573555,0.9998036370768698,1.0
ARHGAP29-AS1,-0.00027593528,-0.15769215,0.9997798355110012,1.0
AC068733.3,-0.00027593528,-0.17817643,0.9997798355110012,1.0
LINC02137,-0.00028712183,0.1313289,0.9997709099238499,1.0
BNIPL,-0.00030576612,-0.38218394,0.9997560339453285,1.0
AL662907.3,-0.00031322383,0.15233314,0.9997500835539435,1.0
AL133475.1,-0.00032068152,-0.36605802,0.9997441331625723,1.0
ZNF517,-0.00036169894,0.13579884,0.9997114060102941,1.0
FRG1-DT,-0.0003728855,-0.15919252,0.999702480423391,1.0
AC134407.1,-0.00038407207,-0.1253345,0.9996935548365252,1.0
AC012470.1,-0.0003915298,-0.10469751,0.9996876044453027,1.0
RDH12,-0.00041390292,-0.12733063,0.9996697532717403,1.0
AC078845.1,-0.0004213606,-0.15376315,0.9996638028805892,1.0
HPR,-0.00046983574,0.11660881,0.9996251253385774,1.0
TAB3-AS2,-0.00046983574,-0.9653038,0.9996251253385774,1.0
TGFB1I1,-0.0005071243,-1.3601093,0.9995953733837784,1.0
GRB10,-0.000514582,0.002840521,0.9995894229928848,1.0
TTC6,-0.00052576856,-0.35727376,0.9995804974065873,1.0
DHCR7,-0.0005294974,-0.019351045,0.9995775222111664,1.0
FSIP1,-0.00053695514,-0.06387852,0.9995715718203422,1.0
AC027277.1,-0.000540684,0.038300127,0.999568596624939,1.0
AC084866.1,-0.0005555994,-0.0042619733,0.9995566958433869,1.0
GUCY2D,-0.000566786,-1.4164119,0.9995477702572874,1.0
AL513317.1,-0.0006376342,-0.4106723,0.9994912415466837,1.0
AL356379.2,-0.0006711939,-0.24058582,0.9994644647899034,1.0
AC022973.4,-0.0006711939,-0.022412734,0.9994644647899034,1.0
KIAA1549L,-0.0007233979,0.13445254,0.9994228120583437,1.0
DACT3-AS1,-0.00081661926,-0.19598736,0.9993484321845452,1.0
AL033379.1,-0.00087255205,0.037513167,0.9993038042629425,1.0
AC005291.2,-0.0008837386,-1.0301131,0.9992948786788789,1.0
STUM,-0.0009993331,-0.13221666,0.9992026476489251,1.0
LTB4R,-0.001155945,0.17363837,0.9990776894965386,1.0
AP001266.2,-0.0011783182,0.029438367,0.9990598383336872,1.0
AL034422.1,-0.001260353,-0.16497767,0.9989943840739928,1.0
RPS10,-0.001286455,0.0027094784,0.9989735577200337,1.0
HNRNPL,-0.0013274724,-0.06415934,0.9989408305938021,1.0
AL133375.1,-0.0013871341,-0.115849055,0.9988932275042974,1.0
GZF1,-0.0016481539,-0.08604967,0.998684964036277,1.0
AC023043.1,-0.0017078156,-0.32427958,0.9986373609699399,1.0
HBS1L,-0.0017264598,-0.038549837,0.9986224850126963,1.0
F2R,-0.0017786638,-0.072619006,0.9985808323349781,1.0
HAS2-AS1,-0.0018868006,0.3354034,0.9984945518007083,1.0
SAMD13,-0.0019054449,0.201089,0.998479675848275,1.0
MYT1L,-0.0019539201,0.32526973,0.9984409983744346,1.0
MCOLN2,-0.0019651067,0.019831182,0.9984320728040653,1.0
HIST1H2AI,-0.0022522283,-0.3124141,0.9982029832348759,1.0
FKBP2,-0.0022596861,0.15060675,0.9981970328583476,1.0
PTDSS1,-0.0023790095,-0.14222759,0.9981018268477576,1.0
THOC3,-0.0024610444,-0.052973427,0.9980363727310725,1.0
SLC31A2,-0.0025356214,-0.028959159,0.9979768690000871,1.0
AC107871.2,-0.0025878253,0.32627013,0.9979352163950725,1.0
LINC00844,-0.002602741,0.78717643,0.9979233156518114,1.0
TAF1A,-0.0026325716,-0.08100611,0.9978995141666774,1.0
ERICH6,-0.0026325716,0.66278934,0.9978995141666774,1.0
NKX6-3,-0.0026549448,-16.240736,0.9978816630540525,1.0
AC108105.1,-0.0026549448,-13.953591,0.9978816630540525,1.0
TRAJ55,-0.0026549448,-14.860064,0.9978816630540525,1.0
TRAJ44,-0.0026549448,-14.55046,0.9978816630540525,1.0
ZCCHC12,-0.0026549448,-16.09558,0.9978816630540525,1.0
NKAIN3-IT1,-0.0026549448,-14.163603,0.9978816630540525,1.0
AC006063.4,-0.0026549448,-14.920962,0.9978816630540525,1.0
AC007317.2,-0.0026549448,-15.505066,0.9978816630540525,1.0
CACNA1C-IT3,-0.0026549448,-15.428965,0.9978816630540525,1.0
CACNA1C-IT1,-0.0026549448,-15.859857,0.9978816630540525,1.0
AC093277.1,-0.0026549448,-13.899948,0.9978816630540525,1.0
AC008875.2,-0.0026549448,-16.51241,0.9978816630540525,1.0
LINC02714,-0.0026549448,-12.834928,0.9978816630540525,1.0
AC091435.2,-0.0026549448,-14.014241,0.9978816630540525,1.0
AC007405.4,-0.0026549448,-13.636707,0.9978816630540525,1.0
AC093904.1,-0.0026549448,-14.9065075,0.9978816630540525,1.0
AC007463.1,-0.0026549448,-16.571552,0.9978816630540525,1.0
AC112172.2,-0.0026549448,-16.168133,0.9978816630540525,1.0
AC134508.1,-0.0026549448,-15.677299,0.9978816630540525,1.0
AC104633.1,-0.0026549448,-14.62616,0.9978816630540525,1.0
IL6,-0.0026549448,-16.59893,0.9978816630540525,1.0
AC021549.1,-0.0026549448,-15.724156,0.9978816630540525,1.0
AC099499.2,-0.0026549448,-15.856358,0.9978816630540525,1.0
AP003062.2,-0.0026549448,-16.15664,0.9978816630540525,1.0
AC008761.2,-0.0026549448,-16.012362,0.9978816630540525,1.0
AL022332.1,-0.0026549448,-16.263166,0.9978816630540525,1.0
Z99916.1,-0.0026549448,-15.634232,0.9978816630540525,1.0
AC027804.1,-0.0026549448,-16.047178,0.9978816630540525,1.0
LINC02478,-0.0026549448,-16.257795,0.9978816630540525,1.0
ASCL3,-0.0026549448,-14.712024,0.9978816630540525,1.0
AC080023.1,-0.0026549448,-15.877344,0.9978816630540525,1.0
LINC01724,-0.0026549448,-16.641472,0.9978816630540525,1.0
AC011479.4,-0.0026549448,-16.315292,0.9978816630540525,1.0
TRAV34,-0.0026549448,-15.115063,0.9978816630540525,1.0
LINC02590,-0.0026549448,-16.301043,0.9978816630540525,1.0
AC022733.1,-0.0026549448,-13.708074,0.9978816630540525,1.0
LINC01124,-0.0026549448,-16.055202,0.9978816630540525,1.0
AC003688.2,-0.0026549448,-15.76364,0.9978816630540525,1.0
AP000290.1,-0.0026549448,-13.730703,0.9978816630540525,1.0
LINC00945,-0.0026549448,-14.803742,0.9978816630540525,1.0
AC016735.1,-0.0026549448,-16.492506,0.9978816630540525,1.0
AP000755.2,-0.0026549448,-15.869773,0.9978816630540525,1.0
AL591167.1,-0.0026549448,-16.265411,0.9978816630540525,1.0
CLEC4D,-0.0026549448,-16.783611,0.9978816630540525,1.0
LINC02683,-0.0026549448,-12.960127,0.9978816630540525,1.0
LINC02727,-0.0026549448,-16.02708,0.9978816630540525,1.0
AC009806.1,-0.0026549448,-16.098684,0.9978816630540525,1.0
AC122108.1,-0.0026549448,-14.261931,0.9978816630540525,1.0
AC136443.4,-0.0026549448,-16.572454,0.9978816630540525,1.0
BSX,-0.0026549448,-15.041731,0.9978816630540525,1.0
ALDH1L1-AS2,-0.0026549448,-13.604299,0.9978816630540525,1.0
AL356414.1,-0.0026549448,-15.504222,0.9978816630540525,1.0
PLCB1-IT1,-0.0026549448,-16.066868,0.9978816630540525,1.0
AP000357.2,-0.0026549448,-16.21616,0.9978816630540525,1.0
SLAMF8,-0.0026549448,-16.024887,0.9978816630540525,1.0
AL133313.1,-0.0026549448,-15.928654,0.9978816630540525,1.0
LINC01839,-0.0026549448,-15.542607,0.9978816630540525,1.0
AL135790.1,-0.0026549448,-16.053705,0.9978816630540525,1.0
AC024614.4,-0.0026549448,-15.826228,0.9978816630540525,1.0
DBX1,-0.0026549448,-15.187344,0.9978816630540525,1.0
SMCP,-0.0026549448,-15.665235,0.9978816630540525,1.0
SPRR5,-0.0026549448,-16.225449,0.9978816630540525,1.0
AC010987.1,-0.0026549448,-15.451567,0.9978816630540525,1.0
TRAJ12,-0.0026549448,-16.421675,0.9978816630540525,1.0
AL451042.2,-0.0026549448,-13.073373,0.9978816630540525,1.0
FBXO3-DT,-0.0026549448,-16.195478,0.9978816630540525,1.0
TRAJ20,-0.0026549448,-13.424913,0.9978816630540525,1.0
PENK,-0.0026549448,-15.445563,0.9978816630540525,1.0
AC091173.1,-0.0026549448,-15.445563,0.9978816630540525,1.0
AC010463.2,-0.0026549448,-12.802032,0.9978816630540525,1.0
AC021915.1,-0.0026549448,-14.152404,0.9978816630540525,1.0
AC005019.2,-0.0026549448,-15.725158,0.9978816630540525,1.0
FETUB,-0.0026549448,-15.335957,0.9978816630540525,1.0
AL121757.1,-0.0026549448,-16.4075,0.9978816630540525,1.0
SPRR2D,-0.0026549448,-15.191147,0.9978816630540525,1.0
AC090138.1,-0.0026549448,-14.507832,0.9978816630540525,1.0
LINC02760,-0.0026549448,-16.157457,0.9978816630540525,1.0
LINC02685,-0.0026549448,-14.638663,0.9978816630540525,1.0
OR14I1,-0.0026549448,-17.063953,0.9978816630540525,1.0
AP001924.1,-0.0026549448,-12.540208,0.9978816630540525,1.0
AP000679.1,-0.0026549448,-13.899948,0.9978816630540525,1.0
AC109129.1,-0.0026549448,-15.124185,0.9978816630540525,1.0
FCRL6,-0.0026549448,-16.21616,0.9978816630540525,1.0
AC108733.1,-0.0026549448,-16.819126,0.9978816630540525,1.0
AC092825.1,-0.0026549448,-15.453768,0.9978816630540525,1.0
AC091860.2,-0.0026549448,-16.152561,0.9978816630540525,1.0
AC090206.1,-0.0026549448,-15.666327,0.9978816630540525,1.0
OR10G7,-0.0026549448,-15.767924,0.9978816630540525,1.0
AP002765.1,-0.0026549448,-15.438784,0.9978816630540525,1.0
OR6M1,-0.0026549448,-16.714373,0.9978816630540525,1.0
AC005740.4,-0.0026549448,-14.56327,0.9978816630540525,1.0
IGLC2,-0.0026549448,-16.53184,0.9978816630540525,1.0
IGLV1-50,-0.0026549448,-15.762903,0.9978816630540525,1.0
UTS2R,-0.0026549448,-16.173716,0.9978816630540525,1.0
CER1,-0.0026549448,-16.528095,0.9978816630540525,1.0
AC090099.2,-0.0026549448,-16.541986,0.9978816630540525,1.0
AC008652.1,-0.0026549448,-15.980989,0.9978816630540525,1.0
AL354936.1,-0.0026549448,-16.07827,0.9978816630540525,1.0
AC244517.7,-0.0026549448,-15.903307,0.9978816630540525,1.0
AC113189.3,-0.0026549448,-16.973833,0.9978816630540525,1.0
TRDC,-0.0026549448,-15.824988,0.9978816630540525,1.0
AP000696.1,-0.0026549448,-15.165775,0.9978816630540525,1.0
AC104051.2,-0.0026549448,-14.646976,0.9978816630540525,1.0
AC006482.1,-0.0026549448,-16.58454,0.9978816630540525,1.0
AC006041.1,-0.0026549448,-14.720043,0.9978816630540525,1.0
CEBPE,-0.0026549448,-16.878313,0.9978816630540525,1.0
LINC01436,-0.0026549448,-15.719307,0.9978816630540525,1.0
CT47B1,-0.0026549448,-16.364096,0.9978816630540525,1.0
TRAJ6,-0.0026549448,-15.988048,0.9978816630540525,1.0
RHOXF2B,-0.0026549448,-15.727878,0.9978816630540525,1.0
REM2,-0.0026549448,-14.278519,0.9978816630540525,1.0
LINC02706,-0.0026549448,-14.870042,0.9978816630540525,1.0
TP53AIP1,-0.0026549448,-14.029361,0.9978816630540525,1.0
AC092819.3,-0.0026549448,-14.331118,0.9978816630540525,1.0
AC009597.1,-0.0026549448,-15.193911,0.9978816630540525,1.0
AP000569.1,-0.0026549448,-16.243597,0.9978816630540525,1.0
HMX1,-0.0026549448,-16.998436,0.9978816630540525,1.0
USP17L10,-0.0026549448,-15.290296,0.9978816630540525,1.0
AP003121.1,-0.0026549448,-16.414692,0.9978816630540525,1.0
LINC01616,-0.0026549448,-15.794542,0.9978816630540525,1.0
AC116350.1,-0.0026549448,-15.021747,0.9978816630540525,1.0
AC011824.1,-0.0026549448,-13.260768,0.9978816630540525,1.0
AC007389.5,-0.0026549448,-15.333202,0.9978816630540525,1.0
PRSS21,-0.0026549448,-16.561996,0.9978816630540525,1.0
AC004147.5,-0.0026549448,-13.959809,0.9978816630540525,1.0
AP001999.3,-0.0026549448,-16.6255,0.9978816630540525,1.0
CLEC10A,-0.0026549448,-16.106873,0.9978816630540525,1.0
CALHM5,-0.0026549448,-16.638899,0.9978816630540525,1.0
SLFN12,-0.0026549448,-16.659676,0.9978816630540525,1.0
AL451054.4,-0.0026549448,-14.074937,0.9978816630540525,1.0
AL359704.3,-0.0026549448,-16.184128,0.9978816630540525,1.0
LEFTY2,-0.0026549448,-15.960578,0.9978816630540525,1.0
AC023300.2,-0.0026549448,-16.865496,0.9978816630540525,1.0
AC005625.1,-0.0026549448,-15.896724,0.9978816630540525,1.0
AC010605.1,-0.0026549448,-15.313557,0.9978816630540525,1.0
AL137800.1,-0.0026549448,-14.755706,0.9978816630540525,1.0
AC243960.3,-0.0026549448,-16.459177,0.9978816630540525,1.0
CEACAM4,-0.0026549448,-15.742293,0.9978816630540525,1.0
XAGE1B,-0.0026549448,-16.386707,0.9978816630540525,1.0
IRX4,-0.0026549448,-16.242275,0.9978816630540525,1.0
AC010634.1,-0.0026549448,-15.929159,0.9978816630540525,1.0
AC022509.4,-0.0026549448,-15.095403,0.9978816630540525,1.0
AC010319.5,-0.0026549448,-15.358093,0.9978816630540525,1.0
LINC02527,-0.0026549448,-15.543849,0.9978816630540525,1.0
CAMK1G,-0.0026549448,-13.884076,0.9978816630540525,1.0
G0S2,-0.0026549448,-16.114134,0.9978816630540525,1.0
LINC01735,-0.0026549448,-15.892464,0.9978816630540525,1.0
LINC01717,-0.0026549448,-15.358524,0.9978816630540525,1.0
LINC01698,-0.0026549448,-15.31012,0.9978816630540525,1.0
AC091151.1,-0.0026549448,-16.53444,0.9978816630540525,1.0
AL359851.1,-0.0026549448,-16.028177,0.9978816630540525,1.0
ARHGAP36,-0.0026549448,-15.915915,0.9978816630540525,1.0
OR4K13,-0.0026549448,-16.633453,0.9978816630540525,1.0
CR383656.12,-0.0026549448,-13.657621,0.9978816630540525,1.0
AC019294.3,-0.0026549448,-16.607603,0.9978816630540525,1.0
IRF6,-0.0026549448,-16.481735,0.9978816630540525,1.0
AC109309.1,-0.0026549448,-15.377426,0.9978816630540525,1.0
HBD,-0.0026549448,-13.432122,0.9978816630540525,1.0
AC022424.1,-0.0026549448,-14.978634,0.9978816630540525,1.0
LINC02063,-0.0026549448,-12.877685,0.9978816630540525,1.0
LINC02199,-0.0026549448,-15.806235,0.9978816630540525,1.0
AC116361.1,-0.0026549448,-12.335902,0.9978816630540525,1.0
PSG4,-0.0026549448,-16.714025,0.9978816630540525,1.0
AC007493.2,-0.0026549448,-15.700512,0.9978816630540525,1.0
LINC02178,-0.0026549448,-13.723566,0.9978816630540525,1.0
CBLN1,-0.0026549448,-13.178581,0.9978816630540525,1.0
AC006449.1,-0.0026549448,-16.104918,0.9978816630540525,1.0
AC084819.1,-0.0026549448,-16.704348,0.9978816630540525,1.0
AL358876.2,-0.0026549448,-16.657381,0.9978816630540525,1.0
AC098969.1,-0.0026549448,-16.06347,0.9978816630540525,1.0
GBP5,-0.0026549448,-13.40401,0.9978816630540525,1.0
AC099063.1,-0.0026549448,-14.400741,0.9978816630540525,1.0
LINC02162,-0.0026549448,-14.786978,0.9978816630540525,1.0
AC090103.1,-0.0026549448,-15.673174,0.9978816630540525,1.0
AC131254.2,-0.0026549448,-13.607439,0.9978816630540525,1.0
LINC02289,-0.0026549448,-14.020936,0.9978816630540525,1.0
AC025437.2,-0.0026549448,-16.164837,0.9978816630540525,1.0
MUC5B-AS1,-0.0026549448,-16.211435,0.9978816630540525,1.0
AC023510.2,-0.0026549448,-15.2615,0.9978816630540525,1.0
SFTPC,-0.0026549448,-15.779519,0.9978816630540525,1.0
AC015468.3,-0.0026549448,-14.659473,0.9978816630540525,1.0
AC007350.1,-0.0026549448,-13.415232,0.9978816630540525,1.0
AL158090.1,-0.0026549448,-15.332991,0.9978816630540525,1.0
LINC01097,-0.0026549448,-15.356584,0.9978816630540525,1.0
GPR141,-0.0026549448,-15.543724,0.9978816630540525,1.0
FP565171.1,-0.0026549448,-16.213366,0.9978816630540525,1.0
AC233701.1,-0.0026549448,-15.14243,0.9978816630540525,1.0
AC127496.4,-0.0026549448,-14.747134,0.9978816630540525,1.0
FAM201A,-0.0026549448,-15.752337,0.9978816630540525,1.0
ODF3L1,-0.0026549448,-16.731205,0.9978816630540525,1.0
LINC01164,-0.0026549448,-16.97197,0.9978816630540525,1.0
AC008464.1,-0.0026549448,-13.131856,0.9978816630540525,1.0
AC069404.1,-0.0026549448,-15.889359,0.9978816630540525,1.0
AC021534.1,-0.0026549448,-17.099688,0.9978816630540525,1.0
AL161645.1,-0.0026549448,-16.059141,0.9978816630540525,1.0
SYCE1,-0.0026549448,-15.365771,0.9978816630540525,1.0
MIR202HG,-0.0026549448,-16.578176,0.9978816630540525,1.0
AL592071.1,-0.0026549448,-16.314352,0.9978816630540525,1.0
SETSIP,-0.0026549448,-15.83494,0.9978816630540525,1.0
CST1,-0.0026549448,-16.197382,0.9978816630540525,1.0
ANP32D,-0.0026549448,-14.49471,0.9978816630540525,1.0
LINC02526,-0.0026549448,-14.882141,0.9978816630540525,1.0
AC105046.1,-0.0026549448,-13.009008,0.9978816630540525,1.0
NEUROD6,-0.0026549448,-15.10815,0.9978816630540525,1.0
LINC01938,-0.0026549448,-13.708834,0.9978816630540525,1.0
AC008456.1,-0.0026549448,-15.315958,0.9978816630540525,1.0
MUC5AC,-0.0026549448,-16.690353,0.9978816630540525,1.0
AL355095.1,-0.0026549448,-12.473533,0.9978816630540525,1.0
PKP3,-0.0026549448,-16.058954,0.9978816630540525,1.0
AC091820.2,-0.0026549448,-16.467003,0.9978816630540525,1.0
AC091820.1,-0.0026549448,-15.53852,0.9978816630540525,1.0
XAGE3,-0.0026549448,-15.736652,0.9978816630540525,1.0
NME8,-0.0026549448,-13.009008,0.9978816630540525,1.0
AC233976.2,-0.0026549448,-16.25869,0.9978816630540525,1.0
HRCT1,-0.0026549448,-16.449009,0.9978816630540525,1.0
KCNQ1DN,-0.0026549448,-15.884799,0.9978816630540525,1.0
IL1RN,-0.0026549448,-15.814347,0.9978816630540525,1.0
PHGR1,-0.0026549448,-14.656952,0.9978816630540525,1.0
AC093909.2,-0.0026549448,-15.735497,0.9978816630540525,1.0
AC004466.2,-0.0026549448,-15.098779,0.9978816630540525,1.0
LINC02416,-0.0026549448,-16.986515,0.9978816630540525,1.0
AC012038.2,-0.0026549448,-16.365572,0.9978816630540525,1.0
FRG2,-0.0026549448,-14.317809,0.9978816630540525,1.0
DUX4,-0.0026549448,-15.880256,0.9978816630540525,1.0
MAGED4,-0.0026549448,-15.149337,0.9978816630540525,1.0
AQP12A,-0.0026549448,-15.603049,0.9978816630540525,1.0
MAB21L4,-0.0026549448,-13.055074,0.9978816630540525,1.0
AL162388.2,-0.0026549448,-16.614786,0.9978816630540525,1.0
AC012379.2,-0.0026549448,-15.73694,0.9978816630540525,1.0
AC243585.1,-0.0026549448,-16.327826,0.9978816630540525,1.0
AL357514.1,-0.0026549448,-15.041219,0.9978816630540525,1.0
AC012366.1,-0.0026549448,-15.597342,0.9978816630540525,1.0
AC022201.2,-0.0026549448,-15.389737,0.9978816630540525,1.0
PROKR1,-0.0026549448,-15.53716,0.9978816630540525,1.0
CCDC185,-0.0026549448,-16.542278,0.9978816630540525,1.0
AC090587.1,-0.0026549448,-13.308103,0.9978816630540525,1.0
AC110769.1,-0.0026549448,-14.773569,0.9978816630540525,1.0
AC010894.4,-0.0026549448,-14.449474,0.9978816630540525,1.0
LINC01960,-0.0026549448,-16.345085,0.9978816630540525,1.0
SP9,-0.0026549448,-15.816345,0.9978816630540525,1.0
AC106900.1,-0.0026549448,-15.487346,0.9978816630540525,1.0
AC091182.1,-0.0026549448,-16.509018,0.9978816630540525,1.0
AC099685.1,-0.0026549448,-15.427146,0.9978816630540525,1.0
AC026785.2,-0.0026549448,-15.162043,0.9978816630540525,1.0
AC012629.1,-0.0026549448,-15.915915,0.9978816630540525,1.0
AC106771.1,-0.0026549448,-16.061586,0.9978816630540525,1.0
HOTTIP,-0.0026549448,-16.945423,0.9978816630540525,1.0
DPP10-AS2,-0.0026549448,-16.121243,0.9978816630540525,1.0
C19orf33,-0.0026549448,-15.73694,0.9978816630540525,1.0
AC083801.2,-0.0026549448,-16.398829,0.9978816630540525,1.0
IFNB1,-0.0026549448,-15.779669,0.9978816630540525,1.0
IFNA6,-0.0026549448,-16.156435,0.9978816630540525,1.0
IFNA13,-0.0026549448,-16.225449,0.9978816630540525,1.0
AC243829.5,-0.0026549448,-16.63441,0.9978816630540525,1.0
AL513348.1,-0.0026549448,-15.449948,0.9978816630540525,1.0
AC015911.6,-0.0026549448,-16.046621,0.9978816630540525,1.0
ROPN1,-0.0026549448,-15.168581,0.9978816630540525,1.0
AL049569.2,-0.0026549448,-15.971351,0.9978816630540525,1.0
LHX1,-0.0026549448,-13.308103,0.9978816630540525,1.0
AC004771.2,-0.0026549448,-15.610349,0.9978816630540525,1.0
AC113370.1,-0.0026549448,-16.333788,0.9978816630540525,1.0
AF096876.1,-0.0026549448,-13.415232,0.9978816630540525,1.0
CLEC12A-AS1,-0.0026549448,-15.812966,0.9978816630540525,1.0
CLEC12B,-0.0026549448,-16.118277,0.9978816630540525,1.0
AC018943.1,-0.0026549448,-14.697985,0.9978816630540525,1.0
AC010387.2,-0.0026549448,-12.817008,0.9978816630540525,1.0
RNASE2,-0.0026549448,-14.3627205,0.9978816630540525,1.0
SLC39A2,-0.0026549448,-15.073488,0.9978816630540525,1.0
GOT1L1,-0.0026549448,-15.450064,0.9978816630540525,1.0
AC090826.3,-0.0026549448,-15.574381,0.9978816630540525,1.0
AL021920.1,-0.0026549448,-15.892627,0.9978816630540525,1.0
RBPMS-AS1,-0.0026549448,-16.465649,0.9978816630540525,1.0
AC017048.3,-0.0026549448,-16.78887,0.9978816630540525,1.0
AC005538.3,-0.0026549448,-16.249123,0.9978816630540525,1.0
UGT1A7,-0.0026549448,-16.617296,0.9978816630540525,1.0
AL022162.1,-0.0026549448,-14.774272,0.9978816630540525,1.0
LINC02226,-0.0026549448,-14.7815275,0.9978816630540525,1.0
AC027343.2,-0.0026549448,-16.138403,0.9978816630540525,1.0
AC025174.1,-0.0026549448,-16.11571,0.9978816630540525,1.0
S100A8,-0.0026549448,-13.017422,0.9978816630540525,1.0
S100A7A,-0.0026549448,-14.469394,0.9978816630540525,1.0
HOXA-AS3,-0.0026549448,-16.255566,0.9978816630540525,1.0
PRR9,-0.0026549448,-14.712965,0.9978816630540525,1.0
PGLYRP3,-0.0026549448,-15.782958,0.9978816630540525,1.0
PGLYRP4,-0.0026549448,-14.3443985,0.9978816630540525,1.0
S100A9,-0.0026549448,-15.530628,0.9978816630540525,1.0
AL121885.1,-0.0026549448,-13.557199,0.9978816630540525,1.0
AL049536.1,-0.0026549448,-16.393255,0.9978816630540525,1.0
AL050402.1,-0.0026549448,-13.703781,0.9978816630540525,1.0
AL133456.1,-0.0026549448,-14.882141,0.9978816630540525,1.0
AL008638.2,-0.0026549448,-13.324049,0.9978816630540525,1.0
OR6N1,-0.0026549448,-16.412117,0.9978816630540525,1.0
AL365440.2,-0.0026549448,-16.399845,0.9978816630540525,1.0
S100A5,-0.0026549448,-16.464027,0.9978816630540525,1.0
LINC02860,-0.0026549448,-15.9965725,0.9978816630540525,1.0
HOXA-AS2,-0.0026549448,-16.076551,0.9978816630540525,1.0
AC124067.4,-0.0026549448,-16.361395,0.9978816630540525,1.0
AC092112.1,-0.0026549448,-13.1974,0.9978816630540525,1.0
AC011374.2,-0.0026549448,-16.150122,0.9978816630540525,1.0
AC011374.3,-0.0026549448,-17.104065,0.9978816630540525,1.0
AC011374.1,-0.0026549448,-14.928875,0.9978816630540525,1.0
OR52N5,-0.0026549448,-13.424913,0.9978816630540525,1.0
AC026355.3,-0.0026549448,-13.959809,0.9978816630540525,1.0
CDX1,-0.0026549448,-15.501454,0.9978816630540525,1.0
CCL18,-0.0026549448,-14.829605,0.9978816630540525,1.0
AC091838.1,-0.0026549448,-14.97839,0.9978816630540525,1.0
C11orf40,-0.0026549448,-16.347988,0.9978816630540525,1.0
HAND1,-0.0026549448,-16.761778,0.9978816630540525,1.0
LINC01861,-0.0026549448,-15.9965725,0.9978816630540525,1.0
AC002464.1,-0.0026549448,-14.374136,0.9978816630540525,1.0
HBE1,-0.0026549448,-15.644931,0.9978816630540525,1.0
OR56A5,-0.0026549448,-15.908766,0.9978816630540525,1.0
S100A3,-0.0026549448,-13.009008,0.9978816630540525,1.0
KIR3DL3,-0.0026549448,-14.815129,0.9978816630540525,1.0
AC090953.2,-0.0026549448,-16.196747,0.9978816630540525,1.0
HOXD10,-0.0026549448,-13.893533,0.9978816630540525,1.0
AC008250.2,-0.0026549448,-15.520222,0.9978816630540525,1.0
OR51E2,-0.0026549448,-16.940481,0.9978816630540525,1.0
AP003032.1,-0.0026549448,-16.570354,0.9978816630540525,1.0
AC138915.3,-0.0026549448,-15.60136,0.9978816630540525,1.0
LINC02167,-0.0026549448,-15.128905,0.9978816630540525,1.0
LINC01566,-0.0026549448,-14.194572,0.9978816630540525,1.0
SNTG2-AS1,-0.0026549448,-14.59603,0.9978816630540525,1.0
LINGO3,-0.0026549448,-12.515479,0.9978816630540525,1.0
AC097532.1,-0.0026549448,-15.729886,0.9978816630540525,1.0
AC133485.5,-0.0026549448,-14.3162365,0.9978816630540525,1.0
APOA2,-0.0026549448,-15.882688,0.9978816630540525,1.0
ITLN1,-0.0026549448,-16.405197,0.9978816630540525,1.0
GPR15,-0.0026549448,-15.748543,0.9978816630540525,1.0
SIDT1-AS1,-0.0026549448,-15.606955,0.9978816630540525,1.0
AC025271.3,-0.0026549448,-14.271232,0.9978816630540525,1.0
AC007326.2,-0.0026549448,-15.823286,0.9978816630540525,1.0
AC005697.3,-0.0026549448,-14.948738,0.9978816630540525,1.0
HNRNPCL1,-0.0026549448,-16.6236,0.9978816630540525,1.0
RAB32,-0.0026549448,-15.826383,0.9978816630540525,1.0
BX322559.1,-0.0026549448,-16.152561,0.9978816630540525,1.0
COL18A1-AS1,-0.0026549448,-15.861292,0.9978816630540525,1.0
BX322557.2,-0.0026549448,-13.959809,0.9978816630540525,1.0
AP003086.2,-0.0026549448,-14.588076,0.9978816630540525,1.0
AC117522.2,-0.0026549448,-16.180994,0.9978816630540525,1.0
AC011893.1,-0.0026549448,-15.625736,0.9978816630540525,1.0
AC024560.3,-0.0026549448,-15.922435,0.9978816630540525,1.0
AC055764.2,-0.0026549448,-13.716496,0.9978816630540525,1.0
PYCARD,-0.0026549448,-16.645344,0.9978816630540525,1.0
AC099794.1,-0.0026549448,-13.889248,0.9978816630540525,1.0
AL121823.1,-0.0026549448,-15.816345,0.9978816630540525,1.0
AL360013.2,-0.0026549448,-16.27898,0.9978816630540525,1.0
AC100858.2,-0.0026549448,-14.913561,0.9978816630540525,1.0
AC090753.1,-0.0026549448,-15.860972,0.9978816630540525,1.0
AC107926.1,-0.0026549448,-15.215258,0.9978816630540525,1.0
AC090774.2,-0.0026549448,-14.538181,0.9978816630540525,1.0
AP003032.2,-0.0026549448,-14.932967,0.9978816630540525,1.0
AC062021.1,-0.0026549448,-15.814501,0.9978816630540525,1.0
AC016710.1,-0.0026549448,-15.877344,0.9978816630540525,1.0
AC100872.2,-0.0026549448,-15.277546,0.9978816630540525,1.0
AP000426.1,-0.0026549448,-16.517233,0.9978816630540525,1.0
LINC02845,-0.0026549448,-15.369899,0.9978816630540525,1.0
AP003469.1,-0.0026549448,-13.860117,0.9978816630540525,1.0
AL356417.1,-0.0026549448,-16.63922,0.9978816630540525,1.0
AC007402.2,-0.0026549448,-15.611003,0.9978816630540525,1.0
AC006238.1,-0.0026549448,-16.124813,0.9978816630540525,1.0
AP006219.1,-0.0026549448,-15.647081,0.9978816630540525,1.0
LINC02856,-0.0026549448,-14.152404,0.9978816630540525,1.0
AC013437.1,-0.0026549448,-13.4308405,0.9978816630540525,1.0
AC093732.2,-0.0026549448,-15.397158,0.9978816630540525,1.0
AC073283.1,-0.0026549448,-16.223497,0.9978816630540525,1.0
AP003969.1,-0.0026549448,-13.287861,0.9978816630540525,1.0
LINC02756,-0.0026549448,-15.333202,0.9978816630540525,1.0
AP000722.1,-0.0026549448,-14.877289,0.9978816630540525,1.0
AP003171.1,-0.0026549448,-15.878961,0.9978816630540525,1.0
LINC01432,-0.0026549448,-15.38203,0.9978816630540525,1.0
AL133325.2,-0.0026549448,-14.646784,0.9978816630540525,1.0
LINC00645,-0.0026549448,-14.650315,0.9978816630540525,1.0
AC008496.3,-0.0026549448,-15.102519,0.9978816630540525,1.0
AL592161.1,-0.0026549448,-16.646637,0.9978816630540525,1.0
AC078828.1,-0.0026549448,-15.817422,0.9978816630540525,1.0
UBTFL1,-0.0026549448,-15.183268,0.9978816630540525,1.0
AC108482.2,-0.0026549448,-14.829532,0.9978816630540525,1.0
AP001630.1,-0.0026549448,-16.994125,0.9978816630540525,1.0
AL353747.4,-0.0026549448,-14.722275,0.9978816630540525,1.0
MIR378D2HG,-0.0026549448,-16.760317,0.9978816630540525,1.0
AL023775.2,-0.0026549448,-15.674822,0.9978816630540525,1.0
AC006272.1,-0.0026549448,-14.776663,0.9978816630540525,1.0
CEACAM18,-0.0026549448,-12.81422,0.9978816630540525,1.0
KRTAP12-2,-0.0026549448,-14.352281,0.9978816630540525,1.0
GPR31,-0.0026549448,-16.37671,0.9978816630540525,1.0
GRM5-AS1,-0.0026549448,-16.714373,0.9978816630540525,1.0
TCEAL5,-0.0026549448,-15.187344,0.9978816630540525,1.0
LINC02720,-0.0026549448,-14.921431,0.9978816630540525,1.0
TCEAL2,-0.0026549448,-14.374136,0.9978816630540525,1.0
PLP1,-0.0026549448,-14.870042,0.9978816630540525,1.0
AC106706.1,-0.0026549448,-15.210324,0.9978816630540525,1.0
AC092159.1,-0.0026549448,-15.554197,0.9978816630540525,1.0
AC007179.2,-0.0026549448,-15.807456,0.9978816630540525,1.0
AP001496.1,-0.0026549448,-16.233284,0.9978816630540525,1.0
LINC01892,-0.0026549448,-15.841672,0.9978816630540525,1.0
AP000897.1,-0.0026549448,-15.290399,0.9978816630540525,1.0
AC113349.1,-0.0026549448,-16.662634,0.9978816630540525,1.0
LINC00602,-0.0026549448,-15.652473,0.9978816630540525,1.0
AC024681.2,-0.0026549448,-16.27807,0.9978816630540525,1.0
AC007731.2,-0.0026549448,-15.026884,0.9978816630540525,1.0
AC106786.1,-0.0026549448,-15.182983,0.9978816630540525,1.0
PLAAT2,-0.0026549448,-16.986515,0.9978816630540525,1.0
AP005273.2,-0.0026549448,-16.284683,0.9978816630540525,1.0
AP002414.5,-0.0026549448,-16.103746,0.9978816630540525,1.0
SLC35G4,-0.0026549448,-15.66428,0.9978816630540525,1.0
AP005137.1,-0.0026549448,-16.082668,0.9978816630540525,1.0
LINC01928,-0.0026549448,-14.870042,0.9978816630540525,1.0
AL627443.1,-0.0026549448,-16.023611,0.9978816630540525,1.0
AL590302.2,-0.0026549448,-15.986809,0.9978816630540525,1.0
LINC02216,-0.0026549448,-13.468608,0.9978816630540525,1.0
FAM224B,-0.0026549448,-14.508645,0.9978816630540525,1.0
FAM224A,-0.0026549448,-16.510994,0.9978816630540525,1.0
AC103996.3,-0.0026549448,-16.577572,0.9978816630540525,1.0
AC015722.1,-0.0026549448,-16.019608,0.9978816630540525,1.0
AC026523.1,-0.0026549448,-14.0634365,0.9978816630540525,1.0
C2CD4D-AS1,-0.0026549448,-16.273533,0.9978816630540525,1.0
THEM5,-0.0026549448,-16.18162,0.9978816630540525,1.0
LINGO4,-0.0026549448,-14.650315,0.9978816630540525,1.0
AL121830.1,-0.0026549448,-15.769109,0.9978816630540525,1.0
AL110505.1,-0.0026549448,-15.823286,0.9978816630540525,1.0
LMLN-AS1,-0.0026549448,-15.435578,0.9978816630540525,1.0
KRTAP5-9,-0.0026549448,-16.533861,0.9978816630540525,1.0
AP000867.5,-0.0026549448,-16.07579,0.9978816630540525,1.0
AP002336.3,-0.0026549448,-16.073505,0.9978816630540525,1.0
LINC01488,-0.0026549448,-15.835253,0.9978816630540525,1.0
SMIM38,-0.0026549448,-16.378452,0.9978816630540525,1.0
AP000808.1,-0.0026549448,-16.248901,0.9978816630540525,1.0
AC107953.2,-0.0026549448,-15.652743,0.9978816630540525,1.0
CCN3,-0.0026549448,-15.493664,0.9978816630540525,1.0
AP000527.1,-0.0026549448,-15.900505,0.9978816630540525,1.0
AC068418.2,-0.0026549448,-15.496415,0.9978816630540525,1.0
MCTP1-AS1,-0.0026549448,-15.727304,0.9978816630540525,1.0
AC099487.1,-0.0026549448,-14.661158,0.9978816630540525,1.0
LINC01922,-0.0026549448,-16.559622,0.9978816630540525,1.0
AZGP1,-0.0026549448,-15.275111,0.9978816630540525,1.0
LINC01007,-0.0026549448,-14.808415,0.9978816630540525,1.0
AL672277.1,-0.0026549448,-16.830494,0.9978816630540525,1.0
VCX3B,-0.0026549448,-15.60448,0.9978816630540525,1.0
FCN2,-0.0026549448,-14.270447,0.9978816630540525,1.0
AL390778.1,-0.0026549448,-14.6417265,0.9978816630540525,1.0
AL158065.1,-0.0026549448,-16.952208,0.9978816630540525,1.0
AL161616.2,-0.0026549448,-15.252702,0.9978816630540525,1.0
UGT2B15,-0.0026549448,-16.465649,0.9978816630540525,1.0
AC136616.2,-0.0026549448,-15.940335,0.9978816630540525,1.0
LINC02835,-0.0026549448,-14.928875,0.9978816630540525,1.0
AL589745.1,-0.0026549448,-15.657075,0.9978816630540525,1.0
PRY2,-0.0026549448,-16.187899,0.9978816630540525,1.0
TMEM88B,-0.0026549448,-15.726445,0.9978816630540525,1.0
AC103808.1,-0.0026549448,-16.947678,0.9978816630540525,1.0
AC021506.1,-0.0026549448,-15.5321045,0.9978816630540525,1.0
LINC00543,-0.0026549448,-15.823131,0.9978816630540525,1.0
DAZ3,-0.0026549448,-14.593065,0.9978816630540525,1.0
TTTY17C,-0.0026549448,-16.347988,0.9978816630540525,1.0
LINC00622,-0.0026549448,-14.56327,0.9978816630540525,1.0
REG4,-0.0026549448,-15.493186,0.9978816630540525,1.0
AC111000.4,-0.0026549448,-15.123097,0.9978816630540525,1.0
ZBED2,-0.0026549448,-15.872989,0.9978816630540525,1.0
AC096921.2,-0.0026549448,-14.057679,0.9978816630540525,1.0
AP000547.2,-0.0026549448,-14.191738,0.9978816630540525,1.0
RIMBP3,-0.0026549448,-15.17694,0.9978816630540525,1.0
LINC00528,-0.0026549448,-15.385548,0.9978816630540525,1.0
AP003419.2,-0.0026549448,-12.834928,0.9978816630540525,1.0
AP003419.3,-0.0026549448,-16.229578,0.9978816630540525,1.0
ACY3,-0.0026549448,-15.919086,0.9978816630540525,1.0
AC008948.1,-0.0026549448,-16.602947,0.9978816630540525,1.0
AC094108.1,-0.0026549448,-14.3627205,0.9978816630540525,1.0
AC025766.1,-0.0026549448,-15.823131,0.9978816630540525,1.0
FOXD3,-0.0026549448,-15.064698,0.9978816630540525,1.0
AC093281.2,-0.0026549448,-16.516663,0.9978816630540525,1.0
TPBGL,-0.0026549448,-16.738667,0.9978816630540525,1.0
KLK9,-0.0026549448,-16.386456,0.9978816630540525,1.0
AL392023.1,-0.0026549448,-15.493186,0.9978816630540525,1.0
PRAMEF10,-0.0026549448,-13.61374,0.9978816630540525,1.0
PRAMEF6,-0.0026549448,-15.81696,0.9978816630540525,1.0
AC037433.1,-0.0026549448,-15.266324,0.9978816630540525,1.0
TBC1D28,-0.0026549448,-15.574,0.9978816630540525,1.0
LINC02761,-0.0026549448,-14.3689165,0.9978816630540525,1.0
AC012564.1,-0.0026549448,-15.617823,0.9978816630540525,1.0
AL445205.1,-0.0026549448,-16.3802,0.9978816630540525,1.0
AC010967.2,-0.0026549448,-15.866566,0.9978816630540525,1.0
AC018685.3,-0.0026549448,-16.001753,0.9978816630540525,1.0
AC116609.3,-0.0026549448,-15.595531,0.9978816630540525,1.0
LGALS9C,-0.0026549448,-16.302668,0.9978816630540525,1.0
AC005722.3,-0.0026549448,-13.963324,0.9978816630540525,1.0
ALDH3A1,-0.0026549448,-15.39938,0.9978816630540525,1.0
AC004448.5,-0.0026549448,-15.509534,0.9978816630540525,1.0
AC068418.3,-0.0026549448,-15.667967,0.9978816630540525,1.0
AC073023.1,-0.0026549448,-16.683264,0.9978816630540525,1.0
FGF3,-0.0026549448,-16.088625,0.9978816630540525,1.0
AP003555.1,-0.0026549448,-12.592071,0.9978816630540525,1.0
AL450344.2,-0.0026549448,-16.34823,0.9978816630540525,1.0
AP003550.1,-0.0026549448,-14.452877,0.9978816630540525,1.0
BAALC-AS2,-0.0026549448,-16.450075,0.9978816630540525,1.0
P2RY2,-0.0026549448,-13.173243,0.9978816630540525,1.0
AC012625.1,-0.0026549448,-15.877344,0.9978816630540525,1.0
AL133163.2,-0.0026549448,-16.680576,0.9978816630540525,1.0
AL357835.1,-0.0026549448,-14.703984,0.9978816630540525,1.0
RBMS3-AS1,-0.0026549448,-15.677437,0.9978816630540525,1.0
AC145350.2,-0.0026549448,-15.269953,0.9978816630540525,1.0
CD248,-0.0026549448,-16.012903,0.9978816630540525,1.0
AP006287.3,-0.0026549448,-16.744032,0.9978816630540525,1.0
AL450344.3,-0.0026549448,-15.599155,0.9978816630540525,1.0
BEX5,-0.0026549448,-15.395049,0.9978816630540525,1.0
OR5M3,-0.0026549448,-15.6701565,0.9978816630540525,1.0
AC106791.2,-0.0026549448,-16.35919,0.9978816630540525,1.0
AC144831.1,-0.0026549448,-15.895904,0.9978816630540525,1.0
AC023813.1,-0.0026549448,-16.2824,0.9978816630540525,1.0
GBX2,-0.0026549448,-15.002961,0.9978816630540525,1.0
AC107057.1,-0.0026549448,-15.397158,0.9978816630540525,1.0
AC108025.1,-0.0026549448,-14.469394,0.9978816630540525,1.0
REEP6,-0.0026549448,-15.454927,0.9978816630540525,1.0
AC111149.1,-0.0026549448,-16.537334,0.9978816630540525,1.0
AC111149.2,-0.0026549448,-16.490843,0.9978816630540525,1.0
AL049794.2,-0.0026549448,-16.882906,0.9978816630540525,1.0
POTEC,-0.0026549448,-15.658431,0.9978816630540525,1.0
AP005121.1,-0.0026549448,-16.77764,0.9978816630540525,1.0
AP005131.7,-0.0026549448,-15.943828,0.9978816630540525,1.0
AP001010.1,-0.0026549448,-15.896888,0.9978816630540525,1.0
NRIR,-0.0026549448,-16.416498,0.9978816630540525,1.0
AC005703.2,-0.0026549448,-13.3331585,0.9978816630540525,1.0
SCN4B,-0.0026549448,-13.604299,0.9978816630540525,1.0
LINC01423,-0.0026549448,-13.002543,0.9978816630540525,1.0
AC011632.2,-0.0026549448,-15.836815,0.9978816630540525,1.0
AHSP,-0.0026549448,-16.651506,0.9978816630540525,1.0
AC012309.2,-0.0026549448,-16.484762,0.9978816630540525,1.0
AC100782.1,-0.0026549448,-15.946304,0.9978816630540525,1.0
KCNE5,-0.0026549448,-13.131856,0.9978816630540525,1.0
AC226118.1,-0.0026549448,-16.084011,0.9978816630540525,1.0
AL731684.1,-0.0026549448,-15.540005,0.9978816630540525,1.0
AL596442.4,-0.0026549448,-15.511712,0.9978816630540525,1.0
AP001046.1,-0.0026549448,-16.15664,0.9978816630540525,1.0
AC024579.1,-0.0026549448,-15.962655,0.9978816630540525,1.0
AP002755.1,-0.0026549448,-15.226548,0.9978816630540525,1.0
APOA5,-0.0026549448,-16.030008,0.9978816630540525,1.0
IL13RA2,-0.0026549448,-14.352281,0.9978816630540525,1.0
SERTM2,-0.0026549448,-15.932028,0.9978816630540525,1.0
OR9G4,-0.0026549448,-14.521605,0.9978816630540525,1.0
LINC01826,-0.0026549448,-14.882141,0.9978816630540525,1.0
AC018761.3,-0.0026549448,-16.385452,0.9978816630540525,1.0
RLN3,-0.0026549448,-13.459628,0.9978816630540525,1.0
MISP3,-0.0026549448,-15.9976425,0.9978816630540525,1.0
AC010247.1,-0.0026549448,-15.5964365,0.9978816630540525,1.0
CCDC166,-0.0026549448,-16.809055,0.9978816630540525,1.0
CFHR3,-0.0026549448,-16.041985,0.9978816630540525,1.0
PSG8-AS1,-0.0026549448,-15.499292,0.9978816630540525,1.0
PSG6,-0.0026549448,-14.487479,0.9978816630540525,1.0
LRRC55,-0.0026549448,-16.766176,0.9978816630540525,1.0
APLNR,-0.0026549448,-16.690691,0.9978816630540525,1.0
AL513285.1,-0.0026549448,-15.504222,0.9978816630540525,1.0
AL591074.2,-0.0026549448,-16.106873,0.9978816630540525,1.0
AC100812.1,-0.0026549448,-16.653788,0.9978816630540525,1.0
CRH,-0.0026549448,-15.382469,0.9978816630540525,1.0
LINC00967,-0.0026549448,-13.886023,0.9978816630540525,1.0
AP001610.3,-0.0026549448,-15.218169,0.9978816630540525,1.0
AC006111.1,-0.0026549448,-16.141624,0.9978816630540525,1.0
RGS4,-0.0026549448,-14.338257,0.9978816630540525,1.0
AC092171.4,-0.0026549448,-15.295121,0.9978816630540525,1.0
AP001267.4,-0.0026549448,-15.891809,0.9978816630540525,1.0
AC008940.1,-0.0026549448,-16.13039,0.9978816630540525,1.0
AC068385.1,-0.0026549448,-13.337772,0.9978816630540525,1.0
LINC02225,-0.0026549448,-15.884962,0.9978816630540525,1.0
AL390816.1,-0.0026549448,-15.450642,0.9978816630540525,1.0
PCDHA12,-0.0026549448,-14.35817,0.9978816630540525,1.0
AC073257.2,-0.0026549448,-15.597471,0.9978816630540525,1.0
AL133299.1,-0.0026549448,-15.225669,0.9978816630540525,1.0
RTP1,-0.0026549448,-16.417013,0.9978816630540525,1.0
AC007218.1,-0.0026549448,-16.68461,0.9978816630540525,1.0
AC087190.2,-0.0026549448,-15.6050005,0.9978816630540525,1.0
LINC02687,-0.0026549448,-16.29387,0.9978816630540525,1.0
PCDHA8,-0.0026549448,-15.865125,0.9978816630540525,1.0
AC005609.4,-0.0026549448,-15.030856,0.9978816630540525,1.0
GAPT,-0.0026549448,-15.0369625,0.9978816630540525,1.0
C11orf94,-0.0026549448,-14.838186,0.9978816630540525,1.0
CXXC5-AS1,-0.0026549448,-15.778922,0.9978816630540525,1.0
AL136460.1,-0.0026549448,-14.530252,0.9978816630540525,1.0
CCN2,-0.0026549448,-15.721302,0.9978816630540525,1.0
AL021408.1,-0.0026549448,-16.17683,0.9978816630540525,1.0
AF186192.3,-0.0026549448,-13.028353,0.9978816630540525,1.0
LINC01230,-0.0026549448,-15.472918,0.9978816630540525,1.0
AL358053.1,-0.0026549448,-14.057679,0.9978816630540525,1.0
AC011446.3,-0.0026549448,-15.491754,0.9978816630540525,1.0
AL024497.2,-0.0026549448,-16.54403,0.9978816630540525,1.0
AL032821.1,-0.0026549448,-15.537284,0.9978816630540525,1.0
CST9,-0.0026549448,-15.435807,0.9978816630540525,1.0
AC084167.1,-0.0026549448,-16.19569,0.9978816630540525,1.0
AC005725.1,-0.0026549448,-15.678677,0.9978816630540525,1.0
ERMN,-0.0026549448,-16.313177,0.9978816630540525,1.0
AC021660.2,-0.0026549448,-16.260702,0.9978816630540525,1.0
AC109782.1,-0.0026549448,-15.819425,0.9978816630540525,1.0
AC100825.1,-0.0026549448,-16.072744,0.9978816630540525,1.0
AC004906.1,-0.0026549448,-16.657381,0.9978816630540525,1.0
MSC,-0.0026549448,-16.406475,0.9978816630540525,1.0
AC109517.1,-0.0026549448,-15.779669,0.9978816630540525,1.0
AF064866.1,-0.0026549448,-15.823286,0.9978816630540525,1.0
CST9L,-0.0026549448,-15.173083,0.9978816630540525,1.0
CD3D,-0.0026549448,-15.324762,0.9978816630540525,1.0
IL3,-0.0026549448,-16.158274,0.9978816630540525,1.0
AC010424.3,-0.0026549448,-14.546813,0.9978816630540525,1.0
SCGB2A2,-0.0026549448,-15.378193,0.9978816630540525,1.0
LINC01300,-0.0026549448,-16.965023,0.9978816630540525,1.0
GPR20,-0.0026549448,-15.834628,0.9978816630540525,1.0
CCDC188,-0.0026549448,-16.307093,0.9978816630540525,1.0
PRAMEF5,-0.0026549448,-15.672075,0.9978816630540525,1.0
PRAMEF14,-0.0026549448,-16.14102,0.9978816630540525,1.0
GPR174,-0.0026549448,-16.651506,0.9978816630540525,1.0
AC090821.2,-0.0026549448,-16.136797,0.9978816630540525,1.0
AC005538.1,-0.0026549448,-16.433153,0.9978816630540525,1.0
HRNR,-0.0026549448,-16.37945,0.9978816630540525,1.0
LCE5A,-0.0026549448,-12.817008,0.9978816630540525,1.0
AL031283.3,-0.0026549448,-16.6836,0.9978816630540525,1.0
PRAMEF20,-0.0026549448,-15.628252,0.9978816630540525,1.0
AL035425.3,-0.0026549448,-15.746651,0.9978816630540525,1.0
RIPPLY1,-0.0026549448,-15.909429,0.9978816630540525,1.0
LINC01335,-0.0026549448,-13.047668,0.9978816630540525,1.0
AC007483.1,-0.0026549448,-16.23023,0.9978816630540525,1.0
FABP9,-0.0026549448,-16.289267,0.9978816630540525,1.0
CD177,-0.0026549448,-16.511278,0.9978816630540525,1.0
AC005392.3,-0.0026549448,-15.5746355,0.9978816630540525,1.0
AC025839.1,-0.0026549448,-12.312666,0.9978816630540525,1.0
LINC02024,-0.0026549448,-12.120735,0.9978816630540525,1.0
AC100807.2,-0.0026549448,-15.4160595,0.9978816630540525,1.0
AC040914.1,-0.0026549448,-15.995148,0.9978816630540525,1.0
LINC00272,-0.0026549448,-16.730145,0.9978816630540525,1.0
AC068633.2,-0.0026549448,-16.792265,0.9978816630540525,1.0
RAB6D,-0.0026549448,-15.759225,0.9978816630540525,1.0
AC010761.6,-0.0026549448,-15.377208,0.9978816630540525,1.0
AL445363.1,-0.0026549448,-15.98134,0.9978816630540525,1.0
AL445363.2,-0.0026549448,-14.842239,0.9978816630540525,1.0
AP001059.1,-0.0026549448,-16.233067,0.9978816630540525,1.0
AL513210.1,-0.0026549448,-16.270594,0.9978816630540525,1.0
AC007308.1,-0.0026549448,-16.136797,0.9978816630540525,1.0
HGC6.3,-0.0026549448,-15.525599,0.9978816630540525,1.0
LINC02538,-0.0026549448,-15.011696,0.9978816630540525,1.0
AL356123.2,-0.0026549448,-12.986897,0.9978816630540525,1.0
AC098850.2,-0.0026549448,-16.973833,0.9978816630540525,1.0
AP003173.1,-0.0026549448,-15.236949,0.9978816630540525,1.0
CASP4,-0.0026549448,-16.60171,0.9978816630540525,1.0
CASP1,-0.0026549448,-13.678618,0.9978816630540525,1.0
LINC02544,-0.0026549448,-16.442638,0.9978816630540525,1.0
LINC02230,-0.0026549448,-15.495697,0.9978816630540525,1.0
MMP7,-0.0026549448,-16.76728,0.9978816630540525,1.0
RPRM,-0.0026549448,-15.5921755,0.9978816630540525,1.0
AC104211.4,-0.0026549448,-14.05245,0.9978816630540525,1.0
C19orf84,-0.0026549448,-15.44016,0.9978816630540525,1.0
AP003973.3,-0.0026549448,-14.305932,0.9978816630540525,1.0
AP002439.1,-0.0026549448,-15.949557,0.9978816630540525,1.0
AP001198.2,-0.0026549448,-15.581138,0.9978816630540525,1.0
LINC02171,-0.0026549448,-16.32735,0.9978816630540525,1.0
AL645924.1,-0.0026549448,-16.00516,0.9978816630540525,1.0
AL035045.1,-0.0026549448,-12.515479,0.9978816630540525,1.0
FGF12-AS2,-0.0026549448,-16.665602,0.9978816630540525,1.0
MIR1302-2HG,-0.0026549448,-14.352281,0.9978816630540525,1.0
OR4P4,-0.0026549448,-15.614146,0.9978816630540525,1.0
AC123023.2,-0.0026549448,-16.829704,0.9978816630540525,1.0
OR5B3,-0.0026549448,-13.863431,0.9978816630540525,1.0
OR9I1,-0.0026549448,-13.173243,0.9978816630540525,1.0
AP002358.1,-0.0026549448,-14.546813,0.9978816630540525,1.0
AC108002.2,-0.0026549448,-15.194579,0.9978816630540525,1.0
AL035604.1,-0.0026549448,-15.889033,0.9978816630540525,1.0
Z84486.1,-0.0026549448,-16.007854,0.9978816630540525,1.0
AC002428.1,-0.0026549448,-16.211864,0.9978816630540525,1.0
NEUROG1,-0.0026549448,-16.219606,0.9978816630540525,1.0
C5orf66-AS1,-0.0026549448,-15.0916815,0.9978816630540525,1.0
AC084706.1,-0.0026549448,-15.8746,0.9978816630540525,1.0
AC009227.2,-0.0026549448,-13.139309,0.9978816630540525,1.0
AP000915.1,-0.0026549448,-14.374136,0.9978816630540525,1.0
CARTPT,-0.0026549448,-16.587584,0.9978816630540525,1.0
CDRT8,-0.0026549448,-16.360905,0.9978816630540525,1.0
AC012451.1,-0.0026549448,-15.515839,0.9978816630540525,1.0
AC110926.2,-0.0026549448,-15.258394,0.9978816630540525,1.0
OR4D10,-0.0026549448,-15.44937,0.9978816630540525,1.0
AP001652.1,-0.0026549448,-15.095137,0.9978816630540525,1.0
TRPC7-AS2,-0.0026549448,-15.442916,0.9978816630540525,1.0
LINC01843,-0.0026549448,-15.241092,0.9978816630540525,1.0
WSPAR,-0.0026549448,-15.94716,0.9978816630540525,1.0
AP005057.1,-0.0026549448,-13.33762,0.9978816630540525,1.0
AP000894.2,-0.0026549448,-14.870042,0.9978816630540525,1.0
LIM2,-0.0026549448,-15.934565,0.9978816630540525,1.0
LINC01874,-0.0026549448,-14.996509,0.9978816630540525,1.0
AC093326.1,-0.0026549448,-16.17579,0.9978816630540525,1.0
SCGB1D2,-0.0026549448,-15.263408,0.9978816630540525,1.0
AP001591.1,-0.0026549448,-15.325815,0.9978816630540525,1.0
AC011676.1,-0.0026549448,-15.875891,0.9978816630540525,1.0
AL591468.1,-0.0026549448,-15.762756,0.9978816630540525,1.0
SMIM28,-0.0026549448,-16.884583,0.9978816630540525,1.0
SIGLEC7,-0.0026549448,-15.041902,0.9978816630540525,1.0
CARD16,-0.0026549448,-15.234685,0.9978816630540525,1.0
MMP13,-0.0026549448,-12.57375,0.9978816630540525,1.0
FCGR3A,-0.0026549448,-15.877344,0.9978816630540525,1.0
S1PR4,-0.0026549448,-15.807456,0.9978816630540525,1.0
AC100756.4,-0.0026549448,-14.031599,0.9978816630540525,1.0
LINC02621,-0.0026549448,-16.473524,0.9978816630540525,1.0
LINC02625,-0.0026549448,-15.9553995,0.9978816630540525,1.0
AL513321.2,-0.0026549448,-15.793485,0.9978816630540525,1.0
MTRNR2L5,-0.0026549448,-15.63011,0.9978816630540525,1.0
DKK1,-0.0026549448,-14.7102785,0.9978816630540525,1.0
AC073174.1,-0.0026549448,-15.952991,0.9978816630540525,1.0
AL512366.1,-0.0026549448,-15.436608,0.9978816630540525,1.0
AL136359.1,-0.0026549448,-16.215729,0.9978816630540525,1.0
AL450423.2,-0.0026549448,-16.602638,0.9978816630540525,1.0
OR10K2,-0.0026549448,-14.340112,0.9978816630540525,1.0
LINC02383,-0.0026549448,-16.195478,0.9978816630540525,1.0
AC008507.5,-0.0026549448,-16.760317,0.9978816630540525,1.0
AC007786.4,-0.0026549448,-15.698549,0.9978816630540525,1.0
AC008738.3,-0.0026549448,-15.617823,0.9978816630540525,1.0
LINC01879,-0.0026549448,-15.562737,0.9978816630540525,1.0
AC078842.1,-0.0026549448,-16.212936,0.9978816630540525,1.0
AC083867.2,-0.0026549448,-14.763911,0.9978816630540525,1.0
PNMA5,-0.0026549448,-15.836815,0.9978816630540525,1.0
HCCAT5,-0.0026549448,-13.741731,0.9978816630540525,1.0
AC084291.1,-0.0026549448,-16.097908,0.9978816630540525,1.0
AC131159.1,-0.0026549448,-16.163193,0.9978816630540525,1.0
AC097451.1,-0.0026549448,-15.375459,0.9978816630540525,1.0
VENTXP1,-0.0026549448,-15.292758,0.9978816630540525,1.0
LINC02339,-0.0026549448,-15.8243685,0.9978816630540525,1.0
AC009090.2,-0.0026549448,-16.070087,0.9978816630540525,1.0
AC119427.1,-0.0026549448,-16.598621,0.9978816630540525,1.0
AC103925.1,-0.0026549448,-14.3162365,0.9978816630540525,1.0
AC008273.1,-0.0026549448,-15.939315,0.9978816630540525,1.0
PRSS58,-0.0026549448,-15.687811,0.9978816630540525,1.0
AL157414.2,-0.0026549448,-16.943172,0.9978816630540525,1.0
AL109828.1,-0.0026549448,-15.397268,0.9978816630540525,1.0
AL445668.1,-0.0026549448,-16.973833,0.9978816630540525,1.0
CSAG2,-0.0026549448,-15.916582,0.9978816630540525,1.0
AL513122.2,-0.0026549448,-15.925624,0.9978816630540525,1.0
AC073349.1,-0.0026549448,-16.120253,0.9978816630540525,1.0
AC078880.4,-0.0026549448,-15.343401,0.9978816630540525,1.0
LHX5-AS1,-0.0026549448,-14.889452,0.9978816630540525,1.0
AC079384.2,-0.0026549448,-16.6255,0.9978816630540525,1.0
AC012157.3,-0.0026549448,-16.766176,0.9978816630540525,1.0
GOLGA6L22,-0.0026549448,-13.607439,0.9978816630540525,1.0
AC068898.1,-0.0026549448,-15.19582,0.9978816630540525,1.0
LINC00207,-0.0026549448,-14.870042,0.9978816630540525,1.0
NRSN1,-0.0026549448,-14.909371,0.9978816630540525,1.0
KAAG1,-0.0026549448,-15.952991,0.9978816630540525,1.0
AC008878.4,-0.0026549448,-15.091328,0.9978816630540525,1.0
FATE1,-0.0026549448,-16.3847,0.9978816630540525,1.0
IQCF2,-0.0026549448,-15.353464,0.9978816630540525,1.0
OR4F15,-0.0026549448,-14.984512,0.9978816630540525,1.0
AL031290.1,-0.0026549448,-14.469394,0.9978816630540525,1.0
AC092637.1,-0.0026549448,-15.313766,0.9978816630540525,1.0
AC007557.3,-0.0026549448,-16.053705,0.9978816630540525,1.0
AC093810.1,-0.0026549448,-15.6701565,0.9978816630540525,1.0
AC008154.2,-0.0026549448,-16.192947,0.9978816630540525,1.0
AC008154.1,-0.0026549448,-14.401925,0.9978816630540525,1.0
IQCF1,-0.0026549448,-16.059141,0.9978816630540525,1.0
LINC02633,-0.0026549448,-14.018263,0.9978816630540525,1.0
AC090621.1,-0.0026549448,-13.843916,0.9978816630540525,1.0
AC002401.3,-0.0026549448,-16.424791,0.9978816630540525,1.0
AC068279.2,-0.0026549448,-14.139681,0.9978816630540525,1.0
AL450313.1,-0.0026549448,-16.947678,0.9978816630540525,1.0
LINC00838,-0.0026549448,-15.245843,0.9978816630540525,1.0
HIST1H2AJ,-0.0026549448,-15.43033,0.9978816630540525,1.0
HIST1H2BM,-0.0026549448,-16.360905,0.9978816630540525,1.0
HIST1H4K,-0.0026549448,-16.047365,0.9978816630540525,1.0
CXCL12,-0.0026549448,-14.938415,0.9978816630540525,1.0
AC245041.1,-0.0026549448,-15.918084,0.9978816630540525,1.0
BX324167.2,-0.0026549448,-16.729439,0.9978816630540525,1.0
GJA4,-0.0026549448,-15.107164,0.9978816630540525,1.0
AC002401.4,-0.0026549448,-14.593065,0.9978816630540525,1.0
AC008073.1,-0.0026549448,-14.083859,0.9978816630540525,1.0
FAM25C,-0.0026549448,-16.509018,0.9978816630540525,1.0
LINC02675,-0.0026549448,-15.261199,0.9978816630540525,1.0
NPY4R2,-0.0026549448,-12.877685,0.9978816630540525,1.0
LINC02637,-0.0026549448,-16.625816,0.9978816630540525,1.0
GDF10,-0.0026549448,-15.9663,0.9978816630540525,1.0
AC078993.1,-0.0026549448,-16.126802,0.9978816630540525,1.0
AC159540.1,-0.0026549448,-14.445524,0.9978816630540525,1.0
AL512347.1,-0.0026549448,-15.561604,0.9978816630540525,1.0
TFAP2D,-0.0026549448,-14.64563,0.9978816630540525,1.0
GPR21,-0.0026549448,-15.037217,0.9978816630540525,1.0
AC062015.1,-0.0026549448,-16.778755,0.9978816630540525,1.0
OR1Q1,-0.0026549448,-14.533206,0.9978816630540525,1.0
OR1B1,-0.0026549448,-12.930129,0.9978816630540525,1.0
BX546033.1,-0.0026549448,-13.657621,0.9978816630540525,1.0
AC060234.3,-0.0026549448,-15.864805,0.9978816630540525,1.0
AC100836.1,-0.0026549448,-15.704023,0.9978816630540525,1.0
LINC02578,-0.0026549448,-15.433294,0.9978816630540525,1.0
PCDH9-AS3,-0.0026549448,-14.926285,0.9978816630540525,1.0
LINC01782,-0.0026549448,-15.0454035,0.9978816630540525,1.0
TLE7,-0.0026549448,-16.319061,0.9978816630540525,1.0
SCYGR5,-0.0026549448,-14.884726,0.9978816630540525,1.0
CCL20,-0.0026549448,-15.086119,0.9978816630540525,1.0
OR1N1,-0.0026549448,-16.424791,0.9978816630540525,1.0
TM4SF1-AS1,-0.0026549448,-15.146294,0.9978816630540525,1.0
BMP8B-AS1,-0.0026549448,-16.088432,0.9978816630540525,1.0
AC010163.3,-0.0026549448,-14.892509,0.9978816630540525,1.0
AL359182.1,-0.0026549448,-15.086823,0.9978816630540525,1.0
AC110790.1,-0.0026549448,-16.790377,0.9978816630540525,1.0
AC012507.3,-0.0026549448,-15.412684,0.9978816630540525,1.0
FBXO36-IT1,-0.0026549448,-13.759205,0.9978816630540525,1.0
AC078916.1,-0.0026549448,-16.316704,0.9978816630540525,1.0
LINC02513,-0.0026549448,-15.467401,0.9978816630540525,1.0
LINC02278,-0.0026549448,-16.093256,0.9978816630540525,1.0
AL161669.1,-0.0026549448,-17.001806,0.9978816630540525,1.0
LINC02616,-0.0026549448,-12.99774,0.9978816630540525,1.0
TRBV12-5,-0.0026549448,-15.803797,0.9978816630540525,1.0
TRBV14,-0.0026549448,-15.567281,0.9978816630540525,1.0
AC245427.1,-0.0026549448,-17.137735,0.9978816630540525,1.0
TRBC2,-0.0026549448,-16.100433,0.9978816630540525,1.0
AC138360.1,-0.0026549448,-16.30826,0.9978816630540525,1.0
AC109824.1,-0.0026549448,-13.047668,0.9978816630540525,1.0
AC009159.2,-0.0026549448,-15.782659,0.9978816630540525,1.0
IL2,-0.0026549448,-15.648023,0.9978816630540525,1.0
TRBV22-1,-0.0026549448,-16.723103,0.9978816630540525,1.0
AL031767.1,-0.0026549448,-15.454579,0.9978816630540525,1.0
AC021860.1,-0.0026549448,-15.60487,0.9978816630540525,1.0
Z82206.1,-0.0026549448,-15.193148,0.9978816630540525,1.0
AC091489.1,-0.0026549448,-15.530874,0.9978816630540525,1.0
AC126755.3,-0.0026549448,-15.296356,0.9978816630540525,1.0
AC141273.1,-0.0026549448,-16.241837,0.9978816630540525,1.0
AC137056.1,-0.0026549448,-15.618611,0.9978816630540525,1.0
AL807761.3,-0.0026549448,-13.847667,0.9978816630540525,1.0
AL590609.3,-0.0026549448,-14.882369,0.9978816630540525,1.0
AC110716.2,-0.0026549448,-14.916439,0.9978816630540525,1.0
AL160313.2,-0.0026549448,-15.878314,0.9978816630540525,1.0
AADAC,-0.0026549448,-15.445793,0.9978816630540525,1.0
AC011317.1,-0.0026549448,-15.63011,0.9978816630540525,1.0
GOLGA8G,-0.0026549448,-14.701382,0.9978816630540525,1.0
SPPL2C,-0.0026549448,-16.424791,0.9978816630540525,1.0
LINC01870,-0.0026549448,-16.27308,0.9978816630540525,1.0
LINC01868,-0.0026549448,-16.749067,0.9978816630540525,1.0
AL137003.1,-0.0026549448,-16.291105,0.9978816630540525,1.0
AL080313.1,-0.0026549448,-15.814501,0.9978816630540525,1.0
AL731568.1,-0.0026549448,-15.665235,0.9978816630540525,1.0
AC024603.1,-0.0026549448,-16.191051,0.9978816630540525,1.0
LINC01152,-0.0026549448,-15.823286,0.9978816630540525,1.0
CD300LB,-0.0026549448,-16.852863,0.9978816630540525,1.0
CD300LD,-0.0026549448,-16.92407,0.9978816630540525,1.0
AC102941.2,-0.0026549448,-16.151545,0.9978816630540525,1.0
AC217774.2,-0.0026549448,-14.577111,0.9978816630540525,1.0
TRBV5-4,-0.0026549448,-16.052584,0.9978816630540525,1.0
AL590027.1,-0.0026549448,-16.515528,0.9978816630540525,1.0
AC095057.2,-0.0026549448,-15.819579,0.9978816630540525,1.0
AL121901.1,-0.0026549448,-16.376213,0.9978816630540525,1.0
FAM240A,-0.0026549448,-16.535597,0.9978816630540525,1.0
CCR5,-0.0026549448,-15.908766,0.9978816630540525,1.0
AC008992.1,-0.0026549448,-15.221281,0.9978816630540525,1.0
AC087565.1,-0.0026549448,-14.815129,0.9978816630540525,1.0
LINC02586,-0.0026549448,-14.928875,0.9978816630540525,1.0
AL137157.1,-0.0026549448,-14.633382,0.9978816630540525,1.0
AC103982.1,-0.0026549448,-15.124185,0.9978816630540525,1.0
AL022726.1,-0.0026549448,-15.6271925,0.9978816630540525,1.0
AC020897.1,-0.0026549448,-14.870042,0.9978816630540525,1.0
LINC01438,-0.0026549448,-16.528671,0.9978816630540525,1.0
AC009097.4,-0.0026549448,-15.492708,0.9978816630540525,1.0
AC092071.1,-0.0026549448,-15.656397,0.9978816630540525,1.0
AL161669.3,-0.0026549448,-16.16196,0.9978816630540525,1.0
AL583810.3,-0.0026549448,-13.847775,0.9978816630540525,1.0
AL583722.4,-0.0026549448,-15.727878,0.9978816630540525,1.0
AL512357.2,-0.0026549448,-15.12836,0.9978816630540525,1.0
AL513220.1,-0.0026549448,-15.606955,0.9978816630540525,1.0
AL445644.1,-0.0026549448,-16.626133,0.9978816630540525,1.0
TTLL11-IT1,-0.0026549448,-15.589986,0.9978816630540525,1.0
RTP3,-0.0026549448,-16.315292,0.9978816630540525,1.0
LINC02651,-0.0026549448,-16.864265,0.9978816630540525,1.0
LINC01849,-0.0026549448,-15.370442,0.9978816630540525,1.0
AL080275.1,-0.0026549448,-15.783857,0.9978816630540525,1.0
AL713998.3,-0.0026549448,-14.882141,0.9978816630540525,1.0
AL593844.1,-0.0026549448,-16.404175,0.9978816630540525,1.0
PRL,-0.0026549448,-13.953591,0.9978816630540525,1.0
GPR142,-0.0026549448,-15.314914,0.9978816630540525,1.0
OR13C4,-0.0026549448,-14.530252,0.9978816630540525,1.0
OR2K2,-0.0026549448,-14.342589,0.9978816630540525,1.0
AL161640.2,-0.0026549448,-15.844658,0.9978816630540525,1.0
AL049836.1,-0.0026549448,-16.12402,0.9978816630540525,1.0
LINC01365,-0.0026549448,-14.194572,0.9978816630540525,1.0
AC007495.1,-0.0026549448,-16.303133,0.9978816630540525,1.0
AC079411.1,-0.0026549448,-15.946647,0.9978816630540525,1.0
AC009102.1,-0.0026549448,-15.426124,0.9978816630540525,1.0
LINC02435,-0.0026549448,-13.424913,0.9978816630540525,1.0
AL355310.3,-0.0026549448,-14.933282,0.9978816630540525,1.0
AL132655.3,-0.0026549448,-14.123083,0.9978816630540525,1.0
ASCL4,-0.0026549448,-16.463758,0.9978816630540525,1.0
ERLNC1,-0.0026549448,-16.657381,0.9978816630540525,1.0
AC011595.2,-0.0026549448,-16.15358,0.9978816630540525,1.0
AC079851.1,-0.0026549448,-16.848022,0.9978816630540525,1.0
AC089983.2,-0.0026549448,-15.515231,0.9978816630540525,1.0
AC026461.3,-0.0026549448,-15.797569,0.9978816630540525,1.0
GNG8,-0.0026549448,-15.828711,0.9978816630540525,1.0
AC007193.3,-0.0026549448,-14.888308,0.9978816630540525,1.0
IGFL3,-0.0026549448,-16.430794,0.9978816630540525,1.0
AC053503.4,-0.0026549448,-16.731205,0.9978816630540525,1.0
AC087633.1,-0.0026549448,-14.882141,0.9978816630540525,1.0
AC103996.2,-0.0026549448,-15.722014,0.9978816630540525,1.0
AC093503.1,-0.0026549448,-14.686524,0.9978816630540525,1.0
HAO2,-0.0026549448,-16.324265,0.9978816630540525,1.0
AL391557.1,-0.0026549448,-16.63441,0.9978816630540525,1.0
AC004023.1,-0.0026549448,-15.512319,0.9978816630540525,1.0
HIST1H2AL,-0.0026549448,-15.620455,0.9978816630540525,1.0
LINC01893,-0.0026549448,-15.628916,0.9978816630540525,1.0
AC002386.1,-0.0026549448,-16.423231,0.9978816630540525,1.0
CTAG2,-0.0026549448,-17.1129,0.9978816630540525,1.0
FAM197Y6,-0.0026549448,-14.607206,0.9978816630540525,1.0
UGT2A1,-0.0026549448,-16.559622,0.9978816630540525,1.0
CSN1S1,-0.0026549448,-14.020936,0.9978816630540525,1.0
LINC00297,-0.0026549448,-17.008587,0.9978816630540525,1.0
LINC00365,-0.0026549448,-14.457185,0.9978816630540525,1.0
AL139420.2,-0.0026549448,-15.853343,0.9978816630540525,1.0
CABS1,-0.0026549448,-16.255342,0.9978816630540525,1.0
OPRPN,-0.0026549448,-15.823286,0.9978816630540525,1.0
AC079799.1,-0.0026549448,-16.445818,0.9978816630540525,1.0
WASIR1,-0.0026549448,-12.802032,0.9978816630540525,1.0
LINC00442,-0.0026549448,-15.288554,0.9978816630540525,1.0
AC073348.2,-0.0026549448,-15.807915,0.9978816630540525,1.0
AC002465.1,-0.0026549448,-16.100822,0.9978816630540525,1.0
AC002542.6,-0.0026549448,-16.251783,0.9978816630540525,1.0
AC108517.2,-0.0026549448,-15.648023,0.9978816630540525,1.0
AC104790.1,-0.0026549448,-15.697289,0.9978816630540525,1.0
LINC02676,-0.0026549448,-16.08286,0.9978816630540525,1.0
Z97192.3,-0.0026549448,-16.805212,0.9978816630540525,1.0
AL023802.1,-0.0026549448,-14.406673,0.9978816630540525,1.0
AC002056.2,-0.0026549448,-15.634765,0.9978816630540525,1.0
LINC02619,-0.0026549448,-15.87138,0.9978816630540525,1.0
CRIP3,-0.0026549448,-15.49068,0.9978816630540525,1.0
GUCA1A,-0.0026549448,-16.3968,0.9978816630540525,1.0
AL096814.2,-0.0026549448,-15.361115,0.9978816630540525,1.0
AL391056.2,-0.0026549448,-16.181412,0.9978816630540525,1.0
CSH1,-0.0026549448,-16.33678,0.9978816630540525,1.0
CD79B,-0.0026549448,-14.888308,0.9978816630540525,1.0
AL355870.1,-0.0026549448,-16.806364,0.9978816630540525,1.0
AL662844.3,-0.0026549448,-16.165867,0.9978816630540525,1.0
AC008734.2,-0.0026549448,-15.219918,0.9978816630540525,1.0
AC068946.3,-0.0026549448,-16.170198,0.9978816630540525,1.0
AC092596.1,-0.0026549448,-16.270594,0.9978816630540525,1.0
ODF3B,-0.0026549448,-15.367073,0.9978816630540525,1.0
TUSC8,-0.0026549448,-15.525599,0.9978816630540525,1.0
LACC1,-0.0026549448,-15.2519045,0.9978816630540525,1.0
ENOX1-AS2,-0.0026549448,-15.8152685,0.9978816630540525,1.0
AC098934.4,-0.0026549448,-16.249123,0.9978816630540525,1.0
SBSN,-0.0026549448,-15.619138,0.9978816630540525,1.0
AL139420.1,-0.0026549448,-14.64563,0.9978816630540525,1.0
AC079070.1,-0.0026549448,-16.234816,0.9978816630540525,1.0
AC090415.2,-0.0026549448,-15.437066,0.9978816630540525,1.0
AC011095.1,-0.0026549448,-12.81422,0.9978816630540525,1.0
AC009955.2,-0.0026549448,-16.714373,0.9978816630540525,1.0
CSN3,-0.0026549448,-15.806388,0.9978816630540525,1.0
AC008164.1,-0.0026549448,-16.113937,0.9978816630540525,1.0
AC010745.5,-0.0026549448,-16.019062,0.9978816630540525,1.0
AC090398.2,-0.0026549448,-15.5063925,0.9978816630540525,1.0
LINC00547,-0.0026549448,-15.517663,0.9978816630540525,1.0
TTTY22,-0.0026549448,-15.807761,0.9978816630540525,1.0
TTTY4,-0.0026549448,-16.382948,0.9978816630540525,1.0
MAFIP,-0.0026549448,-15.668377,0.9978816630540525,1.0
TNFRSF18,-0.0026549448,-15.421139,0.9978816630540525,1.0
AL627309.2,-0.0026549448,-15.570446,0.9978816630540525,1.0
AC136616.1,-0.0026549448,-15.787609,0.9978816630540525,1.0
AC145212.1,-0.0026549448,-15.923944,0.9978816630540525,1.0
DAZ1,-0.0026549448,-16.138002,0.9978816630540525,1.0
UGT2B11,-0.0026549448,-15.376224,0.9978816630540525,1.0
AC022535.2,-0.0026549448,-16.204813,0.9978816630540525,1.0
AL731533.1,-0.0026549448,-15.634365,0.9978816630540525,1.0
HCG24,-0.0026549448,-15.921095,0.9978816630540525,1.0
HLA-DQB1,-0.0026549448,-13.976273,0.9978816630540525,1.0
HLA-DRA,-0.0026549448,-14.791239,0.9978816630540525,1.0
AKR1C4,-0.0026549448,-15.63957,0.9978816630540525,1.0
LINC00708,-0.0026549448,-14.372446,0.9978816630540525,1.0
CR559946.1,-0.0026549448,-15.272378,0.9978816630540525,1.0
CR559946.2,-0.0026549448,-16.428965,0.9978816630540525,1.0
AC244452.3,-0.0026549448,-16.69137,0.9978816630540525,1.0
AL157709.1,-0.0026549448,-16.3802,0.9978816630540525,1.0
SOHLH1,-0.0026549448,-14.352281,0.9978816630540525,1.0
AL353615.1,-0.0026549448,-15.789716,0.9978816630540525,1.0
AL807752.4,-0.0026549448,-15.56627,0.9978816630540525,1.0
FUT7,-0.0026549448,-13.736662,0.9978816630540525,1.0
AL365205.4,-0.0026549448,-14.381656,0.9978816630540525,1.0
TREML2,-0.0026549448,-16.08978,0.9978816630540525,1.0
TREM1,-0.0026549448,-14.296552,0.9978816630540525,1.0
BX255925.1,-0.0026549448,-16.945423,0.9978816630540525,1.0
AC114488.1,-0.0026549448,-14.928011,0.9978816630540525,1.0
LINC00336,-0.0026549448,-16.47298,0.9978816630540525,1.0
AL392083.1,-0.0026549448,-14.635734,0.9978816630540525,1.0
AC074281.2,-0.0026549448,-14.249884,0.9978816630540525,1.0
AC012307.1,-0.0026549448,-15.7995405,0.9978816630540525,1.0
Z82214.1,-0.0026549448,-13.002543,0.9978816630540525,1.0
CRISP1,-0.0026549448,-16.086315,0.9978816630540525,1.0
CRISP3,-0.0026549448,-16.083628,0.9978816630540525,1.0
MLNR,-0.0026549448,-15.264212,0.9978816630540525,1.0
LNX1-AS2,-0.0026549448,-14.487651,0.9978816630540525,1.0
AC012506.3,-0.0026549448,-16.488073,0.9978816630540525,1.0
AC009411.1,-0.0026549448,-15.324868,0.9978816630540525,1.0
AC010872.2,-0.0026549448,-15.124185,0.9978816630540525,1.0
TDRD15,-0.0026549448,-15.462374,0.9978816630540525,1.0
FGF9,-0.0026549448,-16.091518,0.9978816630540525,1.0
AC012506.1,-0.0026549448,-15.416397,0.9978816630540525,1.0
AL355538.1,-0.0026549448,-15.510381,0.9978816630540525,1.0
AL445288.1,-0.0026549448,-15.349923,0.9978816630540525,1.0
AC093426.2,-0.0026549448,-14.884726,0.9978816630540525,1.0
AL359259.1,-0.0026549448,-16.696472,0.9978816630540525,1.0
ZP4,-0.0026549448,-15.807303,0.9978816630540525,1.0
AL122018.2,-0.0026549448,-13.744374,0.9978816630540525,1.0
IGHV1OR15-6,-0.0026549448,-16.805212,0.9978816630540525,1.0
AL158211.3,-0.0026549448,-16.07579,0.9978816630540525,1.0
C10orf113,-0.0026549448,-14.588076,0.9978816630540525,1.0
AC004590.1,-0.0026549448,-15.289373,0.9978816630540525,1.0
DERPC,-0.0026549448,-15.904959,0.9978816630540525,1.0
AL592464.3,-0.0026549448,-15.751607,0.9978816630540525,1.0
AL139246.4,-0.0026549448,-15.442916,0.9978816630540525,1.0
AC011233.2,-0.0026549448,-16.75015,0.9978816630540525,1.0
LINC01614,-0.0026549448,-16.112167,0.9978816630540525,1.0
AC012462.3,-0.0026549448,-14.985413,0.9978816630540525,1.0
OCSTAMP,-0.0026549448,-15.645199,0.9978816630540525,1.0
AL831784.1,-0.0026549448,-16.144451,0.9978816630540525,1.0
IBSP,-0.0026549448,-16.423231,0.9978816630540525,1.0
AL591742.2,-0.0026549448,-16.657381,0.9978816630540525,1.0
AL121888.2,-0.0026549448,-15.124185,0.9978816630540525,1.0
AL137078.2,-0.0026549448,-15.018136,0.9978816630540525,1.0
AL353600.2,-0.0026549448,-16.089203,0.9978816630540525,1.0
FP325330.2,-0.0026549448,-13.178947,0.9978816630540525,1.0
Z84468.2,-0.0026549448,-16.353575,0.9978816630540525,1.0
GPR158-AS1,-0.0026549448,-14.685864,0.9978816630540525,1.0
OR2H1,-0.0026549448,-15.978177,0.9978816630540525,1.0
AL590068.3,-0.0026549448,-16.021244,0.9978816630540525,1.0
OR2J3,-0.0026549448,-16.030008,0.9978816630540525,1.0
LINC01556,-0.0026549448,-16.292717,0.9978816630540525,1.0
AL132657.2,-0.0026549448,-13.631777,0.9978816630540525,1.0
AC207130.1,-0.0026549448,-15.674822,0.9978816630540525,1.0
AMELX,-0.0026549448,-14.133607,0.9978816630540525,1.0
NR0B2,-0.0026549448,-15.857946,0.9978816630540525,1.0
AL049541.2,-0.0026549448,-14.173882,0.9978816630540525,1.0
TRIM43B,-0.0026549448,-14.340628,0.9978816630540525,1.0
FAM30A,-0.0026549448,-12.120735,0.9978816630540525,1.0
AL136369.1,-0.0026549448,-15.704727,0.9978816630540525,1.0
AC016933.1,-0.0026549448,-15.531858,0.9978816630540525,1.0
AL139161.1,-0.0026549448,-15.363929,0.9978816630540525,1.0
OR7E24,-0.0026549448,-14.693203,0.9978816630540525,1.0
MUC21,-0.0026549448,-15.71235,0.9978816630540525,1.0
FAM167B,-0.0026549448,-15.555074,0.9978816630540525,1.0
AC021220.2,-0.0026549448,-16.103552,0.9978816630540525,1.0
AL365318.1,-0.0026549448,-16.897686,0.9978816630540525,1.0
AL049825.1,-0.0026549448,-14.56327,0.9978816630540525,1.0
CACNA1G-AS1,-0.0026549448,-15.748543,0.9978816630540525,1.0
AL592494.1,-0.0026549448,-15.9663,0.9978816630540525,1.0
AC090358.1,-0.0026549448,-16.176207,0.9978816630540525,1.0
AC073048.1,-0.0026549448,-15.682129,0.9978816630540525,1.0
AC007003.1,-0.0026549448,-16.21616,0.9978816630540525,1.0
AC004921.1,-0.0026549448,-15.521564,0.9978816630540525,1.0
RNF133,-0.0026549448,-14.082742,0.9978816630540525,1.0
RNF148,-0.0026549448,-15.385988,0.9978816630540525,1.0
AC211486.7,-0.0026549448,-16.351385,0.9978816630540525,1.0
AC005909.1,-0.0026549448,-14.191738,0.9978816630540525,1.0
CXCL9,-0.0026549448,-14.740947,0.9978816630540525,1.0
LINC02483,-0.0026549448,-14.677646,0.9978816630540525,1.0
LINC00349,-0.0026549448,-14.249884,0.9978816630540525,1.0
Z84468.1,-0.0026549448,-15.324342,0.9978816630540525,1.0
AL078622.1,-0.0026549448,-15.505307,0.9978816630540525,1.0
Z82202.2,-0.0026549448,-15.459693,0.9978816630540525,1.0
AL391650.2,-0.0026549448,-13.322988,0.9978816630540525,1.0
NHS-AS1,-0.0026549448,-13.393724,0.9978816630540525,1.0
GOLGA6L6,-0.0026549448,-16.626133,0.9978816630540525,1.0
HMGB4,-0.0026549448,-16.616354,0.9978816630540525,1.0
GJB4,-0.0026549448,-16.17351,0.9978816630540525,1.0
AC140118.1,-0.0026549448,-15.428282,0.9978816630540525,1.0
LINC02414,-0.0026549448,-15.962482,0.9978816630540525,1.0
ADGRD1-AS1,-0.0026549448,-15.309288,0.9978816630540525,1.0
IGKV3-11,-0.0026549448,-14.88846,0.9978816630540525,1.0
AC137630.4,-0.0026549448,-15.537654,0.9978816630540525,1.0
AC015660.3,-0.0026549448,-16.77578,0.9978816630540525,1.0
AC015660.1,-0.0026549448,-16.724857,0.9978816630540525,1.0
TMEM89,-0.0026549448,-16.17891,0.9978816630540525,1.0
AC020978.4,-0.0026549448,-16.164837,0.9978816630540525,1.0
FAM223A,-0.0026549448,-15.264814,0.9978816630540525,1.0
AC091544.7,-0.0026549448,-16.820684,0.9978816630540525,1.0
LINC00709,-0.0026549448,-13.83359,0.9978816630540525,1.0
LINC02670,-0.0026549448,-16.704004,0.9978816630540525,1.0
LST1,-0.0026549448,-16.335222,0.9978816630540525,1.0
IGKV3-7,-0.0026549448,-16.035152,0.9978816630540525,1.0
SPATA8-AS1,-0.0026549448,-14.596773,0.9978816630540525,1.0
KRT77,-0.0026549448,-16.238758,0.9978816630540525,1.0
KRT3,-0.0026549448,-13.688761,0.9978816630540525,1.0
AC010132.1,-0.0026549448,-12.592071,0.9978816630540525,1.0
SMIM10,-0.0026549448,-15.011445,0.9978816630540525,1.0
FO393408.1,-0.0026549448,-16.570953,0.9978816630540525,1.0
PPP1R1A,-0.0026549448,-15.716463,0.9978816630540525,1.0
LACRT,-0.0026549448,-14.64813,0.9978816630540525,1.0
AC026202.1,-0.0026549448,-16.214869,0.9978816630540525,1.0
AC087428.1,-0.0026549448,-16.092096,0.9978816630540525,1.0
AC018814.1,-0.0026549448,-16.507326,0.9978816630540525,1.0
Z97056.3,-0.0026549448,-16.153376,0.9978816630540525,1.0
IGLCOR22-2,-0.0026549448,-16.194424,0.9978816630540525,1.0
AL353780.1,-0.0026549448,-17.037806,0.9978816630540525,1.0
ANXA1,-0.0026549448,-16.361149,0.9978816630540525,1.0
SCRT2,-0.0026549448,-16.9513,0.9978816630540525,1.0
AL080316.1,-0.0026549448,-16.303598,0.9978816630540525,1.0
AL590727.1,-0.0026549448,-12.81422,0.9978816630540525,1.0
TMEM275,-0.0026549448,-13.424913,0.9978816630540525,1.0
AC110767.1,-0.0026549448,-16.525799,0.9978816630540525,1.0
REM1,-0.0026549448,-15.311264,0.9978816630540525,1.0
DEFB107A,-0.0026549448,-15.283752,0.9978816630540525,1.0
AC073973.1,-0.0026549448,-15.856675,0.9978816630540525,1.0
LINC2194,-0.0026549448,-15.868329,0.9978816630540525,1.0
AL137789.2,-0.0026549448,-15.295739,0.9978816630540525,1.0
FCAMR,-0.0026549448,-12.834928,0.9978816630540525,1.0
IL20,-0.0026549448,-14.582858,0.9978816630540525,1.0
AL161753.1,-0.0026549448,-15.800603,0.9978816630540525,1.0
LINC01148,-0.0026549448,-16.120253,0.9978816630540525,1.0
AL157688.1,-0.0026549448,-13.017422,0.9978816630540525,1.0
AC016825.1,-0.0026549448,-13.74879,0.9978816630540525,1.0
SNCB,-0.0026549448,-16.574558,0.9978816630540525,1.0
AC113391.2,-0.0026549448,-13.440739,0.9978816630540525,1.0
AC139491.1,-0.0026549448,-16.098684,0.9978816630540525,1.0
LINC01153,-0.0026549448,-14.963806,0.9978816630540525,1.0
BRS3,-0.0026549448,-15.105466,0.9978816630540525,1.0
NANOGP8,-0.0026549448,-16.618868,0.9978816630540525,1.0
ANKRD63,-0.0026549448,-15.828866,0.9978816630540525,1.0
AC022196.1,-0.0026549448,-16.399336,0.9978816630540525,1.0
AC025752.1,-0.0026549448,-15.66428,0.9978816630540525,1.0
AC113346.1,-0.0026549448,-15.6165085,0.9978816630540525,1.0
AL391844.1,-0.0026549448,-14.926285,0.9978816630540525,1.0
OR2L13,-0.0026549448,-16.047552,0.9978816630540525,1.0
KRT4,-0.0026549448,-16.594622,0.9978816630540525,1.0
KRT79,-0.0026549448,-15.412684,0.9978816630540525,1.0
HOXC-AS1,-0.0026549448,-15.995148,0.9978816630540525,1.0
FGF13-AS1,-0.0026549448,-14.316287,0.9978816630540525,1.0
AC097105.1,-0.0026549448,-15.399825,0.9978816630540525,1.0
AC004870.2,-0.0026549448,-15.4766865,0.9978816630540525,1.0
AC090227.3,-0.0026549448,-15.941697,0.9978816630540525,1.0
CU639417.4,-0.0026549448,-15.534815,0.9978816630540525,1.0
AC074344.2,-0.0026549448,-15.788962,0.9978816630540525,1.0
AC093817.1,-0.0026549448,-14.950573,0.9978816630540525,1.0
AC131211.1,-0.0026549448,-13.607439,0.9978816630540525,1.0
KRT36,-0.0026549448,-16.98936,0.9978816630540525,1.0
KRT34,-0.0026549448,-13.893533,0.9978816630540525,1.0
AL080284.1,-0.0026549448,-15.21613,0.9978816630540525,1.0
AL139090.1,-0.0026549448,-13.876839,0.9978816630540525,1.0
AC010983.1,-0.0026549448,-15.14243,0.9978816630540525,1.0
AC079117.1,-0.0026549448,-16.943172,0.9978816630540525,1.0
AL132990.1,-0.0026549448,-15.384228,0.9978816630540525,1.0
AC104117.5,-0.0026549448,-16.90367,0.9978816630540525,1.0
AL589166.1,-0.0026549448,-16.030926,0.9978816630540525,1.0
ADRB1,-0.0026549448,-15.988579,0.9978816630540525,1.0
AC103858.1,-0.0026549448,-16.052584,0.9978816630540525,1.0
AC106738.1,-0.0026549448,-15.765411,0.9978816630540525,1.0
LINC02140,-0.0026549448,-15.436036,0.9978816630540525,1.0
AL353658.2,-0.0026549448,-14.887392,0.9978816630540525,1.0
AC245519.2,-0.0026549448,-15.842143,0.9978816630540525,1.0
LINC01583,-0.0026549448,-13.268363,0.9978816630540525,1.0
REG1A,-0.0026549448,-15.241882,0.9978816630540525,1.0
AC135782.2,-0.0026549448,-14.871398,0.9978816630540525,1.0
AC135782.1,-0.0026549448,-13.009008,0.9978816630540525,1.0
AL138689.1,-0.0026549448,-15.470801,0.9978816630540525,1.0
OR6C1,-0.0026549448,-15.882363,0.9978816630540525,1.0
USP17L1,-0.0026549448,-15.3273945,0.9978816630540525,1.0
ZNF705G,-0.0026549448,-16.189579,0.9978816630540525,1.0
SPAG11B,-0.0026549448,-16.63569,0.9978816630540525,1.0
AF233439.3,-0.0026549448,-15.268641,0.9978816630540525,1.0
AC114550.2,-0.0026549448,-15.608651,0.9978816630540525,1.0
AC068135.2,-0.0026549448,-15.800907,0.9978816630540525,1.0
CAVIN2,-0.0026549448,-15.417412,0.9978816630540525,1.0
FASLG,-0.0026549448,-15.743454,0.9978816630540525,1.0
SOX18,-0.0026549448,-16.044207,0.9978816630540525,1.0
LINC01666,-0.0026549448,-14.33872,0.9978816630540525,1.0
LINC00443,-0.0026549448,-15.501454,0.9978816630540525,1.0
AL354741.1,-0.0026549448,-14.633382,0.9978816630540525,1.0
LINC00460,-0.0026549448,-13.33739,0.9978816630540525,1.0
FGFBP1,-0.0026549448,-15.107344,0.9978816630540525,1.0
PCGEM1,-0.0026549448,-16.246025,0.9978816630540525,1.0
NTSR2,-0.0026549448,-16.448477,0.9978816630540525,1.0
DEFB107B,-0.0026549448,-15.217392,0.9978816630540525,1.0
AC034102.8,-0.0026549448,-16.256012,0.9978816630540525,1.0
NPY5R,-0.0026549448,-15.415271,0.9978816630540525,1.0
LKAAEAR1,-0.0026549448,-15.943572,0.9978816630540525,1.0
RFPL1,-0.0026549448,-16.638577,0.9978816630540525,1.0
AKAP4,-0.0026549448,-16.276482,0.9978816630540525,1.0
LILRB1-AS1,-0.0026549448,-14.748238,0.9978816630540525,1.0
HSFY2,-0.0026549448,-15.533459,0.9978816630540525,1.0
AL356276.1,-0.0026549448,-15.456902,0.9978816630540525,1.0
SBK3,-0.0026549448,-15.724156,0.9978816630540525,1.0
PAGE1,-0.0026549448,-17.093164,0.9978816630540525,1.0
AC022039.1,-0.0026549448,-16.001394,0.9978816630540525,1.0
USP17L2,-0.0026549448,-16.185802,0.9978816630540525,1.0
LINC00529,-0.0026549448,-15.704023,0.9978816630540525,1.0
AL356275.1,-0.0026549448,-15.063225,0.9978816630540525,1.0
AC018437.2,-0.0026549448,-12.877685,0.9978816630540525,1.0
AC022832.2,-0.0026549448,-15.956779,0.9978816630540525,1.0
AC021072.1,-0.0026549448,-15.537531,0.9978816630540525,1.0
AC107918.6,-0.0026549448,-13.953591,0.9978816630540525,1.0
DEFB134,-0.0026549448,-16.424791,0.9978816630540525,1.0
ZNF705D,-0.0026549448,-16.133589,0.9978816630540525,1.0
AF131216.3,-0.0026549448,-16.274666,0.9978816630540525,1.0
KRT73-AS1,-0.0026549448,-12.312666,0.9978816630540525,1.0
KRT81,-0.0026549448,-14.137087,0.9978816630540525,1.0
KRT83,-0.0026549448,-15.629446,0.9978816630540525,1.0
AC093840.2,-0.0026549448,-14.97839,0.9978816630540525,1.0
AF131216.4,-0.0026549448,-16.550179,0.9978816630540525,1.0
AC018692.1,-0.0026549448,-14.502094,0.9978816630540525,1.0
AJ239318.1,-0.0026549448,-15.507237,0.9978816630540525,1.0
AC100779.1,-0.0026549448,-16.943172,0.9978816630540525,1.0
AC102797.1,-0.0026549448,-14.438597,0.9978816630540525,1.0
OR5BS1P,-0.0026549448,-16.496122,0.9978816630540525,1.0
AC122683.1,-0.0026549448,-15.80929,0.9978816630540525,1.0
CT45A1,-0.0026549448,-14.050978,0.9978816630540525,1.0
LINC00317,-0.0026549448,-14.711487,0.9978816630540525,1.0
AL157359.2,-0.0026549448,-16.443167,0.9978816630540525,1.0
AC120498.3,-0.0026549448,-16.012903,0.9978816630540525,1.0
AC006058.2,-0.0026549448,-14.73192,0.9978816630540525,1.0
AL008638.3,-0.0026549448,-16.262493,0.9978816630540525,1.0
AL031722.1,-0.0026549448,-15.246636,0.9978816630540525,1.0
AC068880.3,-0.0026549448,-16.441051,0.9978816630540525,1.0
TRGV8,-0.0026549448,-14.255846,0.9978816630540525,1.0
TRGV7,-0.0026549448,-15.103768,0.9978816630540525,1.0
AC026803.2,-0.0026549448,-15.733768,0.9978816630540525,1.0
BX072579.2,-0.0026549448,-13.440739,0.9978816630540525,1.0
GRK1,-0.0026549448,-15.471154,0.9978816630540525,1.0
AL442125.2,-0.0026549448,-15.688922,0.9978816630540525,1.0
AL589787.1,-0.0026549448,-15.973447,0.9978816630540525,1.0
LINC01638,-0.0026549448,-15.841986,0.9978816630540525,1.0
AL020994.3,-0.0026549448,-14.016456,0.9978816630540525,1.0
AC099329.2,-0.0026549448,-15.86881,0.9978816630540525,1.0
AC108463.3,-0.0026549448,-16.541405,0.9978816630540525,1.0
OR2C3,-0.0026549448,-13.703781,0.9978816630540525,1.0
LBX2-AS1,-0.0026549448,-16.278753,0.9978816630540525,1.0
AC068594.1,-0.0026549448,-15.64131,0.9978816630540525,1.0
C9orf135-DT,-0.0026549448,-15.507237,0.9978816630540525,1.0
PCSK1N,-0.0026549448,-15.814808,0.9978816630540525,1.0
AC066595.2,-0.0026549448,-16.136997,0.9978816630540525,1.0
AC093642.1,-0.0026549448,-15.869131,0.9978816630540525,1.0
AC114730.1,-0.0026549448,-15.430216,0.9978816630540525,1.0
AL772155.1,-0.0026549448,-15.784906,0.9978816630540525,1.0
AL590399.5,-0.0026549448,-15.403949,0.9978816630540525,1.0
FOXD2,-0.0026549448,-15.475271,0.9978816630540525,1.0
AL160286.3,-0.0026549448,-15.201565,0.9978816630540525,1.0
AL160286.2,-0.0026549448,-15.70938,0.9978816630540525,1.0
FAM138F,-0.0026549448,-16.060268,0.9978816630540525,1.0
AC087761.1,-0.0026549448,-15.997464,0.9978816630540525,1.0
AL355810.1,-0.0026549448,-14.823039,0.9978816630540525,1.0
MYO16-AS1,-0.0026549448,-13.138042,0.9978816630540525,1.0
AL161431.1,-0.0026549448,-14.995354,0.9978816630540525,1.0
LINC00676,-0.0026549448,-15.193148,0.9978816630540525,1.0
LINC02168,-0.0026549448,-15.794089,0.9978816630540525,1.0
GPR25,-0.0026549448,-15.762314,0.9978816630540525,1.0
HOXC-AS3,-0.0026549448,-15.542607,0.9978816630540525,1.0
AC120498.10,-0.0026549448,-15.489845,0.9978816630540525,1.0
LINC01738,-0.0026549448,-16.312473,0.9978816630540525,1.0
TAL1,-0.0026549448,-15.77252,0.9978816630540525,1.0
AC106739.1,-0.0026549448,-15.958676,0.9978816630540525,1.0
H1FOO,-0.0026549448,-13.884076,0.9978816630540525,1.0
LINC02836,-0.0026549448,-15.813733,0.9978816630540525,1.0
SPATA31A6,-0.0026549448,-15.234685,0.9978816630540525,1.0
AL353770.4,-0.0026549448,-14.661481,0.9978816630540525,1.0
AL353770.3,-0.0026549448,-15.495697,0.9978816630540525,1.0
TEX36-AS1,-0.0026549448,-16.260254,0.9978816630540525,1.0
AC091980.2,-0.0026549448,-15.905951,0.9978816630540525,1.0
AL354950.2,-0.0026549448,-13.889248,0.9978816630540525,1.0
AC108463.2,-0.0026549448,-15.644931,0.9978816630540525,1.0
AC013652.2,-0.0026549448,-15.870898,0.9978816630540525,1.0
LINC01168,-0.0026549448,-15.754678,0.9978816630540525,1.0
LINC02330,-0.0026549448,-15.764821,0.9978816630540525,1.0
AC113423.2,-0.0026549448,-16.126802,0.9978816630540525,1.0
LINC01863,-0.0026549448,-15.160088,0.9978816630540525,1.0
AL157888.1,-0.0026549448,-16.019062,0.9978816630540525,1.0
AC068491.2,-0.0026549448,-16.392498,0.9978816630540525,1.0
AC226101.1,-0.0026549448,-14.746583,0.9978816630540525,1.0
AC090283.1,-0.0026549448,-15.700792,0.9978816630540525,1.0
AL357127.1,-0.0026549448,-15.223912,0.9978816630540525,1.0
ACOXL-AS1,-0.0026549448,-12.877685,0.9978816630540525,1.0
AL355537.1,-0.0026549448,-13.424913,0.9978816630540525,1.0
AC121761.2,-0.0026549448,-14.740947,0.9978816630540525,1.0
GYPA,-0.0026549448,-16.153173,0.9978816630540525,1.0
AC139720.2,-0.0026549448,-15.841515,0.9978816630540525,1.0
MAGEB1,-0.0026549448,-16.849634,0.9978816630540525,1.0
LINC02601,-0.0026549448,-15.971176,0.9978816630540525,1.0
MPC1L,-0.0026549448,-15.496415,0.9978816630540525,1.0
AC092119.3,-0.0026549448,-15.347353,0.9978816630540525,1.0
HSD17B3,-0.0026549448,-16.522078,0.9978816630540525,1.0
AL133477.3,-0.0026549448,-16.027447,0.9978816630540525,1.0
AL354861.3,-0.0026549448,-15.121559,0.9978816630540525,1.0
LINC01859,-0.0026549448,-15.034499,0.9978816630540525,1.0
AL591030.1,-0.0026549448,-15.026884,0.9978816630540525,1.0
C14orf177,-0.0026549448,-14.926285,0.9978816630540525,1.0
AL049833.4,-0.0026549448,-16.346292,0.9978816630540525,1.0
AL132875.3,-0.0026549448,-16.406986,0.9978816630540525,1.0
AL132875.2,-0.0026549448,-14.842239,0.9978816630540525,1.0
AL445933.2,-0.0026549448,-15.84844,0.9978816630540525,1.0
AL132819.1,-0.0026549448,-15.181281,0.9978816630540525,1.0
LINC02312,-0.0026549448,-13.009008,0.9978816630540525,1.0
LINC02295,-0.0026549448,-15.719022,0.9978816630540525,1.0
AC104071.1,-0.0026549448,-12.81422,0.9978816630540525,1.0
AL109741.1,-0.0026549448,-15.804863,0.9978816630540525,1.0
AL392185.1,-0.0026549448,-17.08804,0.9978816630540525,1.0
AC068535.1,-0.0026549448,-14.249884,0.9978816630540525,1.0
TPBG,-0.0026549448,-15.852709,0.9978816630540525,1.0
TFAP2A-AS2,-0.0026549448,-15.49068,0.9978816630540525,1.0
LIPJ,-0.0026549448,-15.298726,0.9978816630540525,1.0
LIPF,-0.0026549448,-14.086789,0.9978816630540525,1.0
AL390760.1,-0.0026549448,-14.912474,0.9978816630540525,1.0
AL078599.2,-0.0026549448,-15.658566,0.9978816630540525,1.0
NDP,-0.0026549448,-14.48171,0.9978816630540525,1.0
AL590666.2,-0.0026549448,-13.24541,0.9978816630540525,1.0
USH1G,-0.0026549448,-16.45515,0.9978816630540525,1.0
AC011611.2,-0.0026549448,-14.054219,0.9978816630540525,1.0
AC020905.1,-0.0026549448,-13.1974,0.9978816630540525,1.0
AC026469.1,-0.0026549448,-15.816345,0.9978816630540525,1.0
AC027584.1,-0.0026549448,-12.312666,0.9978816630540525,1.0
AC123905.1,-0.0026549448,-15.944938,0.9978816630540525,1.0
AC025575.1,-0.0026549448,-16.276028,0.9978816630540525,1.0
AC073591.1,-0.0026549448,-16.32735,0.9978816630540525,1.0
WDR86-AS1,-0.0026549448,-15.815884,0.9978816630540525,1.0
CRYGN,-0.0026549448,-16.54871,0.9978816630540525,1.0
AC008060.1,-0.0026549448,-16.657381,0.9978816630540525,1.0
AC018445.1,-0.0026549448,-13.45336,0.9978816630540525,1.0
PRR30,-0.0026549448,-15.264212,0.9978816630540525,1.0
AC007786.3,-0.0026549448,-15.769553,0.9978816630540525,1.0
HAR1A,-0.0026549448,-15.246835,0.9978816630540525,1.0
AL591719.2,-0.0026549448,-15.9663,0.9978816630540525,1.0
LINC02017,-0.0026549448,-15.69743,0.9978816630540525,1.0
AC121764.2,-0.0026549448,-16.75813,0.9978816630540525,1.0
AC012467.1,-0.0026549448,-13.138042,0.9978816630540525,1.0
AC095038.5,-0.0026549448,-15.426124,0.9978816630540525,1.0
AC095038.4,-0.0026549448,-15.0090275,0.9978816630540525,1.0
AC025254.1,-0.0026549448,-16.58454,0.9978816630540525,1.0
AC099524.1,-0.0026549448,-15.10136,0.9978816630540525,1.0
AC009498.1,-0.0026549448,-14.803742,0.9978816630540525,1.0
AC018552.3,-0.0026549448,-16.17206,0.9978816630540525,1.0
ADAD2,-0.0026549448,-13.607439,0.9978816630540525,1.0
AL137781.1,-0.0026549448,-16.09558,0.9978816630540525,1.0
AC010776.3,-0.0026549448,-13.893533,0.9978816630540525,1.0
AC073188.2,-0.0026549448,-16.222416,0.9978816630540525,1.0
LINC00613,-0.0026549448,-15.4160595,0.9978816630540525,1.0
AL035250.2,-0.0026549448,-15.333414,0.9978816630540525,1.0
AC012301.2,-0.0026549448,-14.970268,0.9978816630540525,1.0
LINC02485,-0.0026549448,-16.538786,0.9978816630540525,1.0
NKILA,-0.0026549448,-16.973833,0.9978816630540525,1.0
AL132822.1,-0.0026549448,-15.951959,0.9978816630540525,1.0
AC092667.1,-0.0026549448,-16.825771,0.9978816630540525,1.0
AC063962.1,-0.0026549448,-16.627878,0.9978816630540525,1.0
AC009090.1,-0.0026549448,-15.094427,0.9978816630540525,1.0
SMIM1,-0.0026549448,-16.170818,0.9978816630540525,1.0
AF274573.1,-0.0026549448,-16.4196,0.9978816630540525,1.0
AL355677.1,-0.0026549448,-16.670237,0.9978816630540525,1.0
LINC01047,-0.0026549448,-15.875245,0.9978816630540525,1.0
AC004920.1,-0.0026549448,-16.023794,0.9978816630540525,1.0
GIMAP4,-0.0026549448,-16.28812,0.9978816630540525,1.0
GIMAP6,-0.0026549448,-15.976774,0.9978816630540525,1.0
BX640514.2,-0.0026549448,-16.583021,0.9978816630540525,1.0
AL162457.1,-0.0026549448,-14.840912,0.9978816630540525,1.0
AC131956.1,-0.0026549448,-15.610742,0.9978816630540525,1.0
VSTM2A-OT1,-0.0026549448,-14.583716,0.9978816630540525,1.0
AC090679.3,-0.0026549448,-16.272854,0.9978816630540525,1.0
AL035467.2,-0.0026549448,-16.295023,0.9978816630540525,1.0
AL512649.2,-0.0026549448,-15.092035,0.9978816630540525,1.0
LINC02650,-0.0026549448,-16.921001,0.9978816630540525,1.0
AL162427.1,-0.0026549448,-15.965258,0.9978816630540525,1.0
AL606748.1,-0.0026549448,-13.708074,0.9978816630540525,1.0
AC125421.2,-0.0026549448,-15.312202,0.9978816630540525,1.0
LINC00857,-0.0026549448,-16.200985,0.9978816630540525,1.0
AC015936.1,-0.0026549448,-16.010918,0.9978816630540525,1.0
LINC01180,-0.0026549448,-13.131856,0.9978816630540525,1.0
AC097637.3,-0.0026549448,-16.90754,0.9978816630540525,1.0
AC079075.1,-0.0026549448,-15.929328,0.9978816630540525,1.0
POM121L12,-0.0026549448,-15.444527,0.9978816630540525,1.0
AL133343.2,-0.0026549448,-15.462374,0.9978816630540525,1.0
AL445223.1,-0.0026549448,-16.890476,0.9978816630540525,1.0
AC004863.1,-0.0026549448,-16.989836,0.9978816630540525,1.0
SFRP2,-0.0026549448,-14.503019,0.9978816630540525,1.0
AC079340.3,-0.0026549448,-15.648023,0.9978816630540525,1.0
AC006372.1,-0.0026549448,-14.856779,0.9978816630540525,1.0
AC006372.2,-0.0026549448,-14.6657,0.9978816630540525,1.0
AC092723.1,-0.0026549448,-15.458412,0.9978816630540525,1.0
AC020719.1,-0.0026549448,-16.704348,0.9978816630540525,1.0
AC134312.2,-0.0026549448,-14.928875,0.9978816630540525,1.0
AC068057.1,-0.0026549448,-15.644931,0.9978816630540525,1.0
AC011899.1,-0.0026549448,-17.02778,0.9978816630540525,1.0
C1orf210,-0.0026549448,-14.163603,0.9978816630540525,1.0
AL139289.3,-0.0026549448,-15.762462,0.9978816630540525,1.0
AL136309.3,-0.0026549448,-15.03238,0.9978816630540525,1.0
AL391422.3,-0.0026549448,-16.485865,0.9978816630540525,1.0
AL355607.1,-0.0026549448,-14.687712,0.9978816630540525,1.0
AL133516.1,-0.0026549448,-15.365229,0.9978816630540525,1.0
RFPL4A,-0.0026549448,-15.380165,0.9978816630540525,1.0
AC010333.3,-0.0026549448,-16.443962,0.9978816630540525,1.0
AC136624.1,-0.0026549448,-15.63957,0.9978816630540525,1.0
RFPL4AL1,-0.0026549448,-14.932967,0.9978816630540525,1.0
AC011899.2,-0.0026549448,-14.018263,0.9978816630540525,1.0
AC078814.1,-0.0026549448,-14.854841,0.9978816630540525,1.0
AC084768.1,-0.0026549448,-16.315292,0.9978816630540525,1.0
AL161896.1,-0.0026549448,-15.377098,0.9978816630540525,1.0
FARP1-AS1,-0.0026549448,-12.592071,0.9978816630540525,1.0
ASIC5,-0.0026549448,-15.648023,0.9978816630540525,1.0
CTSE,-0.0026549448,-16.118868,0.9978816630540525,1.0
AC244035.2,-0.0026549448,-15.773262,0.9978816630540525,1.0
LGALS16,-0.0026549448,-15.695612,0.9978816630540525,1.0
LGALS14,-0.0026549448,-13.000866,0.9978816630540525,1.0
CLC,-0.0026549448,-16.549297,0.9978816630540525,1.0
SERPINA11,-0.0026549448,-15.535802,0.9978816630540525,1.0
HIST2H2AA3,-0.0026549448,-16.846415,0.9978816630540525,1.0
AC130466.1,-0.0026549448,-14.835541,0.9978816630540525,1.0
SSX3,-0.0026549448,-14.296552,0.9978816630540525,1.0
BX470209.2,-0.0026549448,-16.77764,0.9978816630540525,1.0
AL772202.1,-0.0026549448,-14.920962,0.9978816630540525,1.0
C9orf170,-0.0026549448,-14.468998,0.9978816630540525,1.0
AL133240.2,-0.0026549448,-15.388192,0.9978816630540525,1.0
AL121839.2,-0.0026549448,-14.109567,0.9978816630540525,1.0
PTX3,-0.0026549448,-16.666924,0.9978816630540525,1.0
AC084212.1,-0.0026549448,-14.155795,0.9978816630540525,1.0
KCNAB1-AS2,-0.0026549448,-15.556452,0.9978816630540525,1.0
SERPINA9,-0.0026549448,-15.66428,0.9978816630540525,1.0
COX8C,-0.0026549448,-15.030856,0.9978816630540525,1.0
AC079896.1,-0.0026549448,-14.928875,0.9978816630540525,1.0
AC010975.1,-0.0026549448,-14.403434,0.9978816630540525,1.0
PRR23C,-0.0026549448,-15.327605,0.9978816630540525,1.0
AL596211.1,-0.0026549448,-16.202047,0.9978816630540525,1.0
TCL1B,-0.0026549448,-14.868762,0.9978816630540525,1.0
TUNAR,-0.0026549448,-13.009008,0.9978816630540525,1.0
AL133467.1,-0.0026549448,-15.4328375,0.9978816630540525,1.0
AC104831.1,-0.0026549448,-16.022154,0.9978816630540525,1.0
PLCH1-AS1,-0.0026549448,-13.173243,0.9978816630540525,1.0
AC104457.2,-0.0026549448,-16.160936,0.9978816630540525,1.0
SRMS,-0.0026549448,-14.018263,0.9978816630540525,1.0
AC138035.2,-0.0026549448,-14.968812,0.9978816630540525,1.0
Z97653.1,-0.0026549448,-16.149717,0.9978816630540525,1.0
MSLN,-0.0026549448,-14.983776,0.9978816630540525,1.0
AL355338.1,-0.0026549448,-15.456785,0.9978816630540525,1.0
ZIC2,-0.0026549448,-13.507253,0.9978816630540525,1.0
AC098848.1,-0.0026549448,-16.373978,0.9978816630540525,1.0
AC024132.2,-0.0026549448,-16.25512,0.9978816630540525,1.0
AC024132.1,-0.0026549448,-16.534729,0.9978816630540525,1.0
AL353581.1,-0.0026549448,-16.281487,0.9978816630540525,1.0
SOX21,-0.0026549448,-15.395049,0.9978816630540525,1.0
LINC00557,-0.0026549448,-16.03958,0.9978816630540525,1.0
AL031058.1,-0.0026549448,-16.8557,0.9978816630540525,1.0
AC078905.1,-0.0026549448,-15.798024,0.9978816630540525,1.0
AL136972.1,-0.0026549448,-16.228271,0.9978816630540525,1.0
RIPPLY2,-0.0026549448,-15.84923,0.9978816630540525,1.0
AL158063.1,-0.0026549448,-14.972781,0.9978816630540525,1.0
LINC00554,-0.0026549448,-16.334984,0.9978816630540525,1.0
FOXL1,-0.0026549448,-14.30704,0.9978816630540525,1.0
LINC00917,-0.0026549448,-15.889359,0.9978816630540525,1.0
AC092723.4,-0.0026549448,-15.829177,0.9978816630540525,1.0
LINC02782,-0.0026549448,-15.80929,0.9978816630540525,1.0
AC091730.1,-0.0026549448,-14.826391,0.9978816630540525,1.0
CDC14C,-0.0026549448,-16.295254,0.9978816630540525,1.0
AC005481.1,-0.0026549448,-14.768871,0.9978816630540525,1.0
AC062037.2,-0.0026549448,-15.613359,0.9978816630540525,1.0
SPANXN3,-0.0026549448,-14.607206,0.9978816630540525,1.0
BX005132.1,-0.0026549448,-15.5198555,0.9978816630540525,1.0
CHRNA4,-0.0026549448,-15.314914,0.9978816630540525,1.0
LRRC10,-0.0026549448,-14.014241,0.9978816630540525,1.0
AL390862.1,-0.0026549448,-12.986098,0.9978816630540525,1.0
AL162718.3,-0.0026549448,-15.937447,0.9978816630540525,1.0
BPESC1,-0.0026549448,-13.424913,0.9978816630540525,1.0
A4GNT,-0.0026549448,-16.738667,0.9978816630540525,1.0
GJD2,-0.0026549448,-16.053705,0.9978816630540525,1.0
AL365181.4,-0.0026549448,-15.191623,0.9978816630540525,1.0
AC108051.1,-0.0026549448,-14.542878,0.9978816630540525,1.0
AC009142.1,-0.0026549448,-15.560471,0.9978816630540525,1.0
RGL3,-0.0026698601,0.55747706,0.997869762312891,1.0
LINC02447,-0.0026922333,0.96067345,0.9978519112020383,1.0
CYP7B1,-0.0026922333,-0.38472742,0.9978519112020383,1.0
AP006284.1,-0.002699691,0.82377136,0.9978459608319925,1.0
ISYNA1,-0.0027071487,0.47430992,0.9978400104620666,1.0
AP000688.2,-0.0027146065,0.6486555,0.9978340600922608,1.0
AC024563.1,-0.0027220643,0.44113982,0.9978281097225754,1.0
AL358232.2,-0.0027220643,0.51519793,0.9978281097225754,1.0
IDUA,-0.0027220643,0.5792639,0.9978281097225754,1.0
AC018680.1,-0.0027295218,0.3115777,0.9978221593530109,1.0
AC067930.4,-0.0027295218,0.46044323,0.9978221593530109,1.0
RDH14,-0.0027369796,0.005945907,0.9978162089835675,1.0
AP005482.1,-0.0027369796,0.037298918,0.9978162089835675,1.0
AC017007.5,-0.0027407084,-0.24976301,0.9978132337988913,1.0
RAB39B,-0.0027444372,0.19715855,0.9978102586142455,1.0
AL096840.2,-0.002751895,0.14728467,0.9978043082450453,1.0
AC008966.1,-0.0027593528,0.0082678115,0.9977983578759673,1.0
PIK3CD-AS2,-0.0027668104,0.38498095,0.9977924075070116,1.0
CCDC187,-0.0027668104,0.13377613,0.9977924075070116,1.0
PRODH,-0.0027668104,0.0202069,0.9977924075070116,1.0
AC007952.2,-0.0027742682,0.24466352,0.9977864571381788,1.0
ART5,-0.0027742682,0.0768291,0.9977864571381788,1.0
PDE6H,-0.0027817257,0.015412466,0.997780506769469,1.0
TRMT2B-AS1,-0.0027891835,0.28678775,0.9977745564008829,1.0
AC092809.2,-0.0027929123,0.24598156,0.9977715812166361,1.0
AC073325.1,-0.0027966413,-0.4797934,0.9977686060324203,1.0
ECE2,-0.0027966413,-0.34849995,0.9977686060324203,1.0
EPPK1,-0.0027966413,-0.2570061,0.9977686060324203,1.0
FAM83F,-0.0027966413,-0.58228683,0.9977686060324203,1.0
AC006288.1,-0.0028115567,-0.6555958,0.9977567052958679,1.0
ZNF534,-0.0028115567,-0.35698643,0.9977567052958679,1.0
SLCO1B1,-0.0028115567,-0.7770235,0.9977567052958679,1.0
TBX18,-0.0028115567,-0.17617065,0.9977567052958679,1.0
IGHEP2,-0.0028190145,-0.7540244,0.9977507549277788,1.0
TMEM88,-0.002826472,0.2659209,0.9977448045598146,1.0
AL121944.1,-0.002826472,0.2579292,0.9977448045598146,1.0
ADGRD2,-0.0028339298,-1.2889042,0.9977388541919759,1.0
AL162595.2,-0.0028413874,-1.997502,0.997732903824263,1.0
MEIS3,-0.0028413874,-0.9120534,0.997732903824263,1.0
AC090004.2,-0.0028488452,-2.0720022,0.9977269534566762,1.0
AC092079.2,-0.0028488452,-1.1365606,0.9977269534566762,1.0
TTC30A,-0.0028488452,-1.9205332,0.9977269534566762,1.0
AC099518.1,-0.002856303,-1.633686,0.9977210030892157,1.0
AC084116.3,-0.0028637606,0.025318613,0.9977150527218821,1.0
AL158151.1,-0.0028637606,-1.7539506,0.9977150527218821,1.0
AC084757.2,-0.0028712184,0.15393394,0.9977091023546756,1.0
RBM15B,-0.002882405,-0.014780434,0.9977001768041047,1.0
AC004771.5,-0.0028861337,0.051876266,0.997697201620645,1.0
TMEM255A,-0.0028935915,-0.024557976,0.9976912512538216,1.0
AC004492.1,-0.0028935915,-0.124407135,0.9976912512538216,1.0
AL137001.2,-0.0029159647,-0.12888414,0.9976734001541234,1.0
FAM72C,-0.0029159647,0.06788981,0.9976734001541234,1.0
ITPR3,-0.0029196935,0.15027405,0.9976704249709534,1.0
KLLN,-0.0029532532,-0.3444982,0.9976436483238853,1.0
LBX1,-0.0029756264,-0.22346522,0.9976257972273125,1.0
ST6GALNAC4,-0.002983084,0.0317199,0.997619846862052,1.0
LINC00350,-0.002983084,-0.58572924,0.997619846862052,1.0
CCDC172,-0.0029905417,-0.009187805,0.9976138964969237,1.0
AL049539.1,-0.0029979993,-0.33991888,0.9976079461319282,1.0
AL354766.2,-0.0030203725,-0.45777357,0.9975900950377411,1.0
IL1RAPL2,-0.0030278303,0.1873101,0.9975841446732797,1.0
AC009879.4,-0.003031559,-0.10749039,0.9975811694910993,1.0
VEGFA,-0.0030427456,-0.16018379,0.9975722439447603,1.0
ANKRD55,-0.003087492,0.091441296,0.9975365417624534,1.0
LINC01126,-0.003087492,-0.8773541,0.9975365417624534,1.0
BMP8B,-0.0030949498,0.03285374,0.9975305913992132,1.0
AC135178.6,-0.0030949498,-0.9584597,0.9975305913992132,1.0
AC087362.2,-0.0031024073,-0.95665,0.9975246410361104,1.0
AC009554.2,-0.0031695268,-0.10779145,0.9974710877744195,1.0
LINC02328,-0.0031769844,-1.5471045,0.9974651374127083,1.0
AC079160.1,-0.003214273,0.030272901,0.9974353856062734,1.0
LINC02798,-0.003236646,-0.07372454,0.9974175345241214,1.0
SCG3,-0.0032963078,-0.07557252,0.9973699316447269,1.0
AC138024.1,-0.0033298675,-0.41379705,0.9973431550291707,1.0
AC103591.4,-0.0033485119,-0.71116847,0.9973282791329304,1.0
FAM131A,-0.0033596985,-0.2207033,0.9973193535956317,1.0
ZMYM3,-0.0034529197,-0.18861562,0.9972449741312943,1.0
GLB1L2,-0.0035946162,-0.47934958,0.9971319173915691,1.0
HESX1,-0.0036319047,-0.24889109,0.9971021656274355,1.0
APOO,-0.0036356337,-0.1462621,0.997099190451243,1.0
KBTBD6,-0.0036542779,-0.26733598,0.9970843145708866,1.0
CCDC83,-0.0036990242,-0.10634708,0.9970486124621764,1.0
GAS2,-0.003758686,-0.001323599,0.9970010096597671,1.0
PPIL1,-0.0037698725,-0.15992771,0.9969920841354988,1.0
PEX19,-0.0038407207,-0.22852485,0.9969355558239194,1.0
CARMN,-0.0038407207,0.016570836,0.9969355558239194,1.0
AL645608.6,-0.0038668227,0.020614339,0.9969147296077261,1.0
PPP5D1,-0.0038929246,-0.098288216,0.9968939033936349,1.0
GPER1,-0.0038929246,-0.07732037,0.9968939033936349,1.0
PLD5,-0.0040420787,-0.41441345,0.9967748964969954,1.0
CFAP410,-0.0043553025,0.39291734,0.9965249822507533,1.0
MAGEF1,-0.0044336086,0.09236782,0.9964625037415051,1.0
SRM,-0.0047207302,-0.115153,0.9962334160627553,1.0
EIF2B5,-0.004758019,-0.22644652,0.9962036644385441,1.0
WHRN,-0.0047953078,0.23576957,0.9961739128196114,1.0
AC245060.5,-0.0048810714,-0.045082018,0.9961054841163235,1.0
AL359317.1,-0.004910902,-0.05288186,0.9960816828349123,1.0
TSPAN10,-0.0049519194,0.5664443,0.9960489560786695,1.0
UBR1,-0.0049519194,0.003976997,0.9960489560786695,1.0
AL031770.1,-0.005000395,-0.054729387,0.9960102790116843,1.0
ZNF132,-0.005142091,0.24570936,0.9958972230238157,1.0
SMIM20,-0.005186837,0.09462904,0.995861521149916,1.0
ARPP19,-0.005194295,-0.0620715,0.995855570838403,1.0
AC079352.1,-0.0052129393,0.8206616,0.9958406950606299,1.0
AC233728.1,-0.0053098896,-16.620872,0.9957633410396323,1.0
CEACAM21,-0.0053098896,-17.080889,0.9957633410396323,1.0
AC007375.3,-0.0053098896,-16.45118,0.9957633410396323,1.0
AL049637.2,-0.0053098896,-17.097715,0.9957633410396323,1.0
LINC01975,-0.0053098896,-16.83083,0.9957633410396323,1.0
AC092723.5,-0.0053098896,-16.972775,0.9957633410396323,1.0
AC016968.1,-0.0053098896,-16.792908,0.9957633410396323,1.0
PSG5,-0.0053098896,-17.040195,0.9957633410396323,1.0
AC025475.2,-0.0053098896,-16.808685,0.9957633410396323,1.0
AC007861.1,-0.0053098896,-17.230518,0.9957633410396323,1.0
AC106799.1,-0.0053098896,-16.318216,0.9957633410396323,1.0
AC091962.1,-0.0053098896,-15.959225,0.9957633410396323,1.0
OR52K1,-0.0053098896,-16.650942,0.9957633410396323,1.0
AC124057.1,-0.0053098896,-15.926997,0.9957633410396323,1.0
AP001604.1,-0.0053098896,-15.544822,0.9957633410396323,1.0
OR52B2,-0.0053098896,-17.363018,0.9957633410396323,1.0
OR51B6,-0.0053098896,-16.59102,0.9957633410396323,1.0
AC003958.2,-0.0053098896,-17.257055,0.9957633410396323,1.0
AC004870.3,-0.0053098896,-16.988964,0.9957633410396323,1.0
LINC00411,-0.0053098896,-16.23142,0.9957633410396323,1.0
GUCA2A,-0.0053098896,-16.925098,0.9957633410396323,1.0
LINC02130,-0.0053098896,-17.116299,0.9957633410396323,1.0
AC107074.1,-0.0053098896,-17.112566,0.9957633410396323,1.0
AC087242.1,-0.0053098896,-16.386953,0.9957633410396323,1.0
PLCZ1,-0.0053098896,-17.689777,0.9957633410396323,1.0
LINC02180,-0.0053098896,-16.56215,0.9957633410396323,1.0
LINC01559,-0.0053098896,-16.366655,0.9957633410396323,1.0
AC010982.1,-0.0053098896,-17.076893,0.9957633410396323,1.0
AC108168.1,-0.0053098896,-17.099041,0.9957633410396323,1.0
RNASE7,-0.0053098896,-17.141504,0.9957633410396323,1.0
AC008011.2,-0.0053098896,-17.25283,0.9957633410396323,1.0
AC084262.1,-0.0053098896,-17.700914,0.9957633410396323,1.0
AC108449.3,-0.0053098896,-16.324617,0.9957633410396323,1.0
AC099328.2,-0.0053098896,-15.963728,0.9957633410396323,1.0
AC007527.1,-0.0053098896,-15.414398,0.9957633410396323,1.0
AL031008.1,-0.0053098896,-16.62745,0.9957633410396323,1.0
TEX13C,-0.0053098896,-17.266611,0.9957633410396323,1.0
AL121655.1,-0.0053098896,-17.13048,0.9957633410396323,1.0
L29074.1,-0.0053098896,-16.712824,0.9957633410396323,1.0
ABHD16B,-0.0053098896,-16.316935,0.9957633410396323,1.0
AC068506.1,-0.0053098896,-17.373379,0.9957633410396323,1.0
AL359502.1,-0.0053098896,-15.876688,0.9957633410396323,1.0
AC114812.2,-0.0053098896,-16.258926,0.9957633410396323,1.0
FNDC11,-0.0053098896,-17.151686,0.9957633410396323,1.0
AC091493.1,-0.0053098896,-16.584074,0.9957633410396323,1.0
AC116348.2,-0.0053098896,-17.265423,0.9957633410396323,1.0
AC116348.1,-0.0053098896,-17.12997,0.9957633410396323,1.0
AL929288.1,-0.0053098896,-16.722992,0.9957633410396323,1.0
PLA2G4F,-0.0053098896,-16.75057,0.9957633410396323,1.0
AC091953.1,-0.0053098896,-15.631605,0.9957633410396323,1.0
CYP26B1,-0.0053098896,-16.83379,0.9957633410396323,1.0
LINC02554,-0.0053098896,-16.313847,0.9957633410396323,1.0
AL008638.6,-0.0053098896,-16.079725,0.9957633410396323,1.0
GKN1,-0.0053098896,-17.494524,0.9957633410396323,1.0
LINC00391,-0.0053098896,-17.757694,0.9957633410396323,1.0
SPACA4,-0.0053098896,-17.223043,0.9957633410396323,1.0
AGXT,-0.0053098896,-15.813435,0.9957633410396323,1.0
TFAP2A,-0.0053098896,-17.421358,0.9957633410396323,1.0
ANKRD22,-0.0053098896,-17.100235,0.9957633410396323,1.0
AC005479.2,-0.0053098896,-16.248804,0.9957633410396323,1.0
AC118754.2,-0.0053098896,-17.026117,0.9957633410396323,1.0
LINC02146,-0.0053098896,-16.779142,0.9957633410396323,1.0
TAS2R9,-0.0053098896,-17.02534,0.9957633410396323,1.0
HOXD3,-0.0053098896,-17.099037,0.9957633410396323,1.0
AC013402.1,-0.0053098896,-16.83563,0.9957633410396323,1.0
AC007993.2,-0.0053098896,-15.357955,0.9957633410396323,1.0
AL451065.1,-0.0053098896,-16.895103,0.9957633410396323,1.0
AC011754.1,-0.0053098896,-16.131254,0.9957633410396323,1.0
AC007159.1,-0.0053098896,-16.799206,0.9957633410396323,1.0
AC112219.1,-0.0053098896,-16.676155,0.9957633410396323,1.0
POU4F3,-0.0053098896,-17.026863,0.9957633410396323,1.0
HBA1,-0.0053098896,-16.31317,0.9957633410396323,1.0
OR11H4,-0.0053098896,-15.915177,0.9957633410396323,1.0
AC024224.2,-0.0053098896,-16.002705,0.9957633410396323,1.0
AC010503.4,-0.0053098896,-15.87525,0.9957633410396323,1.0
LINC01743,-0.0053098896,-16.843845,0.9957633410396323,1.0
AC104335.2,-0.0053098896,-17.651384,0.9957633410396323,1.0
AL122008.3,-0.0053098896,-17.212683,0.9957633410396323,1.0
KIR3DL2,-0.0053098896,-16.934422,0.9957633410396323,1.0
KIR3DL1,-0.0053098896,-17.498207,0.9957633410396323,1.0
KIR2DL1,-0.0053098896,-16.47272,0.9957633410396323,1.0
CALHM4,-0.0053098896,-17.279366,0.9957633410396323,1.0
LINC01227,-0.0053098896,-16.603083,0.9957633410396323,1.0
SDR42E1,-0.0053098896,-14.675595,0.9957633410396323,1.0
LINC00363,-0.0053098896,-17.22317,0.9957633410396323,1.0
AC087468.2,-0.0053098896,-13.942919,0.9957633410396323,1.0
ZNF467,-0.0053098896,-16.391476,0.9957633410396323,1.0
ALOX15,-0.0053098896,-16.650269,0.9957633410396323,1.0
AC068944.1,-0.0053098896,-16.545662,0.9957633410396323,1.0
FOXE1,-0.0053098896,-14.977299,0.9957633410396323,1.0
TRAJ51,-0.0053098896,-15.3671,0.9957633410396323,1.0
LINC01659,-0.0053098896,-16.547764,0.9957633410396323,1.0
LDLRAD1,-0.0053098896,-16.90261,0.9957633410396323,1.0
AL359979.1,-0.0053098896,-15.8805485,0.9957633410396323,1.0
ICOS,-0.0053098896,-16.673756,0.9957633410396323,1.0
AC092746.1,-0.0053098896,-16.751272,0.9957633410396323,1.0
CASC23,-0.0053098896,-15.691572,0.9957633410396323,1.0
NANOGNB,-0.0053098896,-17.460842,0.9957633410396323,1.0
LINC02120,-0.0053098896,-17.563852,0.9957633410396323,1.0
AC005379.1,-0.0053098896,-16.798582,0.9957633410396323,1.0
AC017076.1,-0.0053098896,-17.614508,0.9957633410396323,1.0
AL360006.1,-0.0053098896,-16.249504,0.9957633410396323,1.0
AC023762.1,-0.0053098896,-17.439781,0.9957633410396323,1.0
AC003986.2,-0.0053098896,-16.867134,0.9957633410396323,1.0
LINC00160,-0.0053098896,-14.855008,0.9957633410396323,1.0
AP000688.3,-0.0053098896,-16.180632,0.9957633410396323,1.0
AC090213.1,-0.0053098896,-17.178078,0.9957633410396323,1.0
MC4R,-0.0053098896,-17.698181,0.9957633410396323,1.0
AC108099.1,-0.0053098896,-16.963617,0.9957633410396323,1.0
AC008964.1,-0.0053098896,-14.393717,0.9957633410396323,1.0
AC005344.1,-0.0053098896,-17.139616,0.9957633410396323,1.0
AC106796.1,-0.0053098896,-16.287111,0.9957633410396323,1.0
POMC,-0.0053098896,-16.299387,0.9957633410396323,1.0
OR2A2,-0.0053098896,-17.349104,0.9957633410396323,1.0
AC110751.1,-0.0053098896,-16.47484,0.9957633410396323,1.0
PRTN3,-0.0053098896,-15.412996,0.9957633410396323,1.0
AL353633.1,-0.0053098896,-15.919515,0.9957633410396323,1.0
AL353688.1,-0.0053098896,-17.190565,0.9957633410396323,1.0
AL160154.1,-0.0053098896,-17.12293,0.9957633410396323,1.0
LINC02047,-0.0053098896,-17.417887,0.9957633410396323,1.0
LINC02077,-0.0053098896,-16.62268,0.9957633410396323,1.0
CLEC19A,-0.0053098896,-16.445683,0.9957633410396323,1.0
AC105362.1,-0.0053098896,-17.008215,0.9957633410396323,1.0
AC018511.1,-0.0053098896,-16.490488,0.9957633410396323,1.0
NMS,-0.0053098896,-17.252153,0.9957633410396323,1.0
AC091074.3,-0.0053098896,-14.924925,0.9957633410396323,1.0
AC068722.2,-0.0053098896,-16.665752,0.9957633410396323,1.0
AC117488.1,-0.0053098896,-17.242247,0.9957633410396323,1.0
AC092902.2,-0.0053098896,-16.465597,0.9957633410396323,1.0
AC117422.1,-0.0053098896,-17.073288,0.9957633410396323,1.0
AL121908.1,-0.0053098896,-16.914951,0.9957633410396323,1.0
AC005100.1,-0.0053098896,-15.980856,0.9957633410396323,1.0
Z82180.1,-0.0053098896,-15.770829,0.9957633410396323,1.0
NCF4-AS1,-0.0053098896,-16.956297,0.9957633410396323,1.0
AL096828.5,-0.0053098896,-14.364603,0.9957633410396323,1.0
AL096828.1,-0.0053098896,-17.208544,0.9957633410396323,1.0
AL121977.2,-0.0053098896,-17.092037,0.9957633410396323,1.0
MIR222HG,-0.0053098896,-17.088778,0.9957633410396323,1.0
AL359693.1,-0.0053098896,-16.49155,0.9957633410396323,1.0
AC016888.1,-0.0053098896,-17.650265,0.9957633410396323,1.0
AL121718.1,-0.0053098896,-16.218092,0.9957633410396323,1.0
LINC02291,-0.0053098896,-16.531544,0.9957633410396323,1.0
AC097372.1,-0.0053098896,-16.624609,0.9957633410396323,1.0
LINC01095,-0.0053098896,-17.11514,0.9957633410396323,1.0
AC092617.1,-0.0053098896,-16.887009,0.9957633410396323,1.0
HTR5A,-0.0053098896,-17.219183,0.9957633410396323,1.0
HSFX3,-0.0053098896,-16.072683,0.9957633410396323,1.0
AC079466.1,-0.0053098896,-16.739883,0.9957633410396323,1.0
PRNT,-0.0053098896,-17.461946,0.9957633410396323,1.0
PROKR2,-0.0053098896,-17.375156,0.9957633410396323,1.0
DLX1,-0.0053098896,-15.975838,0.9957633410396323,1.0
TRAJ54,-0.0053098896,-15.225052,0.9957633410396323,1.0
AC243972.1,-0.0053098896,-17.09999,0.9957633410396323,1.0
OR4E2,-0.0053098896,-16.109509,0.9957633410396323,1.0
AC018653.1,-0.0053098896,-16.981276,0.9957633410396323,1.0
LINC01281,-0.0053098896,-16.566877,0.9957633410396323,1.0
AC016576.1,-0.0053098896,-16.278461,0.9957633410396323,1.0
HOXA3,-0.0053098896,-17.161364,0.9957633410396323,1.0
LINC01489,-0.0053098896,-16.670162,0.9957633410396323,1.0
AGBL5-AS1,-0.0053098896,-17.533014,0.9957633410396323,1.0
AL121781.1,-0.0053098896,-16.264477,0.9957633410396323,1.0
AL139039.3,-0.0053098896,-16.386385,0.9957633410396323,1.0
AL021707.8,-0.0053098896,-17.27289,0.9957633410396323,1.0
AC012081.2,-0.0053098896,-16.773014,0.9957633410396323,1.0
LINC02031,-0.0053098896,-17.053074,0.9957633410396323,1.0
TBC1D3I,-0.0053098896,-16.828442,0.9957633410396323,1.0
IFNW1,-0.0053098896,-16.61998,0.9957633410396323,1.0
SLC25A52,-0.0053098896,-17.007492,0.9957633410396323,1.0
AC009468.1,-0.0053098896,-16.6801,0.9957633410396323,1.0
AC099681.2,-0.0053098896,-16.718609,0.9957633410396323,1.0
AC021028.1,-0.0053098896,-16.950783,0.9957633410396323,1.0
AC241644.2,-0.0053098896,-16.77292,0.9957633410396323,1.0
GIMAP2,-0.0053098896,-16.94375,0.9957633410396323,1.0
AL353746.1,-0.0053098896,-15.832532,0.9957633410396323,1.0
AL137220.1,-0.0053098896,-17.592289,0.9957633410396323,1.0
LINC01548,-0.0053098896,-16.127172,0.9957633410396323,1.0
AP000356.1,-0.0053098896,-17.31514,0.9957633410396323,1.0
AC025754.2,-0.0053098896,-16.684958,0.9957633410396323,1.0
AC114277.1,-0.0053098896,-16.907476,0.9957633410396323,1.0
AC004994.1,-0.0053098896,-17.23322,0.9957633410396323,1.0
AL390962.1,-0.0053098896,-17.01136,0.9957633410396323,1.0
PPP3R2,-0.0053098896,-17.056978,0.9957633410396323,1.0
AL162385.1,-0.0053098896,-15.693513,0.9957633410396323,1.0
AL031587.4,-0.0053098896,-17.27153,0.9957633410396323,1.0
IL36G,-0.0053098896,-15.615785,0.9957633410396323,1.0
IL37,-0.0053098896,-16.283594,0.9957633410396323,1.0
AC243830.1,-0.0053098896,-15.529472,0.9957633410396323,1.0
PAGE2B,-0.0053098896,-16.307262,0.9957633410396323,1.0
LINC02304,-0.0053098896,-16.62263,0.9957633410396323,1.0
AC018553.3,-0.0053098896,-17.178797,0.9957633410396323,1.0
TKTL2,-0.0053098896,-16.59639,0.9957633410396323,1.0
FAM242D,-0.0053098896,-17.009392,0.9957633410396323,1.0
AL590491.2,-0.0053098896,-17.121164,0.9957633410396323,1.0
GAGE1,-0.0053098896,-16.243652,0.9957633410396323,1.0
AC022440.1,-0.0053098896,-16.758514,0.9957633410396323,1.0
TLX3,-0.0053098896,-16.992075,0.9957633410396323,1.0
LINC02509,-0.0053098896,-16.859095,0.9957633410396323,1.0
KRT7,-0.0053098896,-16.846994,0.9957633410396323,1.0
AC107031.1,-0.0053098896,-17.204052,0.9957633410396323,1.0
AC097059.1,-0.0053098896,-17.150917,0.9957633410396323,1.0
AC139491.8,-0.0053098896,-16.422089,0.9957633410396323,1.0
AC139491.3,-0.0053098896,-16.661636,0.9957633410396323,1.0
AC087516.2,-0.0053098896,-17.087109,0.9957633410396323,1.0
AC097375.2,-0.0053098896,-17.39567,0.9957633410396323,1.0
AC096541.1,-0.0053098896,-16.817484,0.9957633410396323,1.0
Z73495.1,-0.0053098896,-16.927164,0.9957633410396323,1.0
SAGE1,-0.0053098896,-15.457346,0.9957633410396323,1.0
CD40LG,-0.0053098896,-16.409742,0.9957633410396323,1.0
LINC00892,-0.0053098896,-17.192383,0.9957633410396323,1.0
AC004692.2,-0.0053098896,-16.877428,0.9957633410396323,1.0
AC010746.2,-0.0053098896,-16.594784,0.9957633410396323,1.0
AC025162.1,-0.0053098896,-15.525134,0.9957633410396323,1.0
OR2AJ1,-0.0053098896,-17.813847,0.9957633410396323,1.0
AC108477.1,-0.0053098896,-16.76396,0.9957633410396323,1.0
AL157359.1,-0.0053098896,-16.5888,0.9957633410396323,1.0
AF240627.1,-0.0053098896,-17.68132,0.9957633410396323,1.0
AP001117.1,-0.0053098896,-16.28014,0.9957633410396323,1.0
HHATL-AS1,-0.0053098896,-16.463774,0.9957633410396323,1.0
AC018563.1,-0.0053098896,-17.571987,0.9957633410396323,1.0
AL133355.1,-0.0053098896,-15.957377,0.9957633410396323,1.0
KRT14,-0.0053098896,-17.3951,0.9957633410396323,1.0
LINC00452,-0.0053098896,-16.939571,0.9957633410396323,1.0
LINC01044,-0.0053098896,-16.941063,0.9957633410396323,1.0
CLRN3,-0.0053098896,-14.527761,0.9957633410396323,1.0
AL356289.1,-0.0053098896,-16.204836,0.9957633410396323,1.0
AL590432.1,-0.0053098896,-16.679209,0.9957633410396323,1.0
AC025062.3,-0.0053098896,-16.782742,0.9957633410396323,1.0
LINC00454,-0.0053098896,-16.503286,0.9957633410396323,1.0
C13orf46,-0.0053098896,-16.955467,0.9957633410396323,1.0
AL121762.2,-0.0053098896,-16.9932,0.9957633410396323,1.0
LINC01507,-0.0053098896,-16.841028,0.9957633410396323,1.0
AL157378.1,-0.0053098896,-16.04376,0.9957633410396323,1.0
LILRA1,-0.0053098896,-17.351433,0.9957633410396323,1.0
AC007491.1,-0.0053098896,-15.747735,0.9957633410396323,1.0
AL390236.1,-0.0053098896,-16.678066,0.9957633410396323,1.0
AL138899.3,-0.0053098896,-15.695115,0.9957633410396323,1.0
LILRB1,-0.0053098896,-16.834637,0.9957633410396323,1.0
DEFB118,-0.0053098896,-17.30536,0.9957633410396323,1.0
LINC00028,-0.0053098896,-15.500087,0.9957633410396323,1.0
AC092384.3,-0.0053098896,-17.175835,0.9957633410396323,1.0
AC087269.3,-0.0053098896,-17.420431,0.9957633410396323,1.0
AL356419.1,-0.0053098896,-17.237356,0.9957633410396323,1.0
P3R3URF,-0.0053098896,-17.383757,0.9957633410396323,1.0
DMBX1,-0.0053098896,-17.051266,0.9957633410396323,1.0
AC106795.5,-0.0053098896,-17.074184,0.9957633410396323,1.0
C2orf78,-0.0053098896,-17.241436,0.9957633410396323,1.0
BX664727.3,-0.0053098896,-17.016932,0.9957633410396323,1.0
AC092802.3,-0.0053098896,-17.108694,0.9957633410396323,1.0
KCNE1B,-0.0053098896,-16.721392,0.9957633410396323,1.0
AL390763.1,-0.0053098896,-16.754532,0.9957633410396323,1.0
AC090125.2,-0.0053098896,-16.563044,0.9957633410396323,1.0
MYCN,-0.0053098896,-15.452172,0.9957633410396323,1.0
TAC1,-0.0053098896,-16.480684,0.9957633410396323,1.0
AL009050.1,-0.0053098896,-17.310877,0.9957633410396323,1.0
CCNA1,-0.0053098896,-17.22894,0.9957633410396323,1.0
AL445235.1,-0.0053098896,-15.543662,0.9957633410396323,1.0
BTNL2,-0.0053098896,-17.321285,0.9957633410396323,1.0
AL354794.1,-0.0053098896,-16.981527,0.9957633410396323,1.0
CHL1-AS1,-0.0053098896,-16.551018,0.9957633410396323,1.0
AC012433.2,-0.0053098896,-17.248707,0.9957633410396323,1.0
AC008663.3,-0.0053098896,-16.86592,0.9957633410396323,1.0
AL136501.1,-0.0053098896,-17.136814,0.9957633410396323,1.0
KRT28,-0.0053098896,-17.102037,0.9957633410396323,1.0
KRT26,-0.0053098896,-16.114595,0.9957633410396323,1.0
LINC02431,-0.0053098896,-17.349138,0.9957633410396323,1.0
SIRPD,-0.0053098896,-17.474066,0.9957633410396323,1.0
LINC00354,-0.0053098896,-15.961539,0.9957633410396323,1.0
F7,-0.0053098896,-16.601227,0.9957633410396323,1.0
IL24,-0.0053098896,-17.329773,0.9957633410396323,1.0
KRT18,-0.0053098896,-16.950695,0.9957633410396323,1.0
KRTAP1-5,-0.0053098896,-16.59202,0.9957633410396323,1.0
AC092954.1,-0.0053098896,-17.166069,0.9957633410396323,1.0
LINC01222,-0.0053098896,-16.864605,0.9957633410396323,1.0
LINC01986,-0.0053098896,-15.685437,0.9957633410396323,1.0
USP17L7,-0.0053098896,-15.870465,0.9957633410396323,1.0
C8orf48,-0.0053098896,-17.079826,0.9957633410396323,1.0
FGF20,-0.0053098896,-16.913267,0.9957633410396323,1.0
AC022239.1,-0.0053098896,-17.375687,0.9957633410396323,1.0
USP27X-AS1,-0.0053098896,-16.234987,0.9957633410396323,1.0
PLA2G2F,-0.0053098896,-17.513288,0.9957633410396323,1.0
LINC01106,-0.0053098896,-17.624153,0.9957633410396323,1.0
AC105914.2,-0.0053098896,-16.496708,0.9957633410396323,1.0
AP001922.6,-0.0053098896,-16.785566,0.9957633410396323,1.0
AC093072.1,-0.0053098896,-17.097027,0.9957633410396323,1.0
CYP4F2,-0.0053098896,-16.871479,0.9957633410396323,1.0
AC093281.1,-0.0053098896,-17.117212,0.9957633410396323,1.0
TCTEX1D1,-0.0053098896,-17.466932,0.9957633410396323,1.0
KLK8,-0.0053098896,-17.034487,0.9957633410396323,1.0
AC015819.1,-0.0053098896,-16.144234,0.9957633410396323,1.0
AC008592.5,-0.0053098896,-15.965604,0.9957633410396323,1.0
AL360013.4,-0.0053098896,-16.81437,0.9957633410396323,1.0
ULBP1,-0.0053098896,-16.451082,0.9957633410396323,1.0
MORC1-AS1,-0.0053098896,-16.816908,0.9957633410396323,1.0
AC021546.1,-0.0053098896,-17.639927,0.9957633410396323,1.0
AP001922.1,-0.0053098896,-16.519403,0.9957633410396323,1.0
AC091138.1,-0.0053098896,-16.671862,0.9957633410396323,1.0
AL512658.1,-0.0053098896,-17.013403,0.9957633410396323,1.0
AC025370.1,-0.0053098896,-16.568855,0.9957633410396323,1.0
MYCT1,-0.0053098896,-14.584849,0.9957633410396323,1.0
AC105177.1,-0.0053098896,-17.041796,0.9957633410396323,1.0
AC091010.1,-0.0053098896,-15.632744,0.9957633410396323,1.0
AC141930.1,-0.0053098896,-16.850842,0.9957633410396323,1.0
AC004448.1,-0.0053098896,-17.050066,0.9957633410396323,1.0
AL049548.1,-0.0053098896,-17.075542,0.9957633410396323,1.0
NXF5,-0.0053098896,-15.986113,0.9957633410396323,1.0
ARMCX3-AS1,-0.0053098896,-16.581673,0.9957633410396323,1.0
SEC23A-AS1,-0.0053098896,-16.58737,0.9957633410396323,1.0
AL133163.3,-0.0053098896,-16.556524,0.9957633410396323,1.0
AP002761.1,-0.0053098896,-17.279922,0.9957633410396323,1.0
AC138907.2,-0.0053098896,-16.992558,0.9957633410396323,1.0
HLA-DQB2,-0.0053098896,-16.916943,0.9957633410396323,1.0
AL357075.3,-0.0053098896,-16.446362,0.9957633410396323,1.0
MRGPRE,-0.0053098896,-16.667097,0.9957633410396323,1.0
AL139243.1,-0.0053098896,-16.479002,0.9957633410396323,1.0
AC012360.2,-0.0053098896,-16.829689,0.9957633410396323,1.0
AC010884.2,-0.0053098896,-17.115297,0.9957633410396323,1.0
AC090607.4,-0.0053098896,-15.251284,0.9957633410396323,1.0
AC105020.4,-0.0053098896,-15.5209465,0.9957633410396323,1.0
Z99943.1,-0.0053098896,-17.485962,0.9957633410396323,1.0
XCL2,-0.0053098896,-16.28299,0.9957633410396323,1.0
ADAMDEC1,-0.0053098896,-16.512077,0.9957633410396323,1.0
CCDC197,-0.0053098896,-17.14643,0.9957633410396323,1.0
CGA,-0.0053098896,-16.653397,0.9957633410396323,1.0
AL450267.1,-0.0053098896,-16.999046,0.9957633410396323,1.0
AP000402.1,-0.0053098896,-15.981807,0.9957633410396323,1.0
AF212831.1,-0.0053098896,-16.737097,0.9957633410396323,1.0
RASD2,-0.0053098896,-15.773172,0.9957633410396323,1.0
ANG,-0.0053098896,-16.886955,0.9957633410396323,1.0
AC107373.1,-0.0053098896,-17.447731,0.9957633410396323,1.0
AC037459.3,-0.0053098896,-16.176945,0.9957633410396323,1.0
LINC00308,-0.0053098896,-16.993364,0.9957633410396323,1.0
CEACAM6,-0.0053098896,-17.009027,0.9957633410396323,1.0
AC007598.1,-0.0053098896,-16.226522,0.9957633410396323,1.0
OR2M3,-0.0053098896,-17.670708,0.9957633410396323,1.0
MUC2,-0.0053098896,-15.553506,0.9957633410396323,1.0
LINC02688,-0.0053098896,-17.08506,0.9957633410396323,1.0
AC091819.1,-0.0053098896,-17.199635,0.9957633410396323,1.0
IFITM5,-0.0053098896,-17.610043,0.9957633410396323,1.0
AC136475.5,-0.0053098896,-16.379097,0.9957633410396323,1.0
SYT4,-0.0053098896,-17.05726,0.9957633410396323,1.0
CR383656.10,-0.0053098896,-16.89154,0.9957633410396323,1.0
AC114291.1,-0.0053098896,-17.31165,0.9957633410396323,1.0
CYP26A1,-0.0053098896,-16.53163,0.9957633410396323,1.0
AL139118.1,-0.0053098896,-16.147243,0.9957633410396323,1.0
LINC00865,-0.0053098896,-16.195713,0.9957633410396323,1.0
SLC9A4,-0.0053098896,-16.238537,0.9957633410396323,1.0
SPANXN4,-0.0053098896,-15.784422,0.9957633410396323,1.0
AC073525.1,-0.0053098896,-16.872469,0.9957633410396323,1.0
LINC01297,-0.0053098896,-17.152132,0.9957633410396323,1.0
LINC02270,-0.0053098896,-17.421127,0.9957633410396323,1.0
AC108037.1,-0.0053098896,-17.005281,0.9957633410396323,1.0
AC112176.1,-0.0053098896,-17.246956,0.9957633410396323,1.0
AC104758.4,-0.0053098896,-16.995733,0.9957633410396323,1.0
CRABP1,-0.0053098896,-16.189472,0.9957633410396323,1.0
AC090150.2,-0.0053098896,-15.861343,0.9957633410396323,1.0
AL135784.1,-0.0053098896,-17.098845,0.9957633410396323,1.0
FAM205A,-0.0053098896,-17.25418,0.9957633410396323,1.0
SHH,-0.0053098896,-17.195559,0.9957633410396323,1.0
AC009403.3,-0.0053098896,-14.712407,0.9957633410396323,1.0
AC008060.2,-0.0053098896,-16.007963,0.9957633410396323,1.0
AC135895.1,-0.0053098896,-16.826687,0.9957633410396323,1.0
AC090155.2,-0.0053098896,-16.843313,0.9957633410396323,1.0
AC083805.3,-0.0053098896,-17.553741,0.9957633410396323,1.0
AC136443.3,-0.0053098896,-16.97583,0.9957633410396323,1.0
AC006967.3,-0.0053098896,-16.191689,0.9957633410396323,1.0
AC011899.4,-0.0053098896,-14.717895,0.9957633410396323,1.0
LINC02182,-0.0053098896,-16.176842,0.9957633410396323,1.0
AC092723.3,-0.0053098896,-17.119562,0.9957633410396323,1.0
AL391422.4,-0.0053098896,-16.532429,0.9957633410396323,1.0
CDC42EP1,-0.0053098896,-16.52422,0.9957633410396323,1.0
AC144568.2,-0.0053098896,-16.900314,0.9957633410396323,1.0
GATA2-AS1,-0.0053098896,-16.306076,0.9957633410396323,1.0
AF067845.5,-0.0053098896,-15.850237,0.9957633410396323,1.0
AC027251.1,-0.0053098896,-15.698667,0.9957633410396323,1.0
AC026991.2,-0.0053098896,-16.606707,0.9957633410396323,1.0
AVPR1A,-0.0053098896,-17.199316,0.9957633410396323,1.0
PRPH,-0.0053098896,-15.959999,0.9957633410396323,1.0
H1FNT,-0.0053098896,-16.07388,0.9957633410396323,1.0
AC025539.1,-0.0053098896,-16.628418,0.9957633410396323,1.0
AC008514.1,-0.0053098896,-16.869287,0.9957633410396323,1.0
LNCNEF,-0.0053098896,-17.262377,0.9957633410396323,1.0
AC006296.2,-0.0053098896,-16.454258,0.9957633410396323,1.0
LINC02787,-0.0053098896,-17.024145,0.9957633410396323,1.0
DNM3-IT1,-0.0053098896,-16.775766,0.9957633410396323,1.0
LINC01477,-0.0053098896,-17.10695,0.9957633410396323,1.0
ETDC,-0.0053098896,-16.190231,0.9957633410396323,1.0
ETDA,-0.0053098896,-16.714024,0.9957633410396323,1.0
AL929601.1,-0.0053098896,-16.190851,0.9957633410396323,1.0
ASDURF,-0.0053098896,-17.232738,0.9957633410396323,1.0
LINC01674,-0.0053098896,-17.27331,0.9957633410396323,1.0
AC011603.1,-0.0053098896,-15.737894,0.9957633410396323,1.0
AC104793.1,-0.0053098896,-17.101751,0.9957633410396323,1.0
FP565260.5,-0.0053098896,-15.974175,0.9957633410396323,1.0
LINC02833,-0.0053098896,-16.885124,0.9957633410396323,1.0
AC112491.1,-0.0053098896,-16.93503,0.9957633410396323,1.0
APOBR,-0.0053098896,-16.554625,0.9957633410396323,1.0
AC012456.1,-0.0053098896,-14.952547,0.9957633410396323,1.0
AC009486.1,-0.0053098896,-17.557877,0.9957633410396323,1.0
SERPINA12,-0.0053098896,-17.28449,0.9957633410396323,1.0
AL353135.1,-0.0053098896,-16.696592,0.9957633410396323,1.0
AL161912.2,-0.0053098896,-16.192646,0.9957633410396323,1.0
LTC4S,-0.0053098896,-15.7989025,0.9957633410396323,1.0
AL049747.1,-0.0053098896,-16.083176,0.9957633410396323,1.0
AC129507.1,-0.0053098896,-17.454506,0.9957633410396323,1.0
OR11H2,-0.0053098896,-17.890192,0.9957633410396323,1.0
TMEM239,-0.0053098896,-15.922097,0.9957633410396323,1.0
PTHLH,-0.0053098896,-17.047585,0.9957633410396323,1.0
AC012150.2,-0.0053098896,-16.380228,0.9957633410396323,1.0
AC243967.3,-0.0053098896,-17.112234,0.9957633410396323,1.0
GGTLC1,-0.0053098896,-16.379309,0.9957633410396323,1.0
AL591074.1,-0.0053098896,-15.789829,0.9957633410396323,1.0
AC008035.1,-0.0053098896,-17.402407,0.9957633410396323,1.0
LINC01496,-0.0053098896,-16.895082,0.9957633410396323,1.0
XAGE5,-0.0053098896,-17.67459,0.9957633410396323,1.0
CYP2F1,-0.0053098896,-16.685614,0.9957633410396323,1.0
SLC5A7,-0.0053098896,-16.506376,0.9957633410396323,1.0
SERPINA5,-0.0053098896,-15.690291,0.9957633410396323,1.0
HIST3H3,-0.0053098896,-14.760011,0.9957633410396323,1.0
AC023669.1,-0.0053098896,-15.877107,0.9957633410396323,1.0
AC008080.2,-0.0053098896,-16.047516,0.9957633410396323,1.0
AC007652.3,-0.0053098896,-16.534582,0.9957633410396323,1.0
AC083864.1,-0.0053098896,-15.846971,0.9957633410396323,1.0
LINC01096,-0.0053098896,-16.788773,0.9957633410396323,1.0
AC097526.1,-0.0053098896,-16.072645,0.9957633410396323,1.0
BLACAT1,-0.0053098896,-17.142107,0.9957633410396323,1.0
GMCL2,-0.0053098896,-17.125492,0.9957633410396323,1.0
IRX3,-0.0053098896,-17.025288,0.9957633410396323,1.0
AC023034.1,-0.0053098896,-15.139712,0.9957633410396323,1.0
PDYN,-0.0053098896,-17.256554,0.9957633410396323,1.0
SIRPG,-0.0053098896,-16.361837,0.9957633410396323,1.0
BX470209.1,-0.0053098896,-15.989124,0.9957633410396323,1.0
LINC01141,-0.0053098896,-16.81469,0.9957633410396323,1.0
AL356130.1,-0.0053098896,-16.445704,0.9957633410396323,1.0
AC011500.3,-0.0053098896,-16.80206,0.9957633410396323,1.0
AL512622.1,-0.0053098896,-16.788763,0.9957633410396323,1.0
AC103833.2,-0.0053098896,-16.650124,0.9957633410396323,1.0
AC103726.2,-0.0053098896,-16.917816,0.9957633410396323,1.0
LINC00668,-0.0053098896,-16.761726,0.9957633410396323,1.0
LINC00903,-0.0053098896,-16.695517,0.9957633410396323,1.0
AC079015.1,-0.0053098896,-16.379435,0.9957633410396323,1.0
AC079776.5,-0.0053098896,-17.12734,0.9957633410396323,1.0
AC013269.2,-0.0053098896,-17.355488,0.9957633410396323,1.0
C8A,-0.0053098896,-17.484684,0.9957633410396323,1.0
AL590408.1,-0.0053098896,-16.642397,0.9957633410396323,1.0
AC090286.1,-0.0053098896,-17.256895,0.9957633410396323,1.0
AC062032.1,-0.0053098896,-16.87219,0.9957633410396323,1.0
AC114284.1,-0.0053098896,-16.864275,0.9957633410396323,1.0
LINC02736,-0.0053098896,-17.824991,0.9957633410396323,1.0
PTGDR,-0.0053098896,-16.806908,0.9957633410396323,1.0
AC027250.2,-0.0053098896,-17.139599,0.9957633410396323,1.0
AC087439.2,-0.0053098896,-16.96536,0.9957633410396323,1.0
LINC02737,-0.0053098896,-16.29298,0.9957633410396323,1.0
TBC1D26,-0.0053098896,-15.549327,0.9957633410396323,1.0
POTEJ,-0.0053098896,-16.53898,0.9957633410396323,1.0
AC078852.2,-0.0053098896,-17.166767,0.9957633410396323,1.0
AL163973.2,-0.0053098896,-15.902778,0.9957633410396323,1.0
GPR33,-0.0053098896,-16.105978,0.9957633410396323,1.0
LINC00896,-0.0053098896,-16.723537,0.9957633410396323,1.0
AL354712.1,-0.0053098896,-17.162603,0.9957633410396323,1.0
ZNF80,-0.0053098896,-16.88372,0.9957633410396323,1.0
AP000851.1,-0.0053098896,-16.386974,0.9957633410396323,1.0
TMEM174,-0.0053098896,-15.867073,0.9957633410396323,1.0
FAM230B,-0.0053098896,-16.720274,0.9957633410396323,1.0
FAM230H,-0.0053098896,-16.669292,0.9957633410396323,1.0
AP001065.3,-0.0053098896,-17.18563,0.9957633410396323,1.0
TRIM10,-0.0053098896,-14.592688,0.9957633410396323,1.0
LINC02569,-0.0053098896,-15.858827,0.9957633410396323,1.0
AL365215.2,-0.0053098896,-17.397835,0.9957633410396323,1.0
AL031663.2,-0.0053098896,-16.666553,0.9957633410396323,1.0
AL391095.2,-0.0053098896,-16.644505,0.9957633410396323,1.0
AC239800.2,-0.0053098896,-15.395553,0.9957633410396323,1.0
HCG22,-0.0053098896,-16.346432,0.9957633410396323,1.0
CDSN,-0.0053098896,-17.252644,0.9957633410396323,1.0
AL845331.2,-0.0053098896,-16.855316,0.9957633410396323,1.0
AL133493.2,-0.0053098896,-16.688906,0.9957633410396323,1.0
AP002812.3,-0.0053098896,-16.218979,0.9957633410396323,1.0
AL023283.1,-0.0053098896,-15.696433,0.9957633410396323,1.0
AL138916.2,-0.0053098896,-16.435211,0.9957633410396323,1.0
PRAMEF2,-0.0053098896,-15.420521,0.9957633410396323,1.0
AL354824.2,-0.0053098896,-16.797058,0.9957633410396323,1.0
SPINT3,-0.0053098896,-15.588168,0.9957633410396323,1.0
MIR4307HG,-0.0053098896,-15.806943,0.9957633410396323,1.0
TCP10L2,-0.0053098896,-16.757238,0.9957633410396323,1.0
GK2,-0.0053098896,-17.119944,0.9957633410396323,1.0
AIF1,-0.0053098896,-16.803503,0.9957633410396323,1.0
TNF,-0.0053098896,-16.57618,0.9957633410396323,1.0
LY6G6E,-0.0053098896,-17.57263,0.9957633410396323,1.0
LY6G6F,-0.0053098896,-16.54453,0.9957633410396323,1.0
PLAAT4,-0.0053098896,-15.8930025,0.9957633410396323,1.0
AC020891.2,-0.0053098896,-14.259172,0.9957633410396323,1.0
AC010501.2,-0.0053098896,-16.792566,0.9957633410396323,1.0
SIK1,-0.0053098896,-17.214739,0.9957633410396323,1.0
MACROD2-IT1,-0.0053098896,-16.595201,0.9957633410396323,1.0
AL359511.2,-0.0053098896,-16.323065,0.9957633410396323,1.0
SEMG1,-0.0053098896,-16.652473,0.9957633410396323,1.0
SERPINB12,-0.0053098896,-16.498125,0.9957633410396323,1.0
LINC01822,-0.0053098896,-16.21691,0.9957633410396323,1.0
C18orf65,-0.0053098896,-17.078726,0.9957633410396323,1.0
LINC02393,-0.0053098896,-16.319643,0.9957633410396323,1.0
AL161665.2,-0.0053098896,-16.899986,0.9957633410396323,1.0
MTRNR2L11,-0.0053098896,-17.733297,0.9957633410396323,1.0
AC015909.1,-0.0053098896,-16.875927,0.9957633410396323,1.0
AC004707.1,-0.0053098896,-17.007862,0.9957633410396323,1.0
TRIM15,-0.0053098896,-17.438366,0.9957633410396323,1.0
AC087386.1,-0.0053098896,-16.9734,0.9957633410396323,1.0
AC122688.2,-0.0053098896,-17.49039,0.9957633410396323,1.0
LINC02825,-0.0053098896,-16.928768,0.9957633410396323,1.0
AC234644.2,-0.0053098896,-15.344132,0.9957633410396323,1.0
PRG2,-0.0053098896,-17.187376,0.9957633410396323,1.0
LINC02244,-0.0053098896,-17.60825,0.9957633410396323,1.0
AC117469.1,-0.0053098896,-17.305449,0.9957633410396323,1.0
OR5A1,-0.0053098896,-16.326635,0.9957633410396323,1.0
OR5AN1,-0.0053098896,-16.150463,0.9957633410396323,1.0
LDLRAD4-AS1,-0.0053098896,-16.412304,0.9957633410396323,1.0
C1GALT1C1L,-0.0053098896,-16.925625,0.9957633410396323,1.0
SPP1,-0.0053098896,-17.455713,0.9957633410396323,1.0
IL31,-0.0053098896,-16.957083,0.9957633410396323,1.0
AL008718.2,-0.0053098896,-15.418841,0.9957633410396323,1.0
IGHD,-0.0053098896,-16.318825,0.9957633410396323,1.0
AC012668.2,-0.0053098896,-16.582066,0.9957633410396323,1.0
ARHGEF16,-0.0053098896,-17.237629,0.9957633410396323,1.0
AC007938.1,-0.0053098896,-16.75642,0.9957633410396323,1.0
AC016831.6,-0.0053098896,-17.023531,0.9957633410396323,1.0
MACORIS,-0.0053098896,-16.892023,0.9957633410396323,1.0
OSTN-AS1,-0.0053098896,-16.257624,0.9957633410396323,1.0
AC087477.3,-0.0053098896,-17.104988,0.9957633410396323,1.0
AC123784.1,-0.0053098896,-17.044987,0.9957633410396323,1.0
PNMA6E,-0.0053098896,-15.994192,0.9957633410396323,1.0
OR11A1,-0.0053098896,-17.438248,0.9957633410396323,1.0
OR5V1,-0.0053098896,-16.753849,0.9957633410396323,1.0
OR2J2,-0.0053098896,-16.726048,0.9957633410396323,1.0
CCDC116,-0.0053098896,-16.932047,0.9957633410396323,1.0
AL138773.1,-0.0053098896,-17.243065,0.9957633410396323,1.0
AC148477.4,-0.0053098896,-15.4161,0.9957633410396323,1.0
AC079031.2,-0.0053098896,-17.246042,0.9957633410396323,1.0
SOWAHB,-0.0053098896,-16.40288,0.9957633410396323,1.0
AC073578.2,-0.0053098896,-16.241688,0.9957633410396323,1.0
AC140118.2,-0.0053098896,-16.967705,0.9957633410396323,1.0
OOSP2,-0.0053098896,-17.092855,0.9957633410396323,1.0
AL583825.1,-0.0053098896,-18.145256,0.9957633410396323,1.0
SLN,-0.0053098896,-16.818615,0.9957633410396323,1.0
AP001981.2,-0.0053098896,-16.498857,0.9957633410396323,1.0
FABP4,-0.0053098896,-17.297623,0.9957633410396323,1.0
AP005242.3,-0.0053098896,-16.564608,0.9957633410396323,1.0
PSG7,-0.0053098896,-17.154636,0.9957633410396323,1.0
L34079.3,-0.0053098896,-16.430408,0.9957633410396323,1.0
TMEM132D-AS1,-0.0053098896,-16.718933,0.9957633410396323,1.0
AC026358.1,-0.0053098896,-17.016647,0.9957633410396323,1.0
AL162724.1,-0.0053098896,-16.678926,0.9957633410396323,1.0
LINC02283,-0.0053098896,-17.12298,0.9957633410396323,1.0
CCDC74B,-0.0053098896,-17.240185,0.9957633410396323,1.0
MS4A6A,-0.0053098896,-15.919154,0.9957633410396323,1.0
AC067942.4,-0.0053098896,-16.008968,0.9957633410396323,1.0
LINC00575,-0.0053098896,-16.601648,0.9957633410396323,1.0
AP002008.4,-0.0053098896,-16.686491,0.9957633410396323,1.0
AL450992.3,-0.0053098896,-17.213095,0.9957633410396323,1.0
AP000879.2,-0.0053098896,-17.297228,0.9957633410396323,1.0
AP000365.1,-0.0053098896,-16.546888,0.9957633410396323,1.0
MEDAG,-0.0053098896,-17.018724,0.9957633410396323,1.0
AC012101.2,-0.0053098896,-16.815437,0.9957633410396323,1.0
LNCPRESS1,-0.0053098896,-17.148998,0.9957633410396323,1.0
C4A,-0.0053098896,-16.6654,0.9957633410396323,1.0
PAEP,-0.0053098896,-16.703163,0.9957633410396323,1.0
AL391415.1,-0.0053098896,-16.637129,0.9957633410396323,1.0
PNPLA4,-0.0053098896,-16.79751,0.9957633410396323,1.0
LHX3,-0.0053098896,-16.694748,0.9957633410396323,1.0
OR4D1,-0.0053098896,-17.530361,0.9957633410396323,1.0
AC007325.1,-0.0053098896,-17.179153,0.9957633410396323,1.0
KRTDAP,-0.0053098896,-15.540055,0.9957633410396323,1.0
AC112504.3,-0.0053098896,-16.620111,0.9957633410396323,1.0
AC027458.1,-0.0053098896,-16.192806,0.9957633410396323,1.0
AC091691.2,-0.0053098896,-17.053612,0.9957633410396323,1.0
MPO,-0.0053098896,-15.947942,0.9957633410396323,1.0
TREM2,-0.0053098896,-16.132078,0.9957633410396323,1.0
HLA-DRB5,-0.0053098896,-17.021122,0.9957633410396323,1.0
AC009971.1,-0.0053098896,-16.624376,0.9957633410396323,1.0
AL358333.1,-0.0053098896,-17.166239,0.9957633410396323,1.0
LINC02757,-0.0053098896,-17.22882,0.9957633410396323,1.0
AP003119.1,-0.0053098896,-17.28029,0.9957633410396323,1.0
LINC02529,-0.0053098896,-16.994503,0.9957633410396323,1.0
AL356417.2,-0.0053098896,-17.141819,0.9957633410396323,1.0
RAET1G,-0.0053098896,-17.67443,0.9957633410396323,1.0
AC104958.2,-0.0053098896,-16.988392,0.9957633410396323,1.0
AC007485.1,-0.0053098896,-16.453201,0.9957633410396323,1.0
AC010542.1,-0.0053098896,-16.675879,0.9957633410396323,1.0
ATXN3L,-0.0053098896,-16.493809,0.9957633410396323,1.0
SFTA1P,-0.0053098896,-16.244911,0.9957633410396323,1.0
AL512631.2,-0.0053098896,-16.445553,0.9957633410396323,1.0
AC022535.1,-0.0053098896,-17.076223,0.9957633410396323,1.0
LINC00705,-0.0053098896,-16.88059,0.9957633410396323,1.0
TUBAL3,-0.0053098896,-17.18198,0.9957633410396323,1.0
STATH,-0.0053098896,-15.891862,0.9957633410396323,1.0
AL117382.1,-0.0053098896,-16.479761,0.9957633410396323,1.0
TMEM210,-0.0053098896,-14.583472,0.9957633410396323,1.0
LINC02662,-0.0053098896,-17.314856,0.9957633410396323,1.0
AL451164.1,-0.0053098896,-15.872511,0.9957633410396323,1.0
LINC02639,-0.0053098896,-16.782564,0.9957633410396323,1.0
CXCL5,-0.0053098896,-16.301342,0.9957633410396323,1.0
AC103808.4,-0.0053098896,-14.249568,0.9957633410396323,1.0
AC010406.1,-0.0053098896,-15.949578,0.9957633410396323,1.0
PLA2G2D,-0.0053098896,-16.604385,0.9957633410396323,1.0
GGTLC3,-0.0053098896,-15.05278,0.9957633410396323,1.0
MAG,-0.0053098896,-16.921753,0.9957633410396323,1.0
AP001021.1,-0.0053098896,-16.741312,0.9957633410396323,1.0
AC011043.2,-0.0053098896,-16.973305,0.9957633410396323,1.0
AL627309.3,-0.0053098896,-16.328003,0.9957633410396323,1.0
AL354822.1,-0.0053098896,-17.107578,0.9957633410396323,1.0
RGCC,-0.0053098896,-17.049402,0.9957633410396323,1.0
BNIP5,-0.0053098896,-17.313158,0.9957633410396323,1.0
AC105446.1,-0.0053098896,-16.00075,0.9957633410396323,1.0
MUC3A,-0.0053098896,-16.716816,0.9957633410396323,1.0
TTTY13,-0.0053098896,-17.688335,0.9957633410396323,1.0
AC005746.1,-0.0053098896,-16.44955,0.9957633410396323,1.0
OR4F5,-0.0053098896,-16.334333,0.9957633410396323,1.0
EOMES,-0.0053098896,-15.734519,0.9957633410396323,1.0
AL035447.1,-0.0053098896,-16.341305,0.9957633410396323,1.0
AC098825.1,-0.0053098896,-17.743483,0.9957633410396323,1.0
LINC02358,-0.0053098896,-15.964728,0.9957633410396323,1.0
AP002982.2,-0.0053098896,-15.994344,0.9957633410396323,1.0
AP001547.1,-0.0053098896,-15.950316,0.9957633410396323,1.0
AC136944.1,-0.0053098896,-17.031876,0.9957633410396323,1.0
AC005828.4,-0.0053098896,-16.191072,0.9957633410396323,1.0
CSHL1,-0.0053098896,-16.332518,0.9957633410396323,1.0
AC108517.1,-0.0053098896,-16.994864,0.9957633410396323,1.0
F8A3,-0.0053098896,-16.590765,0.9957633410396323,1.0
SRY,-0.0053098896,-17.104933,0.9957633410396323,1.0
AL391845.2,-0.0053098896,-16.64108,0.9957633410396323,1.0
AC002529.1,-0.0053098896,-17.131004,0.9957633410396323,1.0
LINC01853,-0.0053098896,-15.794337,0.9957633410396323,1.0
AC015909.4,-0.0053098896,-16.025753,0.9957633410396323,1.0
AP002340.1,-0.0053098896,-16.010775,0.9957633410396323,1.0
AL020997.5,-0.0053098896,-17.254316,0.9957633410396323,1.0
AL353803.1,-0.0053098896,-16.832804,0.9957633410396323,1.0
AL158151.2,-0.0053098896,-17.170599,0.9957633410396323,1.0
AL359813.2,-0.0053098896,-16.20054,0.9957633410396323,1.0
AC104777.2,-0.0053098896,-15.812411,0.9957633410396323,1.0
AC104024.3,-0.0053098896,-17.382093,0.9957633410396323,1.0
AC104024.1,-0.0053098896,-16.423988,0.9957633410396323,1.0
AC022596.2,-0.0053098896,-17.024452,0.9957633410396323,1.0
AP001269.2,-0.0053098896,-16.665089,0.9957633410396323,1.0
Z97205.1,-0.0053098896,-17.211172,0.9957633410396323,1.0
AL450345.1,-0.0053098896,-17.24985,0.9957633410396323,1.0
MMP9,-0.0053098896,-16.929724,0.9957633410396323,1.0
AL136131.2,-0.0053098896,-14.589758,0.9957633410396323,1.0
AC005730.2,-0.0053098896,-17.380888,0.9957633410396323,1.0
AL645933.2,-0.0053098896,-15.693602,0.9957633410396323,1.0
AL590677.1,-0.0053098896,-17.444664,0.9957633410396323,1.0
AL158168.1,-0.0053098896,-17.162457,0.9957633410396323,1.0
LINC02494,-0.0053098896,-17.652422,0.9957633410396323,1.0
AC093787.2,-0.0053098896,-16.791101,0.9957633410396323,1.0
AC074044.1,-0.0053098896,-17.208866,0.9957633410396323,1.0
AC097709.1,-0.0053098896,-17.779522,0.9957633410396323,1.0
FAM138E,-0.0053098896,-15.85914,0.9957633410396323,1.0
AL590787.1,-0.0053098896,-16.751465,0.9957633410396323,1.0
LINC02496,-0.0053098896,-16.376966,0.9957633410396323,1.0
FAM187B,-0.0053098896,-15.802117,0.9957633410396323,1.0
RESP18,-0.0053098896,-17.094244,0.9957633410396323,1.0
GH2,-0.0053098896,-16.537735,0.9957633410396323,1.0
AC145543.1,-0.0053098896,-16.791712,0.9957633410396323,1.0
AL031656.1,-0.0053098896,-16.830996,0.9957633410396323,1.0
AP003498.1,-0.0053098896,-17.268797,0.9957633410396323,1.0
LINC00352,-0.0053098896,-16.931145,0.9957633410396323,1.0
AL359538.4,-0.0053098896,-15.829764,0.9957633410396323,1.0
LINC00566,-0.0053098896,-17.26084,0.9957633410396323,1.0
AFP,-0.0053098896,-17.295343,0.9957633410396323,1.0
AL035691.1,-0.0053098896,-16.904242,0.9957633410396323,1.0
AL109933.5,-0.0053098896,-14.643615,0.9957633410396323,1.0
AL591069.1,-0.0053098896,-16.72713,0.9957633410396323,1.0
AP001574.1,-0.0053098896,-16.447027,0.9957633410396323,1.0
AC004471.2,-0.0053098896,-16.450138,0.9957633410396323,1.0
AC074131.1,-0.0053098896,-17.235273,0.9957633410396323,1.0
AC008525.1,-0.0053098896,-16.894434,0.9957633410396323,1.0
COL18A1-AS2,-0.0053098896,-15.003326,0.9957633410396323,1.0
AL021395.1,-0.0053098896,-16.101444,0.9957633410396323,1.0
AP002993.1,-0.0053098896,-16.42402,0.9957633410396323,1.0
AL451007.2,-0.0053098896,-17.110737,0.9957633410396323,1.0
AC104462.2,-0.0053098896,-17.212275,0.9957633410396323,1.0
AP003501.2,-0.0053098896,-15.836712,0.9957633410396323,1.0
PATE3,-0.0053098896,-16.503815,0.9957633410396323,1.0
OR8G5,-0.0053098896,-16.60142,0.9957633410396323,1.0
AC106719.1,-0.0053098896,-16.52711,0.9957633410396323,1.0
AC100826.1,-0.0053098896,-16.410107,0.9957633410396323,1.0
AC110048.2,-0.0053098896,-15.615572,0.9957633410396323,1.0
AC103809.1,-0.0053098896,-17.38168,0.9957633410396323,1.0
C17orf77,-0.0053098896,-15.927406,0.9957633410396323,1.0
AL049836.2,-0.0053098896,-16.785557,0.9957633410396323,1.0
AC005592.1,-0.0053098896,-16.139126,0.9957633410396323,1.0
LINC02851,-0.0053098896,-17.002167,0.9957633410396323,1.0
AL590560.3,-0.0053098896,-15.345253,0.9957633410396323,1.0
TLR8,-0.0053098896,-16.978485,0.9957633410396323,1.0
TMEM119,-0.0053098896,-17.345999,0.9957633410396323,1.0
AC093765.5,-0.0053098896,-15.883496,0.9957633410396323,1.0
LINC00239,-0.0053098896,-16.14896,0.9957633410396323,1.0
LINC01354,-0.0053098896,-17.26731,0.9957633410396323,1.0
MT4,-0.0053098896,-16.36361,0.9957633410396323,1.0
AL158198.2,-0.0053098896,-17.271524,0.9957633410396323,1.0
AL713998.4,-0.0053098896,-15.22856,0.9957633410396323,1.0
AC034245.1,-0.0053098896,-15.94854,0.9957633410396323,1.0
AC007877.1,-0.0053098896,-16.69592,0.9957633410396323,1.0
AC027307.1,-0.0053098896,-16.882235,0.9957633410396323,1.0
AC079385.3,-0.0053098896,-16.956495,0.9957633410396323,1.0
TRBV26,-0.0053098896,-17.190142,0.9957633410396323,1.0
PRSS2,-0.0053098896,-15.147274,0.9957633410396323,1.0
FAM83C,-0.0053098896,-17.043802,0.9957633410396323,1.0
MT1G,-0.0053098896,-17.214006,0.9957633410396323,1.0
EVA1B,-0.0053098896,-17.096508,0.9957633410396323,1.0
DRGX,-0.0053098896,-17.208807,0.9957633410396323,1.0
MCEMP1,-0.0053098896,-15.943961,0.9957633410396323,1.0
AL133268.2,-0.0053098896,-16.217201,0.9957633410396323,1.0
HIST1H1T,-0.0053098896,-16.153633,0.9957633410396323,1.0
AC084880.3,-0.0053098896,-17.258217,0.9957633410396323,1.0
AL354810.1,-0.0053098896,-17.22245,0.9957633410396323,1.0
RLN1,-0.0053098896,-17.287344,0.9957633410396323,1.0
AC005618.2,-0.0053098896,-16.981258,0.9957633410396323,1.0
LINC02721,-0.0053098896,-15.950788,0.9957633410396323,1.0
AC095030.1,-0.0053098896,-17.365364,0.9957633410396323,1.0
MYCBP2-AS2,-0.0053098896,-16.581446,0.9957633410396323,1.0
AL139002.1,-0.0053098896,-16.55059,0.9957633410396323,1.0
AC011507.1,-0.0053098896,-17.756252,0.9957633410396323,1.0
EXOC3L4,-0.0053098896,-16.41746,0.9957633410396323,1.0
LRRC2-AS1,-0.0053098896,-17.084719,0.9957633410396323,1.0
AC016999.1,-0.0053098896,-16.991135,0.9957633410396323,1.0
AC145625.2,-0.0053098896,-15.373402,0.9957633410396323,1.0
CLCNKA,-0.0053098896,-16.743944,0.9957633410396323,1.0
AL031779.1,-0.0053098896,-17.131557,0.9957633410396323,1.0
PACERR,-0.0053098896,-17.108057,0.9957633410396323,1.0
AC117945.1,-0.0053098896,-17.066874,0.9957633410396323,1.0
AL359399.1,-0.0053098896,-14.932844,0.9957633410396323,1.0
AC009097.2,-0.0053098896,-16.530357,0.9957633410396323,1.0
AC139718.1,-0.0053098896,-17.275541,0.9957633410396323,1.0
PDZD3,-0.0053098896,-16.329304,0.9957633410396323,1.0
AP003396.3,-0.0053098896,-17.383705,0.9957633410396323,1.0
LINC02744,-0.0053098896,-16.684586,0.9957633410396323,1.0
LBHD2,-0.0053098896,-14.983218,0.9957633410396323,1.0
LINC02009,-0.0053098896,-16.442154,0.9957633410396323,1.0
TGFBR3L,-0.0053098896,-16.675867,0.9957633410396323,1.0
AC026369.1,-0.0053098896,-15.506106,0.9957633410396323,1.0
AC022441.2,-0.0053098896,-17.38249,0.9957633410396323,1.0
AP000842.3,-0.0053098896,-16.81261,0.9957633410396323,1.0
FAM90A26,-0.0053098896,-16.576906,0.9957633410396323,1.0
ZG16B,-0.0053098896,-17.169157,0.9957633410396323,1.0
FAM138D,-0.0053098896,-16.283686,0.9957633410396323,1.0
LINC02684,-0.0053098896,-16.049717,0.9957633410396323,1.0
NTM-IT,-0.0053098896,-16.769768,0.9957633410396323,1.0
AP004550.1,-0.0053098896,-15.275263,0.9957633410396323,1.0
CPXM1,-0.0053098896,-15.732572,0.9957633410396323,1.0
AC017015.2,-0.0053098896,-17.244251,0.9957633410396323,1.0
AC131902.1,-0.0053098896,-16.49196,0.9957633410396323,1.0
OPRK1,-0.0053098896,-16.74029,0.9957633410396323,1.0
AP000322.2,-0.0053098896,-15.8520355,0.9957633410396323,1.0
AL391262.1,-0.0053098896,-16.713554,0.9957633410396323,1.0
OXT,-0.0053098896,-16.675615,0.9957633410396323,1.0
GPRC6A,-0.0053098896,-15.10884,0.9957633410396323,1.0
AL512283.1,-0.0053098896,-16.369675,0.9957633410396323,1.0
AL357513.1,-0.0053098896,-16.774204,0.9957633410396323,1.0
LINC01812,-0.0053098896,-16.129885,0.9957633410396323,1.0
AC025674.2,-0.0053098896,-16.26728,0.9957633410396323,1.0
TMEM61,-0.0053098896,-15.688268,0.9957633410396323,1.0
TRAJ19,-0.0053098896,-16.700308,0.9957633410396323,1.0
TRAJ23,-0.0053098896,-16.368135,0.9957633410396323,1.0
TRAJ25,-0.0053098896,-17.571981,0.9957633410396323,1.0
LILRA4,-0.0053098896,-16.401632,0.9957633410396323,1.0
AC245884.9,-0.0053098896,-15.900754,0.9957633410396323,1.0
AC245884.1,-0.0053098896,-17.0307,0.9957633410396323,1.0
AL589678.1,-0.0053098896,-16.556005,0.9957633410396323,1.0
C11orf44,-0.0053098896,-16.795721,0.9957633410396323,1.0
AC104119.1,-0.0053098896,-17.758781,0.9957633410396323,1.0
AC093292.1,-0.0053098896,-16.214096,0.9957633410396323,1.0
CCDC194,-0.0053098896,-17.042795,0.9957633410396323,1.0
AC090152.1,-0.0053098896,-16.192747,0.9957633410396323,1.0
AC068075.2,-0.0053098896,-16.548239,0.9957633410396323,1.0
AC010163.1,-0.0053098896,-17.519106,0.9957633410396323,1.0
MT1M,-0.0053098896,-16.560944,0.9957633410396323,1.0
AL161640.1,-0.0053098896,-17.262947,0.9957633410396323,1.0
AL589863.2,-0.0053098896,-16.879688,0.9957633410396323,1.0
LINC01108,-0.0053098896,-16.691616,0.9957633410396323,1.0
LINC02032,-0.0053098896,-17.660429,0.9957633410396323,1.0
AC103831.1,-0.0053098896,-16.699238,0.9957633410396323,1.0
AP000696.3,-0.0053098896,-15.991374,0.9957633410396323,1.0
AC084834.1,-0.0053098896,-17.081717,0.9957633410396323,1.0
AL356313.1,-0.0053098896,-17.150244,0.9957633410396323,1.0
AC093689.1,-0.0053098896,-15.553148,0.9957633410396323,1.0
LINC02401,-0.0053098896,-15.923306,0.9957633410396323,1.0
OR9A2,-0.0053098896,-16.71435,0.9957633410396323,1.0
AC093001.2,-0.0053098896,-14.737827,0.9957633410396323,1.0
LINC02003,-0.0053098896,-17.3316,0.9957633410396323,1.0
AC007922.1,-0.0053098896,-16.87813,0.9957633410396323,1.0
LINC02517,-0.0053098896,-17.032745,0.9957633410396323,1.0
AC021393.1,-0.0053098896,-16.796432,0.9957633410396323,1.0
AC245427.2,-0.0053098896,-16.472052,0.9957633410396323,1.0
AC009145.2,-0.0053098896,-16.742746,0.9957633410396323,1.0
AC007879.1,-0.0053098896,-17.301168,0.9957633410396323,1.0
LINC01857,-0.0053098896,-16.722363,0.9957633410396323,1.0
AC022679.2,-0.0053098896,-16.419054,0.9957633410396323,1.0
C10orf105,-0.0053098896,-16.672531,0.9957633410396323,1.0
AL356234.3,-0.0053098896,-16.689692,0.9957633410396323,1.0
LGALS12,-0.0053098896,-16.233925,0.9957633410396323,1.0
DDI1,-0.0053098896,-16.53877,0.9957633410396323,1.0
AP003043.1,-0.0053098896,-16.905172,0.9957633410396323,1.0
IRGC,-0.0053098896,-16.810617,0.9957633410396323,1.0
AL158058.1,-0.0053098896,-16.67185,0.9957633410396323,1.0
LINC00955,-0.0053098896,-16.276255,0.9957633410396323,1.0
CMA1,-0.0053098896,-17.434942,0.9957633410396323,1.0
LINC02293,-0.0053098896,-16.246809,0.9957633410396323,1.0
AP005482.2,-0.0053098896,-16.281044,0.9957633410396323,1.0
AP005131.6,-0.0053098896,-16.667152,0.9957633410396323,1.0
KLK3,-0.0053098896,-17.145128,0.9957633410396323,1.0
IL10RA,-0.0053098896,-16.9766,0.9957633410396323,1.0
LINC02190,-0.0053098896,-16.403784,0.9957633410396323,1.0
HCST,-0.0053098896,-17.05872,0.9957633410396323,1.0
AC023813.4,-0.0053098896,-15.849827,0.9957633410396323,1.0
AC023813.3,-0.0053098896,-16.91003,0.9957633410396323,1.0
LINC02735,-0.0053098896,-16.626343,0.9957633410396323,1.0
SPDYE8P,-0.0053098896,-15.7498,0.9957633410396323,1.0
AC183088.3,-0.0053098896,-16.855446,0.9957633410396323,1.0
AL391097.2,-0.0053098896,-16.91199,0.9957633410396323,1.0
AC084880.4,-0.0053098896,-16.900711,0.9957633410396323,1.0
LINC01052,-0.0053098896,-16.278896,0.9957633410396323,1.0
LINC00395,-0.0053098896,-15.853664,0.9957633410396323,1.0
KLK4,-0.0053098896,-16.761242,0.9957633410396323,1.0
NXPH3,-0.0053098896,-16.605524,0.9957633410396323,1.0
FXYD4,-0.0053098896,-16.002598,0.9957633410396323,1.0
AC009081.1,-0.0053098896,-17.078856,0.9957633410396323,1.0
SCYGR4,-0.0053098896,-16.864124,0.9957633410396323,1.0
AC026471.3,-0.0053098896,-17.347773,0.9957633410396323,1.0
AL357558.3,-0.0053098896,-17.497305,0.9957633410396323,1.0
AL136102.1,-0.0053098896,-17.066895,0.9957633410396323,1.0
AL603832.2,-0.0053098896,-16.694347,0.9957633410396323,1.0
LINC00898,-0.0053098896,-15.766675,0.9957633410396323,1.0
AC087071.1,-0.0053098896,-16.59819,0.9957633410396323,1.0
DMP1,-0.0053098896,-14.929232,0.9957633410396323,1.0
AC090505.2,-0.0053098896,-16.795238,0.9957633410396323,1.0
TCHHL1,-0.0053098896,-16.714436,0.9957633410396323,1.0
LINC01333,-0.0053098896,-17.513653,0.9957633410396323,1.0
AL590989.1,-0.0053098896,-15.573886,0.9957633410396323,1.0
LINC02630,-0.0053098896,-16.665695,0.9957633410396323,1.0
AL645937.2,-0.0053098896,-16.528988,0.9957633410396323,1.0
AP001628.2,-0.0053098896,-16.638128,0.9957633410396323,1.0
IL9,-0.0053098896,-16.752687,0.9957633410396323,1.0
AL591468.2,-0.0053098896,-16.943872,0.9957633410396323,1.0
AL109910.2,-0.0053098896,-16.65452,0.9957633410396323,1.0
DMRTC1,-0.0053098896,-17.083235,0.9957633410396323,1.0
AL360178.2,-0.0053098896,-17.599403,0.9957633410396323,1.0
AC083841.1,-0.0053098896,-16.628767,0.9957633410396323,1.0
SLURP1,-0.0053098896,-16.959938,0.9957633410396323,1.0
AL031429.1,-0.0053098896,-16.922297,0.9957633410396323,1.0
AP002008.3,-0.0053098896,-16.290752,0.9957633410396323,1.0
LINC01891,-0.0053098896,-16.934416,0.9957633410396323,1.0
AC018761.4,-0.0053098896,-17.568712,0.9957633410396323,1.0
KLF1,-0.0053098896,-16.12703,0.9957633410396323,1.0
AL596442.1,-0.0053098896,-16.953482,0.9957633410396323,1.0
AC093627.1,-0.0053098896,-17.001734,0.9957633410396323,1.0
IL22RA2,-0.0053098896,-17.030436,0.9957633410396323,1.0
AL135902.1,-0.0053098896,-15.759826,0.9957633410396323,1.0
UGT1A1,-0.0053098896,-16.078003,0.9957633410396323,1.0
AC093520.1,-0.0053098896,-16.408915,0.9957633410396323,1.0
OR8H2,-0.0053098896,-16.89002,0.9957633410396323,1.0
AC010247.2,-0.0053098896,-15.293088,0.9957633410396323,1.0
AC138420.1,-0.0053098896,-16.806547,0.9957633410396323,1.0
AL132799.1,-0.0053098896,-17.093632,0.9957633410396323,1.0
GSTA5,-0.0053098896,-16.078157,0.9957633410396323,1.0
AC040963.1,-0.0053098896,-16.621025,0.9957633410396323,1.0
PCDHB7,-0.0053098896,-17.311317,0.9957633410396323,1.0
AC013275.1,-0.0053098896,-16.91639,0.9957633410396323,1.0
AP003392.4,-0.0053098896,-16.84048,0.9957633410396323,1.0
AC008780.2,-0.0053098896,-16.75409,0.9957633410396323,1.0
FOXA2,-0.0053098896,-15.884558,0.9957633410396323,1.0
PCDHAC1,-0.0053098896,-16.884985,0.9957633410396323,1.0
AC108134.1,-0.0053098896,-15.27344,0.9957633410396323,1.0
CLEC18C,-0.0053098896,-16.063337,0.9957633410396323,1.0
LMO7DN,-0.0053098896,-17.00386,0.9957633410396323,1.0
AC138207.5,-0.0053098896,-17.149572,0.9957633410396323,1.0
AC105393.2,-0.0053098896,-17.171745,0.9957633410396323,1.0
AC133565.1,-0.0053098896,-16.57128,0.9957633410396323,1.0
MAGEE2,-0.0053098896,-16.448273,0.9957633410396323,1.0
AC244517.9,-0.0053098896,-16.463785,0.9957633410396323,1.0
AC244517.4,-0.0053098896,-16.96066,0.9957633410396323,1.0
AC002351.1,-0.0053098896,-17.042706,0.9957633410396323,1.0
AL139824.1,-0.0053098896,-17.121931,0.9957633410396323,1.0
AL157414.4,-0.0053098896,-16.40393,0.9957633410396323,1.0
AC073270.1,-0.0053098896,-16.815853,0.9957633410396323,1.0
BX546450.2,-0.0053098896,-16.31787,0.9957633410396323,1.0
AL021368.3,-0.0053098896,-17.114016,0.9957633410396323,1.0
AC002398.2,-0.0053098896,-16.542437,0.9957633410396323,1.0
AC090912.2,-0.0053098896,-17.038092,0.9957633410396323,1.0
LINC01741,-0.0053098896,-17.242794,0.9957633410396323,1.0
ZMYND10-AS1,-0.0053098896,-17.287666,0.9957633410396323,1.0
TIFAB,-0.0053098896,-16.175064,0.9957633410396323,1.0
AC005544.1,-0.0053098896,-16.728634,0.9957633410396323,1.0
AL807740.1,-0.0053098896,-17.65256,0.9957633410396323,1.0
CBLL2,-0.0053098896,-15.462507,0.9957633410396323,1.0
AL356157.1,-0.0053098896,-17.242474,0.9957633410396323,1.0
GJB3,-0.0053098896,-16.84592,0.9957633410396323,1.0
AC069214.1,-0.0053098896,-16.740757,0.9957633410396323,1.0
AL035454.1,-0.0053098896,-17.314817,0.9957633410396323,1.0
AC022098.4,-0.0053098896,-16.631413,0.9957633410396323,1.0
AC096589.2,-0.0053098896,-16.271954,0.9957633410396323,1.0
AC005209.1,-0.0053098896,-16.248783,0.9957633410396323,1.0
AL109837.3,-0.0053098896,-16.984804,0.9957633410396323,1.0
AC123786.3,-0.0053098896,-16.732735,0.9957633410396323,1.0
AL355314.2,-0.0053098896,-16.17955,0.9957633410396323,1.0
AC106052.1,-0.0053098896,-17.45523,0.9957633410396323,1.0
LINC00458,-0.0053098896,-16.68626,0.9957633410396323,1.0
LINC00479,-0.0053098896,-16.804602,0.9957633410396323,1.0
AC011853.2,-0.0053098896,-17.198252,0.9957633410396323,1.0
AC004233.1,-0.0053098896,-16.21639,0.9957633410396323,1.0
AC104012.1,-0.0053098896,-17.8377,0.9957633410396323,1.0
AC026367.2,-0.0053098896,-17.237091,0.9957633410396323,1.0
LINC00842,-0.0053098896,-16.80043,0.9957633410396323,1.0
ANTXRL,-0.0053098896,-15.586782,0.9957633410396323,1.0
HOXB7,-0.0053098896,-16.919851,0.9957633410396323,1.0
PLEKHF1,-0.0053098896,-16.87568,0.9957633410396323,1.0
AC008798.3,-0.0053098896,-16.924873,0.9957633410396323,1.0
LINC01029,-0.0053098896,-16.035715,0.9957633410396323,1.0
TRIM49B,-0.0053098896,-16.967142,0.9957633410396323,1.0
SAMSN1-AS1,-0.0053359917,1.018376,0.9957425149638296,1.0
LINC02730,-0.0053359917,0.98085576,0.9957425149638296,1.0
AC015574.1,-0.0053434493,0.86199147,0.9957365646569895,1.0
AL353072.2,-0.0053434493,0.95362836,0.9957365646569895,1.0
SLCO6A1,-0.0053434493,0.9605123,0.9957365646569895,1.0
HIST1H4D,-0.005350907,0.6080688,0.9957306143503866,1.0
LINC02466,-0.005350907,0.6853266,0.9957306143503866,1.0
PLIN3,-0.0053658225,-0.10030769,0.9957187137378933,1.0
AL355353.1,-0.0053658225,0.2980355,0.9957187137378933,1.0
RSPO4,-0.00537328,0.3498986,0.9957127634320038,1.0
AL392172.2,-0.00537328,0.45851526,0.9957127634320038,1.0
AC032044.1,-0.005377009,0.17814937,0.9957097882791484,1.0
AC008914.1,-0.0053807376,0.48625326,0.9957068131263527,1.0
AP000844.2,-0.0053844666,-0.2535897,0.9957038379736166,1.0
Z98886.1,-0.0053881956,0.056356173,0.9957008628209403,1.0
LINC02540,-0.005395653,0.17805302,0.9956949125157669,1.0
AC073941.1,-0.005395653,0.3695849,0.9956949125157669,1.0
AL158055.1,-0.005395653,0.23594598,0.9956949125157669,1.0
LINC01350,-0.005395653,0.31322452,0.9956949125157669,1.0
GABRA4,-0.005395653,0.15624934,0.9956949125157669,1.0
AC087521.4,-0.005395653,0.18024924,0.9956949125157669,1.0
AC138470.2,-0.005399382,0.3458479,0.9956919373632701,1.0
EFNB3,-0.0054031108,0.22537564,0.9956889622108331,1.0
SNAP91,-0.0054180264,-0.1588121,0.9956770616016851,1.0
AC026786.2,-0.0054180264,-0.051864903,0.9956770616016851,1.0
HSD17B14,-0.0054217554,0.42963153,0.9956740864495482,1.0
AP003064.1,-0.005425484,0.09998674,0.9956711112974715,1.0
NPB,-0.005425484,0.06091864,0.9956711112974715,1.0
LINC00574,-0.005425484,-0.102659106,0.9956711112974715,1.0
AC117386.1,-0.0054403995,-0.4333737,0.995659210689767,1.0
CFAP97D2,-0.0054403995,-0.4571077,0.995659210689767,1.0
EDN2,-0.005447857,-0.36969414,0.9956532603862768,1.0
AC069287.1,-0.005447857,-0.4428591,0.9956532603862768,1.0
AC048352.1,-0.005447857,-0.3282351,0.9956532603862768,1.0
SH2D7,-0.0054553146,-0.28908458,0.9956473100830283,1.0
AC021321.1,-0.0054627727,-0.34930065,0.9956413597800219,1.0
PROX2,-0.0054627727,-0.4901136,0.9956413597800219,1.0
PCSK9,-0.005477688,-0.5375242,0.9956294591747366,1.0
AC084855.1,-0.005477688,-0.6021993,0.9956294591747366,1.0
LINC02102,-0.005485146,-0.7275256,0.9956235088724583,1.0
ARHGAP20,-0.005485146,-0.53495103,0.9956235088724583,1.0
AC087721.1,-0.005485146,-1.0797051,0.9956235088724583,1.0
AL713851.1,-0.005485146,-1.0712626,0.9956235088724583,1.0
NYX,-0.0054926034,-1.0650225,0.9956175585704236,1.0
AC010601.1,-0.0054926034,-1.2042516,0.9956175585704236,1.0
SPATS1,-0.005500061,-1.2367694,0.9956116082686325,1.0
AC006033.2,-0.005500061,-1.2592955,0.9956116082686325,1.0
AL158069.1,-0.005500061,-1.4530395,0.9956116082686325,1.0
LINC02086,-0.005500061,-1.3420357,0.9956116082686325,1.0
CATSPERZ,-0.005507519,-1.8632073,0.9956056579670854,1.0
AC007387.3,-0.005507519,-1.4167993,0.9956056579670854,1.0
ANXA3,-0.005507519,-1.8162552,0.9956056579670854,1.0
DSG1-AS1,-0.005507519,-1.9312525,0.9956056579670854,1.0
AC114321.1,-0.005507519,-1.5126904,0.9956056579670854,1.0
AC005076.1,-0.0055149766,-2.1138744,0.9955997076657829,1.0
GOLT1A,-0.0055149766,-1.9460728,0.9955997076657829,1.0
CCDC84-DT,-0.0055187056,0.21004695,0.9955967325152234,1.0
AL353699.1,-0.005522434,-1.9663727,0.995593757364725,1.0
CTCFL,-0.005522434,-2.1801572,0.995593757364725,1.0
AC005021.1,-0.005522434,-1.9978014,0.995593757364725,1.0
LINC01284,-0.005522434,-1.7472985,0.995593757364725,1.0
AP000864.1,-0.005529892,-1.7736052,0.9955878070639123,1.0
RTCB,-0.005559723,-0.10961577,0.9955640058631183,1.0
AC027128.1,-0.005559723,-0.16594757,0.9955640058631183,1.0
ART1,-0.005578367,-0.23435535,0.9955491301146253,1.0
AC010230.1,-0.00560074,-0.13383056,0.9955312792184764,1.0
KCNMA1-AS1,-0.005608198,-0.33595842,0.9955253289202567,1.0
AC010809.3,-0.005615656,-0.47661284,0.9955193786222859,1.0
AC024933.2,-0.005638029,-0.32723004,0.99550152772987,1.0
IL4,-0.005638029,-0.45765862,0.99550152772987,1.0
ZC3H12C,-0.0056417575,-0.062268704,0.9954985525813527,1.0
AC084398.2,-0.005652944,-0.52602327,0.9954896271361765,1.0
AC009902.2,-0.005690233,0.12873846,0.9954598756563383,1.0
CHRNB2,-0.0056976904,-0.62619436,0.9954539253611269,1.0
AL354872.2,-0.005705148,-0.7083588,0.9954479750661683,1.0
FAM78A,-0.005787183,-0.7684788,0.9953825218384058,1.0
AC067751.1,-0.0057909116,-0.2265132,0.9953795466924243,1.0
DOK5,-0.005802098,-1.5963267,0.9953706212548655,1.0
ACTN3,-0.005809556,-1.5134712,0.9953646709634815,1.0
LINC01517,-0.005820743,-0.31682047,0.9953557455268888,1.0
AC020907.4,-0.0058468445,-0.087247215,0.9953349195104345,1.0
ABRA,-0.0058505735,-0.001151642,0.995331944365486,1.0
GRASP,-0.0058692177,-1.5345527,0.9953170686417173,1.0
AL391001.1,-0.005917693,-0.07592345,0.9952783917675498,1.0
CAV2,-0.005936337,-0.2383717,0.9952635160496655,1.0
KLC3,-0.005966168,-0.19274752,0.9952397149044772,1.0
CCL26,-0.005973626,-0.24218328,0.9952337646188412,1.0
AC008496.2,-0.0060593896,-0.8958926,0.9951653363531631,1.0
DGCR6L,-0.0060780337,-0.08430111,0.9951504606479212,1.0
CDH10,-0.0061488817,-1.1870414,0.9950939329834201,1.0
LAMC2,-0.0062085437,-1.2258861,0.9950463307587182,1.0
AC022537.1,-0.006324138,-0.43251893,0.9949541014986856,1.0
LINC00310,-0.0063353246,-0.03764978,0.9949451760899828,1.0
RGS7BP,-0.006417359,-0.38274822,0.9948797231122289,1.0
AL355075.1,-0.006458377,-0.13079584,0.994846996636246,1.0
AC116337.3,-0.0065404116,-0.1557372,0.9947815437103436,1.0
GADD45B,-0.0066671926,-1.1235421,0.9946803892577272,1.0
BTN2A2,-0.0067827874,-0.09796698,0.9945881602724665,1.0
AC006116.8,-0.0069058393,-0.12347788,0.9944899811095823,1.0
AC117509.1,-0.0069282125,-0.18313566,0.9944721303616143,1.0
DUSP8,-0.0069319415,-0.29340884,0.9944691552372217,1.0
EHD4-AS1,-0.007204148,-0.5767928,0.9942519713669573,1.0
AL360020.1,-0.007256352,-0.1743079,0.9942103197139873,1.0
AL359094.1,-0.0073644887,-0.09983827,0.9941240413402991,1.0
BORCS7,-0.007427879,0.059715927,0.9940734643944997,1.0
ATP6V0E2-AS1,-0.00745771,0.15712778,0.9940496634870574,1.0
LINC02069,-0.0074688965,-1.2586311,0.9940407381481304,1.0
SLC22A6,-0.007487541,0.4850999,0.99402586258491,1.0
HIF1A-AS3,-0.007498727,-0.01504016,0.9940169372479741,1.0
SAMD9L,-0.007502456,0.47488376,0.9940139621358285,1.0
AC011444.1,-0.0077560185,0.24388026,0.9938116547073521,1.0
NXPH1,-0.007826867,-0.6180193,0.9937551277023048,1.0
PLEKHG1,-0.007920088,0.11449035,0.9936807501118862,1.0
CSTL1,-0.007964835,-17.06402,0.993645048887951,1.0
AC093627.22,-0.007964835,-17.819113,0.993645048887951,1.0
AL122010.1,-0.007964835,-15.917604,0.993645048887951,1.0
LINC00111,-0.007964835,-17.183317,0.993645048887951,1.0
AC008406.3,-0.007964835,-16.881603,0.993645048887951,1.0
C8orf34-AS1,-0.007964835,-16.531488,0.993645048887951,1.0
AL109910.1,-0.007964835,-17.48428,0.993645048887951,1.0
AC108134.3,-0.007964835,-17.258728,0.993645048887951,1.0
AC115220.3,-0.007964835,-17.449827,0.993645048887951,1.0
AL590502.1,-0.007964835,-17.433992,0.993645048887951,1.0
AC130469.1,-0.007964835,-16.365524,0.993645048887951,1.0
AC020911.3,-0.007964835,-17.714975,0.993645048887951,1.0
AL360294.1,-0.007964835,-17.530514,0.993645048887951,1.0
AL161640.3,-0.007964835,-17.870567,0.993645048887951,1.0
AC112495.1,-0.007964835,-17.09246,0.993645048887951,1.0
LINC01710,-0.007964835,-17.091404,0.993645048887951,1.0
LINC01624,-0.007964835,-17.75603,0.993645048887951,1.0
SLC7A3,-0.007964835,-18.267353,0.993645048887951,1.0
AC011453.1,-0.007964835,-16.76821,0.993645048887951,1.0
LINC00841,-0.007964835,-17.053839,0.993645048887951,1.0
AC012186.2,-0.007964835,-16.91058,0.993645048887951,1.0
AL133255.1,-0.007964835,-17.546984,0.993645048887951,1.0
AL356056.2,-0.007964835,-17.8018,0.993645048887951,1.0
AC016266.1,-0.007964835,-17.22785,0.993645048887951,1.0
OR8J3,-0.007964835,-16.464365,0.993645048887951,1.0
AGAP1-IT1,-0.007964835,-17.543827,0.993645048887951,1.0
AC097713.3,-0.007964835,-16.824606,0.993645048887951,1.0
AC011497.1,-0.007964835,-16.952452,0.993645048887951,1.0
AC113382.2,-0.007964835,-17.592724,0.993645048887951,1.0
ARHGAP22-IT1,-0.007964835,-17.221365,0.993645048887951,1.0
AL121895.1,-0.007964835,-16.893215,0.993645048887951,1.0
SLAMF1,-0.007964835,-17.627144,0.993645048887951,1.0
CEBPA,-0.007964835,-18.117142,0.993645048887951,1.0
TEX37,-0.007964835,-16.143686,0.993645048887951,1.0
AC009127.1,-0.007964835,-17.879374,0.993645048887951,1.0
AC123786.1,-0.007964835,-17.885756,0.993645048887951,1.0
LINC02796,-0.007964835,-18.063023,0.993645048887951,1.0
CFAP45,-0.007964835,-17.472218,0.993645048887951,1.0
AC009704.3,-0.007964835,-17.727957,0.993645048887951,1.0
ADH1C,-0.007964835,-17.565544,0.993645048887951,1.0
DPRX,-0.007964835,-16.963722,0.993645048887951,1.0
OLFM4,-0.007964835,-17.085957,0.993645048887951,1.0
BPIFB2,-0.007964835,-17.41749,0.993645048887951,1.0
PCDHA11,-0.007964835,-17.604313,0.993645048887951,1.0
LINC01213,-0.007964835,-17.487537,0.993645048887951,1.0
AC099482.2,-0.007964835,-17.403967,0.993645048887951,1.0
RDH8,-0.007964835,-17.350042,0.993645048887951,1.0
AC026402.2,-0.007964835,-17.480879,0.993645048887951,1.0
KISS1,-0.007964835,-17.62604,0.993645048887951,1.0
AL139349.1,-0.007964835,-17.75238,0.993645048887951,1.0
AC026691.1,-0.007964835,-17.496094,0.993645048887951,1.0
TRAJ40,-0.007964835,-17.575739,0.993645048887951,1.0
ACKR1,-0.007964835,-16.54488,0.993645048887951,1.0
DUSP23,-0.007964835,-17.060043,0.993645048887951,1.0
AL162727.1,-0.007964835,-16.375046,0.993645048887951,1.0
AL353742.1,-0.007964835,-17.28773,0.993645048887951,1.0
AC064805.2,-0.007964835,-17.357508,0.993645048887951,1.0
LINC02101,-0.007964835,-17.084377,0.993645048887951,1.0
AL773573.1,-0.007964835,-17.730963,0.993645048887951,1.0
PCDHA13,-0.007964835,-17.74662,0.993645048887951,1.0
TRAJ36,-0.007964835,-17.836958,0.993645048887951,1.0
AL355472.2,-0.007964835,-17.1023,0.993645048887951,1.0
AL160408.5,-0.007964835,-17.557806,0.993645048887951,1.0
AL080313.2,-0.007964835,-16.744347,0.993645048887951,1.0
AL355836.4,-0.007964835,-17.933409,0.993645048887951,1.0
AL450426.1,-0.007964835,-17.110836,0.993645048887951,1.0
APOBEC3B-AS1,-0.007964835,-16.739595,0.993645048887951,1.0
AC009549.1,-0.007964835,-16.67998,0.993645048887951,1.0
TRAJ32,-0.007964835,-17.494152,0.993645048887951,1.0
TRAJ10,-0.007964835,-17.428326,0.993645048887951,1.0
AL356652.1,-0.007964835,-16.993845,0.993645048887951,1.0
AP000322.1,-0.007964835,-15.758905,0.993645048887951,1.0
AC011124.2,-0.007964835,-16.064634,0.993645048887951,1.0
LINC00251,-0.007964835,-17.523296,0.993645048887951,1.0
AC006042.1,-0.007964835,-17.126661,0.993645048887951,1.0
AL928921.1,-0.007964835,-17.688604,0.993645048887951,1.0
OR8G1,-0.007964835,-17.32917,0.993645048887951,1.0
AL121761.1,-0.007964835,-17.26237,0.993645048887951,1.0
TRAJ1,-0.007964835,-17.315561,0.993645048887951,1.0
TRBV17,-0.007964835,-17.074623,0.993645048887951,1.0
ODF4,-0.007964835,-17.972746,0.993645048887951,1.0
AC005277.1,-0.007964835,-16.995117,0.993645048887951,1.0
CD3E,-0.007964835,-17.861877,0.993645048887951,1.0
OR5H1,-0.007964835,-17.312593,0.993645048887951,1.0
LINC01872,-0.007964835,-17.739925,0.993645048887951,1.0
AC120194.1,-0.007964835,-17.130333,0.993645048887951,1.0
AL109954.1,-0.007964835,-17.96493,0.993645048887951,1.0
AL033539.2,-0.007964835,-16.861177,0.993645048887951,1.0
AL133268.3,-0.007964835,-16.262777,0.993645048887951,1.0
AL078623.1,-0.007964835,-16.275867,0.993645048887951,1.0
AC112721.2,-0.007964835,-17.198103,0.993645048887951,1.0
AL117378.1,-0.007964835,-17.467024,0.993645048887951,1.0
VNN2,-0.007964835,-17.591745,0.993645048887951,1.0
AC116666.1,-0.007964835,-17.402744,0.993645048887951,1.0
AC125603.3,-0.007964835,-17.281755,0.993645048887951,1.0
PCDH9-AS1,-0.007964835,-16.828436,0.993645048887951,1.0
AL139286.2,-0.007964835,-16.816711,0.993645048887951,1.0
TEKT2,-0.007964835,-17.233072,0.993645048887951,1.0
AL591845.1,-0.007964835,-17.085997,0.993645048887951,1.0
AC027277.2,-0.007964835,-17.180044,0.993645048887951,1.0
DMRT3,-0.007964835,-17.24594,0.993645048887951,1.0
LINC01991,-0.007964835,-16.756687,0.993645048887951,1.0
AC026620.1,-0.007964835,-16.431112,0.993645048887951,1.0
ZNF835,-0.007964835,-17.333143,0.993645048887951,1.0
AC018521.3,-0.007964835,-17.837282,0.993645048887951,1.0
AL357936.1,-0.007964835,-17.496288,0.993645048887951,1.0
AC019171.1,-0.007964835,-17.078997,0.993645048887951,1.0
AP001360.1,-0.007964835,-16.640306,0.993645048887951,1.0
ATXN8OS,-0.007964835,-16.457943,0.993645048887951,1.0
LINC02841,-0.007964835,-17.124054,0.993645048887951,1.0
TMEM238L,-0.007964835,-17.986427,0.993645048887951,1.0
TFAP2C,-0.007964835,-17.740875,0.993645048887951,1.0
AC004067.1,-0.007964835,-17.992945,0.993645048887951,1.0
AC254562.2,-0.007964835,-17.33767,0.993645048887951,1.0
AL133383.1,-0.007964835,-17.21918,0.993645048887951,1.0
PCDHGC5,-0.007964835,-16.549408,0.993645048887951,1.0
AC005618.3,-0.007964835,-16.736328,0.993645048887951,1.0
CLCNKB,-0.007964835,-17.779028,0.993645048887951,1.0
GIPC3,-0.007964835,-17.324478,0.993645048887951,1.0
LINC01069,-0.007964835,-16.655228,0.993645048887951,1.0
OR9A4,-0.007964835,-17.365707,0.993645048887951,1.0
AC069023.1,-0.007964835,-17.523724,0.993645048887951,1.0
AC112253.1,-0.007964835,-16.899715,0.993645048887951,1.0
TSPAN2,-0.007964835,-17.554913,0.993645048887951,1.0
EXOC1L,-0.007964835,-17.612984,0.993645048887951,1.0
FAM43A,-0.007964835,-17.277727,0.993645048887951,1.0
AF228727.1,-0.007964835,-18.041273,0.993645048887951,1.0
AC010255.2,-0.007964835,-17.088684,0.993645048887951,1.0
AC109464.1,-0.007964835,-17.505104,0.993645048887951,1.0
LINC01887,-0.007964835,-16.584831,0.993645048887951,1.0
AADACL2,-0.007964835,-17.147963,0.993645048887951,1.0
KCNV1,-0.007964835,-17.298038,0.993645048887951,1.0
AC105941.1,-0.007964835,-16.588917,0.993645048887951,1.0
LINC00368,-0.007964835,-16.985546,0.993645048887951,1.0
AC123912.2,-0.007964835,-17.422293,0.993645048887951,1.0
LINC00304,-0.007964835,-17.184103,0.993645048887951,1.0
LINC01327,-0.007964835,-17.385462,0.993645048887951,1.0
NPR1,-0.007964835,-17.635765,0.993645048887951,1.0
MYL10,-0.007964835,-17.498045,0.993645048887951,1.0
LINC02091,-0.007964835,-16.724014,0.993645048887951,1.0
AC005790.1,-0.007964835,-17.366789,0.993645048887951,1.0
CHMP1B-AS1,-0.007964835,-16.161003,0.993645048887951,1.0
P2RY10,-0.007964835,-17.164164,0.993645048887951,1.0
AL513327.3,-0.007964835,-16.905588,0.993645048887951,1.0
AC055717.1,-0.007964835,-17.306362,0.993645048887951,1.0
LINC01257,-0.007964835,-17.801903,0.993645048887951,1.0
AC073578.1,-0.007964835,-18.103832,0.993645048887951,1.0
GNAT1,-0.007964835,-17.54971,0.993645048887951,1.0
AC128687.2,-0.007964835,-18.063978,0.993645048887951,1.0
TSSK2,-0.007964835,-17.558733,0.993645048887951,1.0
AC108174.1,-0.007964835,-17.490337,0.993645048887951,1.0
AC073367.1,-0.007964835,-17.93281,0.993645048887951,1.0
PACRG-AS1,-0.007964835,-17.341599,0.993645048887951,1.0
AC105328.1,-0.007964835,-17.472836,0.993645048887951,1.0
ANHX,-0.007964835,-17.247755,0.993645048887951,1.0
AC007948.1,-0.007964835,-17.015398,0.993645048887951,1.0
AC068112.1,-0.007964835,-17.680262,0.993645048887951,1.0
AC005008.2,-0.007964835,-17.85672,0.993645048887951,1.0
WFDC9,-0.007964835,-17.377316,0.993645048887951,1.0
AC018904.2,-0.007964835,-17.517214,0.993645048887951,1.0
SMCR2,-0.007964835,-16.770866,0.993645048887951,1.0
AL136131.3,-0.007964835,-17.316355,0.993645048887951,1.0
LINC00316,-0.007964835,-17.55271,0.993645048887951,1.0
TCHH,-0.007964835,-17.56248,0.993645048887951,1.0
AL139275.2,-0.007964835,-17.830717,0.993645048887951,1.0
KLK10,-0.007964835,-17.56143,0.993645048887951,1.0
LINC02778,-0.007964835,-18.129793,0.993645048887951,1.0
AC003984.1,-0.007964835,-17.576975,0.993645048887951,1.0
AL157931.1,-0.007964835,-18.188137,0.993645048887951,1.0
AFM,-0.007964835,-17.605713,0.993645048887951,1.0
CABP2,-0.007964835,-17.018717,0.993645048887951,1.0
FXYD7,-0.007964835,-18.338491,0.993645048887951,1.0
C16orf54,-0.007964835,-17.790674,0.993645048887951,1.0
TPPP3,-0.007964835,-17.151796,0.993645048887951,1.0
AL157904.1,-0.007964835,-17.609173,0.993645048887951,1.0
AC006262.1,-0.007964835,-16.956942,0.993645048887951,1.0
GPR4,-0.007964835,-17.102385,0.993645048887951,1.0
AL133485.3,-0.007964835,-17.197653,0.993645048887951,1.0
AC069257.1,-0.007964835,-17.640863,0.993645048887951,1.0
LINC01945,-0.007964835,-17.243351,0.993645048887951,1.0
AJ239322.1,-0.007964835,-17.962715,0.993645048887951,1.0
AC011243.1,-0.007964835,-17.414677,0.993645048887951,1.0
AC018714.2,-0.007964835,-15.781892,0.993645048887951,1.0
U62631.1,-0.007964835,-18.410433,0.993645048887951,1.0
AL359853.1,-0.007964835,-17.537521,0.993645048887951,1.0
OVAAL,-0.007964835,-16.35638,0.993645048887951,1.0
AC011944.1,-0.007964835,-15.793667,0.993645048887951,1.0
BCL2A1,-0.007964835,-17.212107,0.993645048887951,1.0
AC096631.1,-0.007964835,-17.426235,0.993645048887951,1.0
AC130710.1,-0.007964835,-17.306185,0.993645048887951,1.0
AL035665.2,-0.007964835,-17.911884,0.993645048887951,1.0
AC138965.1,-0.007964835,-16.866104,0.993645048887951,1.0
AC091393.2,-0.007964835,-15.932902,0.993645048887951,1.0
AC015802.7,-0.007964835,-17.88379,0.993645048887951,1.0
FOLR2,-0.007964835,-17.40331,0.993645048887951,1.0
LINC01734,-0.007964835,-17.855162,0.993645048887951,1.0
BX255925.4,-0.007964835,-16.452276,0.993645048887951,1.0
MDFI,-0.007964835,-17.30616,0.993645048887951,1.0
AL391056.1,-0.007964835,-18.052084,0.993645048887951,1.0
AL441943.2,-0.007964835,-17.009125,0.993645048887951,1.0
AL138889.3,-0.007964835,-16.110983,0.993645048887951,1.0
PANDAR,-0.007964835,-17.642319,0.993645048887951,1.0
BX649601.1,-0.007964835,-17.663078,0.993645048887951,1.0
CSNK1A1L,-0.007964835,-16.381664,0.993645048887951,1.0
LINC00423,-0.007964835,-17.870726,0.993645048887951,1.0
AL353608.1,-0.007964835,-16.745865,0.993645048887951,1.0
WFDC13,-0.007964835,-17.722353,0.993645048887951,1.0
HLA-F-AS1,-0.007964835,-17.211332,0.993645048887951,1.0
TRIM40,-0.007964835,-17.726086,0.993645048887951,1.0
Z82186.1,-0.007964835,-17.078236,0.993645048887951,1.0
LINC00533,-0.007964835,-17.739426,0.993645048887951,1.0
AL161908.1,-0.007964835,-17.949413,0.993645048887951,1.0
AL049838.1,-0.007964835,-17.584236,0.993645048887951,1.0
AC069421.3,-0.007964835,-17.468493,0.993645048887951,1.0
BMP4,-0.007964835,-17.474228,0.993645048887951,1.0
RPS6KA2-AS1,-0.007964835,-17.791756,0.993645048887951,1.0
DPEP2NB,-0.007964835,-17.257643,0.993645048887951,1.0
AC117503.1,-0.007964835,-17.94439,0.993645048887951,1.0
AC108516.1,-0.007964835,-17.450293,0.993645048887951,1.0
LINC01522,-0.007964835,-16.694944,0.993645048887951,1.0
AC004253.2,-0.007964835,-15.009183,0.993645048887951,1.0
LINC02322,-0.007964835,-17.422134,0.993645048887951,1.0
ZNF648,-0.007964835,-16.59047,0.993645048887951,1.0
AC063977.3,-0.007964835,-17.237032,0.993645048887951,1.0
AC008750.3,-0.007964835,-16.948614,0.993645048887951,1.0
AL831711.1,-0.007964835,-17.608015,0.993645048887951,1.0
AC009365.3,-0.007964835,-17.278105,0.993645048887951,1.0
AC036101.1,-0.007964835,-17.13382,0.993645048887951,1.0
AC026367.1,-0.007964835,-17.579718,0.993645048887951,1.0
AL158038.1,-0.007964835,-17.897774,0.993645048887951,1.0
AC138625.2,-0.007964835,-16.947529,0.993645048887951,1.0
NEURL3,-0.007964835,-17.119793,0.993645048887951,1.0
LINC02632,-0.007964835,-17.329449,0.993645048887951,1.0
AL645634.2,-0.007964835,-17.25489,0.993645048887951,1.0
AL136419.2,-0.007964835,-16.57607,0.993645048887951,1.0
AP000997.2,-0.007964835,-17.47452,0.993645048887951,1.0
AC005703.3,-0.007964835,-16.613937,0.993645048887951,1.0
LINC01249,-0.007964835,-16.743238,0.993645048887951,1.0
LINC00487,-0.007964835,-17.765047,0.993645048887951,1.0
AC022274.1,-0.007964835,-17.894018,0.993645048887951,1.0
CHST1,-0.007964835,-16.879652,0.993645048887951,1.0
AC103855.2,-0.007964835,-16.982769,0.993645048887951,1.0
FOXD1-AS1,-0.007964835,-16.68903,0.993645048887951,1.0
PMP2,-0.007964835,-17.380625,0.993645048887951,1.0
FABP12,-0.007964835,-16.82726,0.993645048887951,1.0
LYPD3,-0.007964835,-17.541744,0.993645048887951,1.0
AC005703.7,-0.007964835,-17.343056,0.993645048887951,1.0
LINC00900,-0.007964835,-17.798223,0.993645048887951,1.0
MS4A8,-0.007964835,-17.661634,0.993645048887951,1.0
AP003721.3,-0.007964835,-16.080324,0.993645048887951,1.0
AP003721.4,-0.007964835,-17.966488,0.993645048887951,1.0
AC090971.5,-0.007964835,-15.795735,0.993645048887951,1.0
AC026341.3,-0.007964835,-17.272438,0.993645048887951,1.0
AC087354.1,-0.007964835,-17.708694,0.993645048887951,1.0
AL360007.1,-0.007964835,-17.606607,0.993645048887951,1.0
LINC02037,-0.007964835,-17.41066,0.993645048887951,1.0
LRRC15,-0.007964835,-17.725641,0.993645048887951,1.0
AP002505.1,-0.007964835,-17.815624,0.993645048887951,1.0
LINC01558,-0.007964835,-17.134298,0.993645048887951,1.0
AC093283.1,-0.007964835,-15.314184,0.993645048887951,1.0
AL353612.2,-0.007964835,-17.976347,0.993645048887951,1.0
LINC01767,-0.007964835,-17.754618,0.993645048887951,1.0
LINC02039,-0.007964835,-15.829814,0.993645048887951,1.0
AC018635.2,-0.007964835,-16.033543,0.993645048887951,1.0
AC138466.3,-0.007964835,-17.213633,0.993645048887951,1.0
LINC02089,-0.007964835,-17.05819,0.993645048887951,1.0
TMOD4,-0.007964835,-16.560596,0.993645048887951,1.0
MPZ,-0.007964835,-16.96961,0.993645048887951,1.0
AC016885.2,-0.007964835,-17.769602,0.993645048887951,1.0
AP005131.4,-0.007964835,-17.22892,0.993645048887951,1.0
AC127540.1,-0.007964835,-17.662598,0.993645048887951,1.0
AC008894.1,-0.007964835,-16.02036,0.993645048887951,1.0
SCGB2A1,-0.007964835,-17.052347,0.993645048887951,1.0
GGT2,-0.007964835,-17.855618,0.993645048887951,1.0
TBX22,-0.007964835,-17.45244,0.993645048887951,1.0
AL353147.1,-0.007964835,-17.170023,0.993645048887951,1.0
AC126335.1,-0.007964835,-17.380629,0.993645048887951,1.0
AMER3,-0.007964835,-17.172379,0.993645048887951,1.0
AC013269.1,-0.007964835,-17.96262,0.993645048887951,1.0
AC010240.3,-0.007964835,-17.426481,0.993645048887951,1.0
AL606970.3,-0.007964835,-17.846342,0.993645048887951,1.0
LINC02553,-0.007964835,-17.1331,0.993645048887951,1.0
AL136301.1,-0.007964835,-17.025137,0.993645048887951,1.0
HTR2A-AS1,-0.007964835,-17.69784,0.993645048887951,1.0
AC012506.4,-0.007964835,-17.736315,0.993645048887951,1.0
OPN1LW,-0.007964835,-16.957102,0.993645048887951,1.0
AC078878.2,-0.007964835,-17.08898,0.993645048887951,1.0
LINC02418,-0.007964835,-17.614014,0.993645048887951,1.0
AP002008.1,-0.007964835,-17.72124,0.993645048887951,1.0
LRRC10B,-0.007964835,-17.666904,0.993645048887951,1.0
AC100801.2,-0.007964835,-17.422298,0.993645048887951,1.0
LRP1-AS,-0.007964835,-17.665575,0.993645048887951,1.0
LINC01927,-0.007964835,-17.441269,0.993645048887951,1.0
AC004847.1,-0.007964835,-17.882608,0.993645048887951,1.0
FP565260.3,-0.007964835,-17.76059,0.993645048887951,1.0
SLC6A19,-0.007964835,-17.627111,0.993645048887951,1.0
AC009396.3,-0.007964835,-17.564295,0.993645048887951,1.0
AC136475.8,-0.007964835,-17.44259,0.993645048887951,1.0
AL354953.1,-0.007964835,-17.526426,0.993645048887951,1.0
PTH2,-0.007964835,-17.643862,0.993645048887951,1.0
AC007406.3,-0.007964835,-17.390175,0.993645048887951,1.0
AC041005.1,-0.007964835,-17.25383,0.993645048887951,1.0
AC037459.4,-0.007964835,-17.02678,0.993645048887951,1.0
AP000959.1,-0.007964835,-17.424942,0.993645048887951,1.0
LINC01689,-0.007964835,-17.489876,0.993645048887951,1.0
AP000477.1,-0.007964835,-17.394907,0.993645048887951,1.0
IRF4,-0.007964835,-17.055027,0.993645048887951,1.0
PVALB,-0.007964835,-17.875263,0.993645048887951,1.0
AC099482.1,-0.007964835,-17.476208,0.993645048887951,1.0
AL355102.4,-0.007964835,-17.233065,0.993645048887951,1.0
BDKRB1,-0.007964835,-17.235353,0.993645048887951,1.0
AC104561.3,-0.007964835,-17.429522,0.993645048887951,1.0
AC093909.4,-0.007964835,-17.41362,0.993645048887951,1.0
DBX2,-0.007964835,-17.428358,0.993645048887951,1.0
AC025253.1,-0.007964835,-17.059082,0.993645048887951,1.0
AC007652.1,-0.007964835,-17.630491,0.993645048887951,1.0
INTS6L-AS1,-0.007964835,-16.734306,0.993645048887951,1.0
AL117335.1,-0.007964835,-16.86765,0.993645048887951,1.0
AC011472.4,-0.007964835,-17.633543,0.993645048887951,1.0
SSX2B,-0.007964835,-17.521025,0.993645048887951,1.0
AC020658.2,-0.007964835,-17.423494,0.993645048887951,1.0
SDR9C7,-0.007964835,-16.372597,0.993645048887951,1.0
LINC02354,-0.007964835,-17.67026,0.993645048887951,1.0
AC004466.3,-0.007964835,-16.502745,0.993645048887951,1.0
FP236315.1,-0.007964835,-17.559519,0.993645048887951,1.0
DPYD-IT1,-0.007964835,-17.534885,0.993645048887951,1.0
OR2V2,-0.007964835,-16.569517,0.993645048887951,1.0
AL049748.1,-0.007964835,-16.861418,0.993645048887951,1.0
AL138749.1,-0.007964835,-16.82043,0.993645048887951,1.0
AC080112.1,-0.007964835,-16.645592,0.993645048887951,1.0
ADRA2A,-0.007964835,-17.406097,0.993645048887951,1.0
SKOR2,-0.007964835,-16.255093,0.993645048887951,1.0
AC012442.1,-0.007964835,-17.01031,0.993645048887951,1.0
AC239804.1,-0.007964835,-18.135612,0.993645048887951,1.0
AC025576.2,-0.007964835,-17.325506,0.993645048887951,1.0
AC080011.1,-0.007964835,-17.333652,0.993645048887951,1.0
AC098483.1,-0.007964835,-16.888458,0.993645048887951,1.0
S100A12,-0.007964835,-17.455896,0.993645048887951,1.0
AP001255.1,-0.007964835,-17.080042,0.993645048887951,1.0
AC009509.2,-0.007964835,-17.32216,0.993645048887951,1.0
HOMER3-AS1,-0.007964835,-17.043528,0.993645048887951,1.0
CHRNA2,-0.007964835,-17.427025,0.993645048887951,1.0
LINC02834,-0.007964835,-17.523432,0.993645048887951,1.0
AC073636.1,-0.007964835,-17.158127,0.993645048887951,1.0
BACH1-IT3,-0.007964835,-16.841637,0.993645048887951,1.0
MIR7515HG,-0.007964835,-16.758038,0.993645048887951,1.0
ELANE,-0.007964835,-17.61205,0.993645048887951,1.0
APLN,-0.007964835,-17.672256,0.993645048887951,1.0
UGT1A8,-0.007964835,-17.808062,0.993645048887951,1.0
AL161668.1,-0.007964835,-16.750092,0.993645048887951,1.0
AL034376.2,-0.007964835,-17.22315,0.993645048887951,1.0
LINC00502,-0.007964835,-16.683434,0.993645048887951,1.0
AC010327.4,-0.007964835,-17.199461,0.993645048887951,1.0
NKX2-6,-0.007964835,-17.066275,0.993645048887951,1.0
AL353150.1,-0.007964835,-17.911457,0.993645048887951,1.0
GFY,-0.007964835,-17.77768,0.993645048887951,1.0
AC007497.2,-0.007964835,-17.807621,0.993645048887951,1.0
IRX5,-0.007964835,-17.299517,0.993645048887951,1.0
AC068870.1,-0.007964835,-17.200193,0.993645048887951,1.0
AC023669.2,-0.007964835,-17.575785,0.993645048887951,1.0
AC022068.1,-0.007964835,-17.741661,0.993645048887951,1.0
AC096736.3,-0.007964835,-17.625576,0.993645048887951,1.0
AVPR1B,-0.007964835,-17.247429,0.993645048887951,1.0
LINC02272,-0.007964835,-17.535696,0.993645048887951,1.0
AL139035.1,-0.007964835,-17.071144,0.993645048887951,1.0
PSG11,-0.007964835,-17.333286,0.993645048887951,1.0
LINC02040,-0.007964835,-17.357382,0.993645048887951,1.0
AC068580.3,-0.007964835,-17.654173,0.993645048887951,1.0
MNX1-AS1,-0.007964835,-18.111671,0.993645048887951,1.0
AL590004.3,-0.007964835,-17.292736,0.993645048887951,1.0
GALR3,-0.007964835,-16.720402,0.993645048887951,1.0
GOLGA7B,-0.007964835,-17.329412,0.993645048887951,1.0
AL442224.1,-0.007964835,-17.60882,0.993645048887951,1.0
LINC02400,-0.007964835,-16.992414,0.993645048887951,1.0
AL663074.1,-0.007964835,-17.25795,0.993645048887951,1.0
LINC02121,-0.007964835,-17.124842,0.993645048887951,1.0
AP003065.1,-0.007964835,-17.218307,0.993645048887951,1.0
AC024587.2,-0.007964835,-16.047827,0.993645048887951,1.0
LINC01985,-0.007964835,-17.213396,0.993645048887951,1.0
AC020663.2,-0.007964835,-17.793856,0.993645048887951,1.0
AL450344.1,-0.007964835,-17.247791,0.993645048887951,1.0
LINC02214,-0.007964835,-17.378967,0.993645048887951,1.0
AL162632.3,-0.007964835,-17.426004,0.993645048887951,1.0
AL360013.3,-0.007964835,-16.65274,0.993645048887951,1.0
AL121809.2,-0.007964835,-16.981047,0.993645048887951,1.0
SLC52A3,-0.007964835,-17.606657,0.993645048887951,1.0
AP000428.2,-0.007964835,-17.81502,0.993645048887951,1.0
AC069294.1,-0.007964835,-17.008001,0.993645048887951,1.0
AC092067.1,-0.007964835,-17.13908,0.993645048887951,1.0
XCL1,-0.007964835,-17.741613,0.993645048887951,1.0
CGB7,-0.007964835,-17.57541,0.993645048887951,1.0
LINC01166,-0.007964835,-16.918344,0.993645048887951,1.0
AC008739.1,-0.007964835,-17.47314,0.993645048887951,1.0
AL035443.1,-0.007964835,-16.763134,0.993645048887951,1.0
AL844175.1,-0.007964835,-17.267813,0.993645048887951,1.0
AC079768.2,-0.007964835,-17.189945,0.993645048887951,1.0
LINC02753,-0.007964835,-17.38628,0.993645048887951,1.0
AC114498.1,-0.007964835,-16.489962,0.993645048887951,1.0
AC016292.1,-0.007964835,-17.585676,0.993645048887951,1.0
AC019103.1,-0.007964835,-17.316286,0.993645048887951,1.0
SLC4A3,-0.007964835,-17.52829,0.993645048887951,1.0
LINC01342,-0.007964835,-17.454092,0.993645048887951,1.0
VGF,-0.007964835,-17.103342,0.993645048887951,1.0
LINC01920,-0.007964835,-17.336084,0.993645048887951,1.0
PSMB8-AS1,-0.007964835,-17.21434,0.993645048887951,1.0
HLA-DPA1,-0.007964835,-18.207968,0.993645048887951,1.0
AL355361.1,-0.007964835,-17.344856,0.993645048887951,1.0
AC025366.1,-0.007964835,-17.455027,0.993645048887951,1.0
PERM1,-0.007964835,-17.802797,0.993645048887951,1.0
NCR2,-0.007964835,-17.708588,0.993645048887951,1.0
AL035251.1,-0.007964835,-16.555822,0.993645048887951,1.0
AC021180.1,-0.007964835,-18.083662,0.993645048887951,1.0
AC002128.2,-0.007964835,-17.778105,0.993645048887951,1.0
MTUS2-AS2,-0.007964835,-17.424473,0.993645048887951,1.0
LINC01058,-0.007964835,-17.52694,0.993645048887951,1.0
AMTN,-0.007964835,-17.99847,0.993645048887951,1.0
AC015912.1,-0.007964835,-17.35349,0.993645048887951,1.0
LINC00703,-0.007964835,-17.53975,0.993645048887951,1.0
HSFY1,-0.007964835,-17.64177,0.993645048887951,1.0
DAOA-AS1,-0.007964835,-17.479567,0.993645048887951,1.0
IL17C,-0.007964835,-17.564726,0.993645048887951,1.0
AC114550.3,-0.007964835,-17.560223,0.993645048887951,1.0
CU633904.1,-0.007964835,-17.26393,0.993645048887951,1.0
ALPI,-0.007964835,-17.892803,0.993645048887951,1.0
AL356859.1,-0.007964835,-17.543137,0.993645048887951,1.0
BX005214.1,-0.007964835,-17.601217,0.993645048887951,1.0
AL953883.1,-0.007964835,-17.17172,0.993645048887951,1.0
AL162726.4,-0.007964835,-17.203257,0.993645048887951,1.0
TESPA1,-0.007964835,-16.4417,0.993645048887951,1.0
C15orf54,-0.007964835,-17.18767,0.993645048887951,1.0
LINC02674,-0.007964835,-17.274565,0.993645048887951,1.0
AL354863.1,-0.007964835,-17.354025,0.993645048887951,1.0
PLA2G3,-0.007964835,-16.50541,0.993645048887951,1.0
DEFB123,-0.007964835,-16.492594,0.993645048887951,1.0
DAOA,-0.007964835,-16.403795,0.993645048887951,1.0
AL109659.2,-0.007964835,-15.886743,0.993645048887951,1.0
AC005529.1,-0.007964835,-18.321636,0.993645048887951,1.0
CRYBA4,-0.007964835,-17.503159,0.993645048887951,1.0
SBK2,-0.007964835,-17.236742,0.993645048887951,1.0
AL589826.2,-0.007964835,-16.920723,0.993645048887951,1.0
AC096751.2,-0.007964835,-17.559332,0.993645048887951,1.0
LINC01701,-0.007964835,-16.31718,0.993645048887951,1.0
AC008378.1,-0.007964835,-16.246979,0.993645048887951,1.0
AC037198.1,-0.007964835,-16.942879,0.993645048887951,1.0
AC022296.4,-0.007964835,-17.114893,0.993645048887951,1.0
AC079942.1,-0.007964835,-17.59663,0.993645048887951,1.0
AC023794.3,-0.007964835,-16.54343,0.993645048887951,1.0
AF127936.1,-0.007964835,-16.815796,0.993645048887951,1.0
AC087203.3,-0.007964835,-16.988445,0.993645048887951,1.0
TRGV5,-0.007964835,-17.66276,0.993645048887951,1.0
AC051635.1,-0.007964835,-17.492582,0.993645048887951,1.0
AC107918.5,-0.007964835,-17.673336,0.993645048887951,1.0
AC090246.1,-0.007964835,-17.764397,0.993645048887951,1.0
AC055736.1,-0.007964835,-17.512215,0.993645048887951,1.0
CHL1-AS2,-0.007964835,-17.02452,0.993645048887951,1.0
AC004832.6,-0.007964835,-16.986856,0.993645048887951,1.0
FP325318.1,-0.007964835,-17.479307,0.993645048887951,1.0
FBLL1,-0.007964835,-17.131165,0.993645048887951,1.0
AC008619.1,-0.007964835,-17.550789,0.993645048887951,1.0
AL049594.1,-0.007964835,-16.957426,0.993645048887951,1.0
ADCY6-DT,-0.007964835,-17.717619,0.993645048887951,1.0
DEFB130B,-0.007964835,-16.658571,0.993645048887951,1.0
AC051619.11,-0.007964835,-17.327692,0.993645048887951,1.0
AC079848.2,-0.007964835,-17.927328,0.993645048887951,1.0
CHST13,-0.007964835,-17.977825,0.993645048887951,1.0
CD300A,-0.007964835,-17.365316,0.993645048887951,1.0
AL122008.1,-0.007964835,-17.499735,0.993645048887951,1.0
AP001189.4,-0.007964835,-17.691668,0.993645048887951,1.0
AL078604.2,-0.007964835,-17.711052,0.993645048887951,1.0
AP003469.3,-0.007964835,-16.991547,0.993645048887951,1.0
AC138655.1,-0.007964835,-17.66822,0.993645048887951,1.0
AC012645.3,-0.007964835,-17.613565,0.993645048887951,1.0
AP006219.2,-0.007964835,-17.465553,0.993645048887951,1.0
LINC02380,-0.007964835,-18.04007,0.993645048887951,1.0
U62317.4,-0.007964835,-17.624842,0.993645048887951,1.0
ACR,-0.007964835,-17.87275,0.993645048887951,1.0
LINC00706,-0.007964835,-17.225254,0.993645048887951,1.0
AL158151.3,-0.007964835,-17.192152,0.993645048887951,1.0
LINC02855,-0.007964835,-16.800486,0.993645048887951,1.0
AC016405.2,-0.007964835,-16.727516,0.993645048887951,1.0
LINC00387,-0.007964835,-17.186848,0.993645048887951,1.0
CALML6,-0.007964835,-17.752594,0.993645048887951,1.0
AP005432.2,-0.007964835,-17.82619,0.993645048887951,1.0
AC090049.1,-0.007964835,-16.802523,0.993645048887951,1.0
AL162384.1,-0.007964835,-17.614912,0.993645048887951,1.0
MRGPRX2,-0.007964835,-17.558048,0.993645048887951,1.0
AL590093.1,-0.007964835,-16.663452,0.993645048887951,1.0
AC124798.3,-0.007964835,-16.813166,0.993645048887951,1.0
AC004817.4,-0.007964835,-17.828608,0.993645048887951,1.0
C11orf45,-0.007964835,-17.106846,0.993645048887951,1.0
ITIH3,-0.007964835,-16.910864,0.993645048887951,1.0
NTRK3-AS1,-0.007964835,-16.978174,0.993645048887951,1.0
AC091117.1,-0.007964835,-17.068935,0.993645048887951,1.0
AC099654.15,-0.007964835,-17.110268,0.993645048887951,1.0
ZNF479,-0.007964835,-17.132498,0.993645048887951,1.0
AC092718.9,-0.007964835,-16.959465,0.993645048887951,1.0
LINC02392,-0.007964835,-17.395329,0.993645048887951,1.0
AL713868.1,-0.007964835,-16.610859,0.993645048887951,1.0
AL663058.2,-0.007964835,-17.197758,0.993645048887951,1.0
AC008567.3,-0.007964835,-17.404545,0.993645048887951,1.0
LINC01127,-0.007964835,-17.50093,0.993645048887951,1.0
LINC02785,-0.007964835,-17.813522,0.993645048887951,1.0
AL050349.1,-0.007964835,-17.708359,0.993645048887951,1.0
AC092447.4,-0.007964835,-17.120338,0.993645048887951,1.0
PPDPFL,-0.007964835,-17.057695,0.993645048887951,1.0
AC005845.1,-0.007964835,-17.23577,0.993645048887951,1.0
AC005840.2,-0.007964835,-17.88061,0.993645048887951,1.0
AC009102.2,-0.007964835,-17.31296,0.993645048887951,1.0
AC010776.1,-0.007964835,-17.008165,0.993645048887951,1.0
ST8SIA3,-0.007964835,-16.970798,0.993645048887951,1.0
SH3TC1,-0.007964835,-16.87145,0.993645048887951,1.0
AC107302.2,-0.007964835,-17.442995,0.993645048887951,1.0
GOLGA6B,-0.007964835,-16.564577,0.993645048887951,1.0
ST7-OT4,-0.007964835,-16.671307,0.993645048887951,1.0
AC009229.3,-0.007964835,-17.052788,0.993645048887951,1.0
AP001783.1,-0.007964835,-17.711918,0.993645048887951,1.0
AC008966.2,-0.007964835,-17.077848,0.993645048887951,1.0
FST,-0.007964835,-16.931015,0.993645048887951,1.0
MT1E,-0.007964835,-17.047157,0.993645048887951,1.0
AC082650.2,-0.007964835,-17.788437,0.993645048887951,1.0
AC010203.2,-0.007964835,-17.944515,0.993645048887951,1.0
AC009163.4,-0.007964835,-17.88288,0.993645048887951,1.0
TBATA,-0.007964835,-17.008228,0.993645048887951,1.0
AC079779.1,-0.007964835,-16.366308,0.993645048887951,1.0
AC087664.2,-0.007964835,-17.478115,0.993645048887951,1.0
AC002465.2,-0.007964835,-16.19956,0.993645048887951,1.0
AC092590.1,-0.007964835,-16.05647,0.993645048887951,1.0
AC073130.1,-0.007964835,-17.77296,0.993645048887951,1.0
H2BFM,-0.007964835,-17.438896,0.993645048887951,1.0
LINC01087,-0.007964835,-17.392925,0.993645048887951,1.0
CCDC74A,-0.007964835,-16.820833,0.993645048887951,1.0
GJA3,-0.007964835,-17.936995,0.993645048887951,1.0
B3GAT1,-0.007964835,-17.373413,0.993645048887951,1.0
FAM162B,-0.007964835,-17.17914,0.993645048887951,1.0
LINC01797,-0.007964835,-16.834215,0.993645048887951,1.0
ASGR2,-0.007964835,-17.075373,0.993645048887951,1.0
AL138902.1,-0.007964835,-16.364487,0.993645048887951,1.0
AC009019.2,-0.007964835,-17.65051,0.993645048887951,1.0
GPR87,-0.007964835,-17.391209,0.993645048887951,1.0
AC020913.2,-0.007964835,-16.234762,0.993645048887951,1.0
SYNGR3,-0.007964835,-17.344307,0.993645048887951,1.0
Z84484.1,-0.007964835,-16.378462,0.993645048887951,1.0
AC108052.1,-0.007964835,-16.295624,0.993645048887951,1.0
AL035250.1,-0.007964835,-16.574663,0.993645048887951,1.0
AC016738.1,-0.007964835,-17.64072,0.993645048887951,1.0
LINC02022,-0.007964835,-17.005281,0.993645048887951,1.0
CCDC177,-0.007964835,-17.73722,0.993645048887951,1.0
AC131025.2,-0.007964835,-17.322485,0.993645048887951,1.0
CASC22,-0.007964835,-17.801579,0.993645048887951,1.0
AC104088.2,-0.007964835,-16.98151,0.993645048887951,1.0
TAS2R42,-0.007964835,-17.015198,0.993645048887951,1.0
LINC02425,-0.007964835,-15.686274,0.993645048887951,1.0
AC010536.2,-0.007964835,-16.698599,0.993645048887951,1.0
AC006019.3,-0.007964835,-16.630579,0.993645048887951,1.0
HIST2H4A,-0.007964835,-17.552073,0.993645048887951,1.0
HIST2H3A,-0.007964835,-16.889519,0.993645048887951,1.0
AC241644.1,-0.007964835,-17.863194,0.993645048887951,1.0
AC093151.3,-0.007964835,-17.163612,0.993645048887951,1.0
LINC01976,-0.007964835,-18.045164,0.993645048887951,1.0
RNASE10,-0.007964835,-18.137045,0.993645048887951,1.0
C5orf49,-0.007964835,-18.005585,0.993645048887951,1.0
AL020994.1,-0.007964835,-16.301495,0.993645048887951,1.0
AL121829.2,-0.007964835,-17.487473,0.993645048887951,1.0
AC099670.3,-0.007964835,-17.145962,0.993645048887951,1.0
AL449403.3,-0.007964835,-17.726845,0.993645048887951,1.0
LINC00298,-0.007964835,-17.31443,0.993645048887951,1.0
AC093904.3,-0.007964835,-17.688656,0.993645048887951,1.0
AC104662.1,-0.007964835,-17.637167,0.993645048887951,1.0
RERG-IT1,-0.007964835,-16.69851,0.993645048887951,1.0
HOXD13,-0.007964835,-17.798368,0.993645048887951,1.0
HAGLR,-0.007964835,-17.95525,0.993645048887951,1.0
C7orf65,-0.007964835,-17.838064,0.993645048887951,1.0
AC020743.1,-0.007964835,-16.882805,0.993645048887951,1.0
LINC02781,-0.007964835,-17.05705,0.993645048887951,1.0
AC009063.2,-0.007964835,-17.012499,0.993645048887951,1.0
LINC02445,-0.007964835,-17.518015,0.993645048887951,1.0
WNT7A,-0.007964835,-17.04595,0.993645048887951,1.0
AL136981.3,-0.007964835,-17.570765,0.993645048887951,1.0
AC104653.2,-0.007964835,-17.368032,0.993645048887951,1.0
LINC02420,-0.007964835,-17.268665,0.993645048887951,1.0
LINC00525,-0.007964835,-17.442871,0.993645048887951,1.0
AC007552.2,-0.007964835,-17.26537,0.993645048887951,1.0
AC243571.1,-0.007964835,-17.015423,0.993645048887951,1.0
AL591212.1,-0.007964835,-17.387346,0.993645048887951,1.0
AC015911.9,-0.007964835,-17.142351,0.993645048887951,1.0
AC092807.1,-0.007964835,-17.58452,0.993645048887951,1.0
AL122017.1,-0.007964835,-16.816921,0.993645048887951,1.0
GKN2,-0.007964835,-17.50098,0.993645048887951,1.0
LINC01971,-0.007964835,-16.718876,0.993645048887951,1.0
AC008443.2,-0.007964835,-17.777689,0.993645048887951,1.0
AC011373.1,-0.007964835,-17.490658,0.993645048887951,1.0
RASSF10,-0.007964835,-17.82452,0.993645048887951,1.0
AC011228.1,-0.007964835,-17.58166,0.993645048887951,1.0
LINC00500,-0.007964835,-17.826546,0.993645048887951,1.0
CERNA2,-0.007964835,-17.421246,0.993645048887951,1.0
AL157373.1,-0.007964835,-17.342796,0.993645048887951,1.0
AL022724.3,-0.007964835,-17.336563,0.993645048887951,1.0
LINC01626,-0.007964835,-17.721874,0.993645048887951,1.0
KHDC3L,-0.007964835,-17.545364,0.993645048887951,1.0
DSG4,-0.007964835,-16.65064,0.993645048887951,1.0
LINC00379,-0.007964835,-17.578613,0.993645048887951,1.0
AC024941.2,-0.007964835,-16.90728,0.993645048887951,1.0
GIMAP5,-0.007964835,-17.22983,0.993645048887951,1.0
TMEM176A,-0.007964835,-16.294088,0.993645048887951,1.0
AC006478.1,-0.007964835,-18.044773,0.993645048887951,1.0
LINC02854,-0.007964835,-17.442379,0.993645048887951,1.0
AC244100.3,-0.007964835,-17.379936,0.993645048887951,1.0
MAGEH1,-0.007964835,-16.793919,0.993645048887951,1.0
AC022706.1,-0.007964835,-17.416777,0.993645048887951,1.0
AC022145.1,-0.007964835,-17.34649,0.993645048887951,1.0
LINC00430,-0.007964835,-16.998915,0.993645048887951,1.0
DHX33-DT,-0.007964835,-17.945011,0.993645048887951,1.0
FBXO39,-0.007964835,-17.289793,0.993645048887951,1.0
AL096828.2,-0.007964835,-17.500162,0.993645048887951,1.0
AC025575.2,-0.007964835,-17.513208,0.993645048887951,1.0
AC068473.4,-0.007964835,-17.30648,0.993645048887951,1.0
AC011516.1,-0.007964835,-16.821665,0.993645048887951,1.0
GK-IT1,-0.007964835,-18.087437,0.993645048887951,1.0
TRBV22OR9-2,-0.007964835,-16.550077,0.993645048887951,1.0
TRBV21OR9-2,-0.007964835,-16.70524,0.993645048887951,1.0
AL365181.3,-0.007964835,-17.684978,0.993645048887951,1.0
AC007001.1,-0.007964835,-16.414394,0.993645048887951,1.0
AC095032.2,-0.007964835,-17.204937,0.993645048887951,1.0
AC012146.3,-0.007964835,-17.424536,0.993645048887951,1.0
AL390730.2,-0.007964835,-17.16421,0.993645048887951,1.0
AL158837.1,-0.007964835,-15.580568,0.993645048887951,1.0
NTF4,-0.007964835,-17.490868,0.993645048887951,1.0
AC005165.3,-0.007964835,-17.973286,0.993645048887951,1.0
TPPP2,-0.007964835,-17.35729,0.993645048887951,1.0
SLC6A14,-0.007964835,-16.86704,0.993645048887951,1.0
AC103724.4,-0.007964835,-17.847368,0.993645048887951,1.0
AC091163.2,-0.007964835,-17.358263,0.993645048887951,1.0
AL136309.4,-0.007964835,-16.66918,0.993645048887951,1.0
AC011601.1,-0.007987208,0.48026103,0.9936271982807504,1.0
CNNM3-DT,-0.007994665,0.8665902,0.9936212480790587,1.0
BEX1,-0.008002123,0.3869731,0.9936152978777216,1.0
AL109923.1,-0.008009581,0.69073236,0.9936093476767397,1.0
AC004877.1,-0.008017038,0.4692008,0.9936033974761133,1.0
LINC01788,-0.008039411,0.068766534,0.9935855468763696,1.0
AC099560.1,-0.008054327,-0.06432162,0.9935736464783237,1.0
BEX2,-0.008061784,0.04618069,0.9935676962798367,1.0
PARP15,-0.008069242,-0.20609589,0.9935617460817074,1.0
LINC01692,-0.008069242,0.4800502,0.9935617460817074,1.0
GGT1,-0.008069242,0.2131962,0.9935617460817074,1.0
AC021087.1,-0.0080767,-0.17264506,0.9935557958839363,1.0
ACP7,-0.0080767,-0.11039818,0.9935557958839363,1.0
COL20A1,-0.0080767,-0.16955605,0.9935557958839363,1.0
AC025171.3,-0.0080841575,-0.14587578,0.9935498456865235,1.0
AC021755.2,-0.0080916155,-0.308499,0.9935438954894694,1.0
AP003465.1,-0.008099073,-0.28415027,0.9935379452927744,1.0
CYP2E1,-0.008099073,-0.8294677,0.9935379452927744,1.0
AC023866.2,-0.008099073,-0.44386366,0.9935379452927744,1.0
PIK3R6,-0.008106531,-0.38241053,0.9935319950964389,1.0
ESRRB,-0.008113989,0.2165434,0.9935260449004629,1.0
CNOT8,-0.008121446,0.04031099,0.9935200947048471,1.0
AC004882.1,-0.008128904,-0.5480826,0.9935141445095917,1.0
DNAI1,-0.008136362,-1.0972847,0.9935081943146971,1.0
AL121936.1,-0.008136362,-1.3476503,0.9935081943146971,1.0
MCTP2,-0.008136362,-0.92065316,0.9935081943146971,1.0
SHOX,-0.008143819,-0.6831645,0.9935022441201633,1.0
AL158839.1,-0.008143819,-0.6347268,0.9935022441201633,1.0
LEF1,-0.008143819,-1.1007402,0.9935022441201633,1.0
AC005618.4,-0.008143819,0.18003343,0.9935022441201633,1.0
FNDC1,-0.008143819,-1.1560736,0.9935022441201633,1.0
LINC01455,-0.008143819,-1.4910401,0.9935022441201633,1.0
CRYBG2,-0.008151277,-1.1797138,0.993496293925991,1.0
MROH2B,-0.008151277,-1.9427519,0.993496293925991,1.0
AL121574.1,-0.008151277,-1.1347474,0.993496293925991,1.0
TWIST1,-0.008158735,-1.5285354,0.9934903437321805,1.0
LINC00244,-0.008158735,-1.7082349,0.9934903437321805,1.0
SPATA13-AS1,-0.008158735,-1.9518732,0.9934903437321805,1.0
CHRNA6,-0.008166192,-1.839023,0.993484393538732,1.0
FCER1G,-0.008166192,-1.5410264,0.993484393538732,1.0
AC005699.1,-0.00817365,-1.8291625,0.9934784433456458,1.0
AC012378.2,-0.00817365,-1.9651966,0.9934784433456458,1.0
AL157392.1,-0.00817365,-0.59141076,0.9934784433456458,1.0
AP000640.1,-0.008181108,-2.13293,0.9934724931529224,1.0
GPBAR1,-0.008181108,-1.911599,0.9934724931529224,1.0
MORC1,-0.008181108,-2.5454385,0.9934724931529224,1.0
AC093503.2,-0.008188565,-2.1251101,0.993466542960562,1.0
AC234582.2,-0.008218396,0.0748328,0.9934427421947573,1.0
OR10A2,-0.0082221255,0.05488536,0.9934397670994416,1.0
AC096577.1,-0.0082258545,0.17067473,0.9934367920042171,1.0
AL353595.1,-0.00824077,-0.2185815,0.9934248916242319,1.0
AC025569.1,-0.008255685,-0.17067042,0.9934129912457095,1.0
FAM72B,-0.008330262,-5.0935087e-05,0.993353489375131,1.0
LINC00852,-0.008345177,0.18365455,0.9933415890054406,1.0
AC025741.1,-0.0083600925,-0.17285591,0.9933296886372314,1.0
LINC02057,-0.008367551,-0.14816159,0.993323738453683,1.0
SMIM17,-0.008367551,-0.48166132,0.993323738453683,1.0
THEGL,-0.008375009,-0.4907903,0.9933177882705061,1.0
AGBL2,-0.008382466,-0.09326493,0.9933118380877007,1.0
AL022323.2,-0.008397382,-0.15918863,0.9932999377232062,1.0
AC022144.1,-0.008404839,-0.8770292,0.9932939875415178,1.0
LINC02428,-0.008412297,-0.8111058,0.9932880373602023,1.0
LIPH,-0.008419755,-0.9075201,0.9932820871792601,1.0
AP000253.1,-0.00843467,-0.93502486,0.993270186818497,1.0
DNAH1,-0.0084943315,-0.08739554,0.9932225853904422,1.0
TSIX,-0.0085017895,-0.40112957,0.993216635213628,1.0
KITLG,-0.00853162,-0.43232694,0.9931928345101475,1.0
AC100803.2,-0.0086360285,-0.5728414,0.9931095320958067,1.0
ERVK9-11,-0.008732978,-0.115286514,0.9930321799211547,1.0
AL731537.1,-0.008751622,-0.116822965,0.9930173045104381,1.0
RHBDL1,-0.008800098,-0.050301537,0.9929786284539474,1.0
ADRA2C,-0.008897048,-1.1545242,0.9929012763905526,1.0
RTCA,-0.009057389,-0.124684155,0.9927733481247852,1.0
FANK1,-0.009061118,-0.4335551,0.992770373051035,1.0
LINC02814,-0.009090949,-0.6433998,0.992746572464655,1.0
AC079804.3,-0.009202814,-0.90995926,0.9926573203233883,1.0
AC018362.2,-0.009284849,-0.23688023,0.9925918688114598,1.0
PFDN6,-0.009303493,0.041664913,0.9925769934747765,1.0
AC010978.1,-0.009325867,-0.34053773,0.9925591430741629,1.0
AC069281.1,-0.009329596,-0.24658605,0.9925561680077558,1.0
ROBO3,-0.009467563,-0.016963543,0.9924460906238027,1.0
TGFBR1,-0.00954214,-0.031296007,0.9923865893949124,1.0
HIST2H2AC,-0.00957197,0.16714923,0.9923627889151938,1.0
BTN3A2,-0.00960926,-0.10230138,0.9923330383251047,1.0
AL024507.2,-0.009683836,-0.2549644,0.9922735371769482,1.0
PSMD6-AS1,-0.00970248,-0.24413122,0.9922586618966104,1.0
TSEN34,-0.009926212,-0.24190101,0.9920801587439239,1.0
YEATS2-AS1,-0.010340115,-0.2059803,0.9917499289631895,1.0
AL049840.2,-0.010373674,-0.036226034,0.9917231536367452,1.0
CLEC2A,-0.0105377445,0.8942317,0.9915922521755416,1.0
TFCP2,-0.010582491,0.75067484,0.9915565518161616,1.0
LINC01653,-0.010619779,-16.706985,0.9915268015295889,1.0
AC005160.1,-0.010619779,-17.868668,0.9915268015295889,1.0
DEFB135,-0.010619779,-17.66707,0.9915268015295889,1.0
AC025857.2,-0.010619779,-18.186314,0.9915268015295889,1.0
LINC02361,-0.010619779,-17.573244,0.9915268015295889,1.0
DBET,-0.010619779,-17.473747,0.9915268015295889,1.0
SLC6A1-AS1,-0.010619779,-18.12977,0.9915268015295889,1.0
AC084116.2,-0.010619779,-18.550327,0.9915268015295889,1.0
AC105935.2,-0.010619779,-17.627417,0.9915268015295889,1.0
AC068831.6,-0.010619779,-17.961918,0.9915268015295889,1.0
AC026740.3,-0.010619779,-17.470154,0.9915268015295889,1.0
AL356421.2,-0.010619779,-17.521585,0.9915268015295889,1.0
AC026336.2,-0.010619779,-17.816904,0.9915268015295889,1.0
LINC02370,-0.010619779,-18.320103,0.9915268015295889,1.0
TGFB2-AS1,-0.010619779,-18.19842,0.9915268015295889,1.0
AL513542.1,-0.010619779,-16.866085,0.9915268015295889,1.0
OR7A10,-0.010619779,-17.634983,0.9915268015295889,1.0
AC013553.4,-0.010619779,-16.91796,0.9915268015295889,1.0
AC110491.1,-0.010619779,-17.044544,0.9915268015295889,1.0
AP002748.2,-0.010619779,-17.727327,0.9915268015295889,1.0
LINC01890,-0.010619779,-17.797758,0.9915268015295889,1.0
LINC01733,-0.010619779,-17.478306,0.9915268015295889,1.0
FAM242B,-0.010619779,-17.205872,0.9915268015295889,1.0
MRGPRF,-0.010619779,-17.708475,0.9915268015295889,1.0
FRAT1,-0.010619779,-17.512215,0.9915268015295889,1.0
HOXD8,-0.010619779,-17.730528,0.9915268015295889,1.0
P2RX2,-0.010619779,-18.234608,0.9915268015295889,1.0
AC018552.2,-0.010619779,-18.301414,0.9915268015295889,1.0
TCTEX1D4,-0.010619779,-17.067081,0.9915268015295889,1.0
AC021422.1,-0.010619779,-17.412628,0.9915268015295889,1.0
HPCAL4,-0.010619779,-18.152136,0.9915268015295889,1.0
DKK4,-0.010619779,-18.64776,0.9915268015295889,1.0
CR936218.2,-0.010619779,-17.634983,0.9915268015295889,1.0
ZFP57,-0.010619779,-18.27767,0.9915268015295889,1.0
AP000941.1,-0.010619779,-18.030092,0.9915268015295889,1.0
AC017099.2,-0.010619779,-17.945765,0.9915268015295889,1.0
ATP6V1G3,-0.010619779,-16.919128,0.9915268015295889,1.0
ALPP,-0.010619779,-17.402035,0.9915268015295889,1.0
AP003396.1,-0.010619779,-17.832584,0.9915268015295889,1.0
ECEL1,-0.010619779,-17.215534,0.9915268015295889,1.0
AC093117.1,-0.010619779,-17.68326,0.9915268015295889,1.0
CBSL,-0.010619779,-17.92231,0.9915268015295889,1.0
DTHD1,-0.010619779,-18.050056,0.9915268015295889,1.0
ADGRF2,-0.010619779,-17.616251,0.9915268015295889,1.0
LINC01763,-0.010619779,-17.881233,0.9915268015295889,1.0
P2RY6,-0.010619779,-18.108414,0.9915268015295889,1.0
AL591767.1,-0.010619779,-17.280304,0.9915268015295889,1.0
AC087273.2,-0.010619779,-17.850435,0.9915268015295889,1.0
AL512358.1,-0.010619779,-18.032919,0.9915268015295889,1.0
LINC02773,-0.010619779,-17.503239,0.9915268015295889,1.0
LEUTX,-0.010619779,-18.014675,0.9915268015295889,1.0
AL513128.1,-0.010619779,-18.005312,0.9915268015295889,1.0
AL645939.5,-0.010619779,-17.510519,0.9915268015295889,1.0
AC024337.1,-0.010619779,-17.763374,0.9915268015295889,1.0
AL022310.1,-0.010619779,-18.124767,0.9915268015295889,1.0
AL359502.2,-0.010619779,-16.999931,0.9915268015295889,1.0
KLF17,-0.010619779,-17.947416,0.9915268015295889,1.0
CCDC153,-0.010619779,-17.836842,0.9915268015295889,1.0
S100A4,-0.010619779,-17.606579,0.9915268015295889,1.0
CXCL16,-0.010619779,-17.564499,0.9915268015295889,1.0
SFTA2,-0.010619779,-17.822594,0.9915268015295889,1.0
LINC01918,-0.010619779,-17.531143,0.9915268015295889,1.0
AC084125.1,-0.010619779,-18.287739,0.9915268015295889,1.0
LINC01761,-0.010619779,-16.860373,0.9915268015295889,1.0
Z82188.2,-0.010619779,-17.902805,0.9915268015295889,1.0
AC090577.1,-0.010619779,-17.118668,0.9915268015295889,1.0
AL355578.1,-0.010619779,-17.184702,0.9915268015295889,1.0
AC098595.1,-0.010619779,-17.176403,0.9915268015295889,1.0
AP003500.1,-0.010619779,-17.943092,0.9915268015295889,1.0
CEACAM7,-0.010619779,-18.050724,0.9915268015295889,1.0
CEACAM5,-0.010619779,-17.579765,0.9915268015295889,1.0
AC083967.1,-0.010619779,-17.633451,0.9915268015295889,1.0
LCN2,-0.010619779,-17.94629,0.9915268015295889,1.0
H3F3C,-0.010619779,-18.013178,0.9915268015295889,1.0
AL592078.1,-0.010619779,-17.90247,0.9915268015295889,1.0
AC018678.1,-0.010619779,-17.478113,0.9915268015295889,1.0
AC245164.1,-0.010619779,-17.36269,0.9915268015295889,1.0
OVOL1,-0.010619779,-18.2971,0.9915268015295889,1.0
NPAS4,-0.010619779,-17.558115,0.9915268015295889,1.0
AC068725.1,-0.010619779,-17.57803,0.9915268015295889,1.0
AC004869.1,-0.010619779,-17.700544,0.9915268015295889,1.0
SH3PXD2A-AS1,-0.010619779,-16.664646,0.9915268015295889,1.0
AC103691.2,-0.010619779,-17.512932,0.9915268015295889,1.0
ATP13A4-AS1,-0.010619779,-16.960135,0.9915268015295889,1.0
CD200,-0.010619779,-17.520277,0.9915268015295889,1.0
AP001269.4,-0.010619779,-17.826448,0.9915268015295889,1.0
LINC02596,-0.010619779,-17.577883,0.9915268015295889,1.0
AC027796.5,-0.010619779,-17.416487,0.9915268015295889,1.0
NUDT4B,-0.010619779,-18.010025,0.9915268015295889,1.0
AC055811.3,-0.010619779,-18.256327,0.9915268015295889,1.0
AL606500.1,-0.010619779,-17.502241,0.9915268015295889,1.0
AC079031.1,-0.010619779,-17.877836,0.9915268015295889,1.0
AL356259.1,-0.010619779,-17.83962,0.9915268015295889,1.0
LINC02567,-0.010619779,-17.22693,0.9915268015295889,1.0
LINC02570,-0.010619779,-17.874249,0.9915268015295889,1.0
PANX3,-0.010619779,-17.969944,0.9915268015295889,1.0
AC087664.1,-0.010619779,-18.155125,0.9915268015295889,1.0
TUBA3C,-0.010619779,-16.802956,0.9915268015295889,1.0
LCAL1,-0.010619779,-18.145794,0.9915268015295889,1.0
AC104232.1,-0.010619779,-17.80662,0.9915268015295889,1.0
AC093606.1,-0.010619779,-17.97258,0.9915268015295889,1.0
ISL1,-0.010619779,-17.994045,0.9915268015295889,1.0
AC008966.3,-0.010619779,-17.797535,0.9915268015295889,1.0
TMEM225,-0.010619779,-17.944176,0.9915268015295889,1.0
SZT2-AS1,-0.010619779,-17.86041,0.9915268015295889,1.0
AC003043.1,-0.010619779,-17.520786,0.9915268015295889,1.0
LINC01049,-0.010619779,-17.943665,0.9915268015295889,1.0
AC008443.4,-0.010619779,-17.620287,0.9915268015295889,1.0
CTAGE9,-0.010619779,-17.322199,0.9915268015295889,1.0
FP236315.3,-0.010619779,-17.679533,0.9915268015295889,1.0
CCDC87,-0.010619779,-17.237778,0.9915268015295889,1.0
AC145207.7,-0.010619779,-17.918964,0.9915268015295889,1.0
GCGR,-0.010619779,-17.958492,0.9915268015295889,1.0
LINC02595,-0.010619779,-17.461786,0.9915268015295889,1.0
AC020916.2,-0.010619779,-17.395374,0.9915268015295889,1.0
AC114550.1,-0.010619779,-17.756382,0.9915268015295889,1.0
ZBTB40-IT1,-0.010619779,-18.16669,0.9915268015295889,1.0
AL512444.1,-0.010619779,-17.42134,0.9915268015295889,1.0
AL592164.1,-0.010619779,-18.01745,0.9915268015295889,1.0
AC107905.1,-0.010619779,-18.049332,0.9915268015295889,1.0
BPIFA3,-0.010619779,-18.276968,0.9915268015295889,1.0
CXorf66,-0.010619779,-17.61106,0.9915268015295889,1.0
AC093423.2,-0.010619779,-17.526152,0.9915268015295889,1.0
LINC01673,-0.010619779,-18.04758,0.9915268015295889,1.0
AP000459.1,-0.010619779,-17.694506,0.9915268015295889,1.0
FOXI3,-0.010619779,-17.99085,0.9915268015295889,1.0
AC116345.3,-0.010619779,-18.027203,0.9915268015295889,1.0
AC116345.4,-0.010619779,-16.777805,0.9915268015295889,1.0
AC105219.2,-0.010619779,-17.687777,0.9915268015295889,1.0
AC092535.2,-0.010619779,-17.764423,0.9915268015295889,1.0
PRICKLE2-DT,-0.010619779,-18.049229,0.9915268015295889,1.0
LINC01648,-0.010619779,-17.933443,0.9915268015295889,1.0
LAPTM5,-0.010619779,-17.218956,0.9915268015295889,1.0
AP003718.1,-0.010619779,-18.072119,0.9915268015295889,1.0
AC008972.1,-0.010619779,-17.302147,0.9915268015295889,1.0
MYH7,-0.010619779,-17.686451,0.9915268015295889,1.0
AC004585.1,-0.010619779,-17.632011,0.9915268015295889,1.0
AC125603.1,-0.010619779,-18.042969,0.9915268015295889,1.0
LINC00173,-0.010619779,-18.388065,0.9915268015295889,1.0
LINC01644,-0.010619779,-17.731916,0.9915268015295889,1.0
AC004947.3,-0.010619779,-16.99487,0.9915268015295889,1.0
LINC01396,-0.010619779,-17.003296,0.9915268015295889,1.0
FP325330.1,-0.010619779,-17.278301,0.9915268015295889,1.0
AC097358.2,-0.010619779,-18.252703,0.9915268015295889,1.0
AC104758.5,-0.010619779,-17.452978,0.9915268015295889,1.0
MMP1,-0.010619779,-17.619892,0.9915268015295889,1.0
AL161747.2,-0.010619779,-17.413258,0.9915268015295889,1.0
FAM138A,-0.010619779,-17.4355,0.9915268015295889,1.0
AC008738.4,-0.010619779,-17.960125,0.9915268015295889,1.0
AP003027.1,-0.010619779,-17.885862,0.9915268015295889,1.0
C17orf82,-0.010619779,-18.222343,0.9915268015295889,1.0
AP000907.2,-0.010619779,-18.259945,0.9915268015295889,1.0
AL645944.2,-0.010619779,-18.37795,0.9915268015295889,1.0
TRAJ34,-0.010619779,-18.019735,0.9915268015295889,1.0
AL109917.1,-0.010619779,-17.581337,0.9915268015295889,1.0
AL161781.2,-0.010619779,-18.248026,0.9915268015295889,1.0
BX088651.2,-0.010619779,-17.058683,0.9915268015295889,1.0
LYPD8,-0.010619779,-17.35803,0.9915268015295889,1.0
CLEC18B,-0.010619779,-17.636608,0.9915268015295889,1.0
AL049765.1,-0.010619779,-16.936953,0.9915268015295889,1.0
LINC01714,-0.010619779,-17.984728,0.9915268015295889,1.0
AC090692.1,-0.010619779,-17.734573,0.9915268015295889,1.0
KCNAB1-AS1,-0.010619779,-18.192507,0.9915268015295889,1.0
CLSTN2-AS1,-0.010619779,-17.785326,0.9915268015295889,1.0
LINC00221,-0.010619779,-17.528017,0.9915268015295889,1.0
AC107980.1,-0.010619779,-17.394255,0.9915268015295889,1.0
LINC01201,-0.010619779,-17.239109,0.9915268015295889,1.0
GABRE,-0.010619779,-18.019388,0.9915268015295889,1.0
SPINK1,-0.010619779,-17.509403,0.9915268015295889,1.0
LINC01646,-0.010619779,-17.939749,0.9915268015295889,1.0
TNFAIP2,-0.010619779,-17.976507,0.9915268015295889,1.0
AC108718.1,-0.010619779,-17.438976,0.9915268015295889,1.0
STRIT1,-0.010619779,-17.680582,0.9915268015295889,1.0
AC006273.1,-0.010619779,-17.458382,0.9915268015295889,1.0
CNTNAP3C,-0.010619779,-18.034458,0.9915268015295889,1.0
AC068733.1,-0.010619779,-17.044643,0.9915268015295889,1.0
AL133167.1,-0.010619779,-16.805096,0.9915268015295889,1.0
AC124276.2,-0.010619779,-17.206041,0.9915268015295889,1.0
OR2AE1,-0.010619779,-17.666124,0.9915268015295889,1.0
RBMXL2,-0.010619779,-16.946829,0.9915268015295889,1.0
AC015819.5,-0.010619779,-17.340578,0.9915268015295889,1.0
DIPK1C,-0.010619779,-17.632103,0.9915268015295889,1.0
AL136528.2,-0.010619779,-17.372223,0.9915268015295889,1.0
AC009494.2,-0.010619779,-17.600603,0.9915268015295889,1.0
SMIM9,-0.010619779,-17.559504,0.9915268015295889,1.0
AC092687.3,-0.010619779,-17.72508,0.9915268015295889,1.0
TNFRSF4,-0.010619779,-17.562548,0.9915268015295889,1.0
SCN2B,-0.010619779,-18.174242,0.9915268015295889,1.0
AC021491.4,-0.010619779,-17.447983,0.9915268015295889,1.0
AC009237.14,-0.010619779,-18.225382,0.9915268015295889,1.0
AP006545.2,-0.010619779,-18.10292,0.9915268015295889,1.0
GSTA2,-0.010619779,-17.953697,0.9915268015295889,1.0
GSTA3,-0.010619779,-17.060015,0.9915268015295889,1.0
CCDC184,-0.010619779,-17.922096,0.9915268015295889,1.0
AC099342.1,-0.010619779,-18.050785,0.9915268015295889,1.0
AL158042.1,-0.010619779,-18.16621,0.9915268015295889,1.0
IL17F,-0.010619779,-17.952705,0.9915268015295889,1.0
LIPN,-0.010619779,-18.08781,0.9915268015295889,1.0
AC010335.1,-0.010619779,-17.928587,0.9915268015295889,1.0
AC087645.4,-0.010619779,-18.024223,0.9915268015295889,1.0
AC009434.1,-0.010619779,-17.6508,0.9915268015295889,1.0
AC022188.1,-0.010619779,-18.400629,0.9915268015295889,1.0
AC068987.1,-0.010619779,-18.426313,0.9915268015295889,1.0
CERNA3,-0.010619779,-18.475973,0.9915268015295889,1.0
AL360175.1,-0.010619779,-17.899014,0.9915268015295889,1.0
MEPE,-0.010619779,-17.163532,0.9915268015295889,1.0
ANGPT4,-0.010619779,-18.490324,0.9915268015295889,1.0
AC004801.3,-0.010619779,-17.910484,0.9915268015295889,1.0
AC008870.1,-0.010619779,-15.834237,0.9915268015295889,1.0
ZNF683,-0.010619779,-17.920755,0.9915268015295889,1.0
TBC1D21,-0.010619779,-17.78867,0.9915268015295889,1.0
PIGR,-0.010619779,-17.770603,0.9915268015295889,1.0
AC010931.3,-0.010619779,-17.823582,0.9915268015295889,1.0
LINC02488,-0.010619779,-16.825657,0.9915268015295889,1.0
AC073046.4,-0.010619779,-17.954662,0.9915268015295889,1.0
AC021355.1,-0.010619779,-17.079323,0.9915268015295889,1.0
AL158817.1,-0.010619779,-17.665571,0.9915268015295889,1.0
AP000893.2,-0.010619779,-16.479868,0.9915268015295889,1.0
AC027338.2,-0.010619779,-17.36959,0.9915268015295889,1.0
CD52,-0.010619779,-17.448238,0.9915268015295889,1.0
TRAJ7,-0.010619779,-17.458853,0.9915268015295889,1.0
AL160237.1,-0.010619779,-17.78651,0.9915268015295889,1.0
TRAJ46,-0.010619779,-17.080112,0.9915268015295889,1.0
AL589743.1,-0.010619779,-18.3353,0.9915268015295889,1.0
AC106858.1,-0.010619779,-17.236965,0.9915268015295889,1.0
AC022017.1,-0.010619779,-17.36486,0.9915268015295889,1.0
AC010280.3,-0.010619779,-16.53682,0.9915268015295889,1.0
TYROBP,-0.010619779,-17.694254,0.9915268015295889,1.0
SULT1A4,-0.010619779,-17.98706,0.9915268015295889,1.0
AL049597.2,-0.010619779,-18.182467,0.9915268015295889,1.0
AC129492.1,-0.010619779,-17.686142,0.9915268015295889,1.0
AC087501.2,-0.010619779,-17.719788,0.9915268015295889,1.0
SNCA-AS1,-0.010619779,-18.051264,0.9915268015295889,1.0
AC120114.2,-0.010619779,-17.420614,0.9915268015295889,1.0
AC012485.2,-0.010619779,-18.763483,0.9915268015295889,1.0
AC131254.3,-0.010619779,-18.016273,0.9915268015295889,1.0
AC020910.2,-0.010619779,-17.494432,0.9915268015295889,1.0
TMEM26-AS1,-0.010619779,-17.892887,0.9915268015295889,1.0
HOXC13,-0.010619779,-18.210884,0.9915268015295889,1.0
LGSN,-0.010619779,-17.657852,0.9915268015295889,1.0
AP000233.1,-0.010619779,-17.924732,0.9915268015295889,1.0
AL023754.1,-0.010619779,-18.044191,0.9915268015295889,1.0
NEFL,-0.010619779,-17.749498,0.9915268015295889,1.0
AC087742.1,-0.010619779,-17.947927,0.9915268015295889,1.0
AC097381.1,-0.010619779,-18.146221,0.9915268015295889,1.0
AC105265.3,-0.010619779,-18.086184,0.9915268015295889,1.0
TRIM77,-0.010619779,-17.897078,0.9915268015295889,1.0
AP002802.1,-0.010619779,-17.442434,0.9915268015295889,1.0
RNASE4,-0.010619779,-17.920715,0.9915268015295889,1.0
TRAJ16,-0.010619779,-17.861864,0.9915268015295889,1.0
TRAJ3,-0.010619779,-18.02795,0.9915268015295889,1.0
AP006216.1,-0.010619779,-17.762104,0.9915268015295889,1.0
AC008877.1,-0.010619779,-17.449759,0.9915268015295889,1.0
AC005090.1,-0.010619779,-18.606905,0.9915268015295889,1.0
NXF2B,-0.010619779,-17.36428,0.9915268015295889,1.0
BHLHB9,-0.010619779,-17.456306,0.9915268015295889,1.0
CPA2,-0.010619779,-18.169296,0.9915268015295889,1.0
LINC02034,-0.010619779,-17.73963,0.9915268015295889,1.0
LINC01711,-0.010619779,-18.086052,0.9915268015295889,1.0
AC099506.1,-0.010619779,-17.138733,0.9915268015295889,1.0
AC099506.3,-0.010619779,-17.831123,0.9915268015295889,1.0
MAB21L3,-0.010619779,-16.961548,0.9915268015295889,1.0
FAM160A1-DT,-0.010619779,-18.373095,0.9915268015295889,1.0
FTCD-AS1,-0.010619779,-17.762236,0.9915268015295889,1.0
PICSAR,-0.010619779,-17.840548,0.9915268015295889,1.0
AL133499.1,-0.010619779,-17.75712,0.9915268015295889,1.0
LINC00690,-0.010619779,-18.536215,0.9915268015295889,1.0
AC104564.2,-0.010619779,-18.017794,0.9915268015295889,1.0
DINOL,-0.010619779,-17.854517,0.9915268015295889,1.0
LINC02404,-0.010619779,-18.079092,0.9915268015295889,1.0
SERPINB7,-0.010619779,-18.126583,0.9915268015295889,1.0
SERPINB13,-0.010619779,-17.581953,0.9915268015295889,1.0
LINC01884,-0.010619779,-17.713854,0.9915268015295889,1.0
AL391097.3,-0.010619779,-17.528715,0.9915268015295889,1.0
AL031674.1,-0.010619779,-17.508991,0.9915268015295889,1.0
LUZP4,-0.010619779,-17.141981,0.9915268015295889,1.0
AC104365.2,-0.010619779,-17.841318,0.9915268015295889,1.0
AL590560.5,-0.010619779,-17.038675,0.9915268015295889,1.0
AC105094.1,-0.010619779,-17.9672,0.9915268015295889,1.0
AC068205.1,-0.010619779,-17.680195,0.9915268015295889,1.0
SIGLEC9,-0.010619779,-17.811455,0.9915268015295889,1.0
AC091814.1,-0.010619779,-17.726234,0.9915268015295889,1.0
CD48,-0.010619779,-17.792929,0.9915268015295889,1.0
AC011468.3,-0.010619779,-17.914484,0.9915268015295889,1.0
AC131649.1,-0.010619779,-18.032566,0.9915268015295889,1.0
AC026458.2,-0.010619779,-18.359364,0.9915268015295889,1.0
AC104971.1,-0.010619779,-17.316063,0.9915268015295889,1.0
AC010336.4,-0.010619779,-17.602953,0.9915268015295889,1.0
AC246785.3,-0.010619779,-18.599268,0.9915268015295889,1.0
AC090425.2,-0.010619779,-17.945292,0.9915268015295889,1.0
AC039056.1,-0.010619779,-18.19395,0.9915268015295889,1.0
AC097375.1,-0.010619779,-18.387772,0.9915268015295889,1.0
IL26,-0.010619779,-17.915277,0.9915268015295889,1.0
FENDRR,-0.010619779,-17.768652,0.9915268015295889,1.0
SIGLECL1,-0.010619779,-17.618225,0.9915268015295889,1.0
TAS2R8,-0.010619779,-18.111525,0.9915268015295889,1.0
CLEC7A,-0.010619779,-17.495007,0.9915268015295889,1.0
KLK11,-0.010619779,-17.968813,0.9915268015295889,1.0
SIGLEC8,-0.010619779,-17.945065,0.9915268015295889,1.0
AL121935.2,-0.010619779,-18.207342,0.9915268015295889,1.0
PRSS41,-0.010619779,-18.096329,0.9915268015295889,1.0
C8B,-0.010619779,-17.994265,0.9915268015295889,1.0
NXF2,-0.010619779,-17.927345,0.9915268015295889,1.0
CPA5,-0.010619779,-17.27894,0.9915268015295889,1.0
LINC01629,-0.010619779,-17.565222,0.9915268015295889,1.0
FAM166C,-0.010619779,-17.672766,0.9915268015295889,1.0
LINC01947,-0.010619779,-18.103836,0.9915268015295889,1.0
AC073288.2,-0.010619779,-17.740852,0.9915268015295889,1.0
AC073288.1,-0.010619779,-18.05693,0.9915268015295889,1.0
Z83818.2,-0.010619779,-17.44497,0.9915268015295889,1.0
AC087591.1,-0.010619779,-17.793467,0.9915268015295889,1.0
AL157938.4,-0.010619779,-17.492004,0.9915268015295889,1.0
TREML1,-0.010619779,-17.636536,0.9915268015295889,1.0
MTUS2-AS1,-0.010619779,-18.105976,0.9915268015295889,1.0
AJ003147.1,-0.010619779,-18.051455,0.9915268015295889,1.0
AC003965.1,-0.010619779,-17.56432,0.9915268015295889,1.0
AL450345.2,-0.010619779,-17.740475,0.9915268015295889,1.0
AL354761.1,-0.010619779,-16.734764,0.9915268015295889,1.0
AC010401.2,-0.010619779,-17.945442,0.9915268015295889,1.0
AC020922.4,-0.010619779,-18.23692,0.9915268015295889,1.0
AC097110.1,-0.010619779,-17.783085,0.9915268015295889,1.0
AC012508.3,-0.010619779,-17.937746,0.9915268015295889,1.0
AC079154.1,-0.010619779,-17.389563,0.9915268015295889,1.0
AC016650.1,-0.010619779,-17.877783,0.9915268015295889,1.0
MAGEC3,-0.010619779,-18.32412,0.9915268015295889,1.0
AP003471.1,-0.010619779,-18.07684,0.9915268015295889,1.0
AC005071.1,-0.010619779,-17.919008,0.9915268015295889,1.0
AL137786.3,-0.010619779,-17.199553,0.9915268015295889,1.0
AC103974.2,-0.010619779,-18.00948,0.9915268015295889,1.0
EPYC,-0.010619779,-18.33258,0.9915268015295889,1.0
AL590226.2,-0.010619779,-17.183525,0.9915268015295889,1.0
LINC00972,-0.010619779,-17.366014,0.9915268015295889,1.0
CCKBR,-0.010619779,-17.220636,0.9915268015295889,1.0
NTS,-0.010619779,-18.032925,0.9915268015295889,1.0
TRAJ45,-0.010619779,-17.866896,0.9915268015295889,1.0
AC090409.1,-0.010619779,-17.823307,0.9915268015295889,1.0
CMPK2,-0.010619779,-17.688183,0.9915268015295889,1.0
AC093904.4,-0.010619779,-18.131395,0.9915268015295889,1.0
AC005391.1,-0.010619779,-17.657358,0.9915268015295889,1.0
LINC00494,-0.010619779,-16.957996,0.9915268015295889,1.0
SLC6A5,-0.010619779,-17.260338,0.9915268015295889,1.0
TM4SF1,-0.010619779,-17.789196,0.9915268015295889,1.0
TM4SF18,-0.010619779,-17.646036,0.9915268015295889,1.0
AC093424.1,-0.010619779,-17.532465,0.9915268015295889,1.0
NAT16,-0.010619779,-17.321617,0.9915268015295889,1.0
AL132712.2,-0.010619779,-18.446276,0.9915268015295889,1.0
PNMA3,-0.010619779,-17.471668,0.9915268015295889,1.0
AL139246.3,-0.010619779,-18.408846,0.9915268015295889,1.0
XKR3,-0.010619779,-17.548592,0.9915268015295889,1.0
TEX51,-0.010619779,-17.845333,0.9915268015295889,1.0
LINC02844,-0.010619779,-17.697018,0.9915268015295889,1.0
AP001330.4,-0.010619779,-18.212063,0.9915268015295889,1.0
AP002528.1,-0.010619779,-17.703058,0.9915268015295889,1.0
DYNLRB2,-0.010619779,-17.525612,0.9915268015295889,1.0
CD2,-0.010619779,-17.308437,0.9915268015295889,1.0
AL512638.3,-0.010619779,-18.058334,0.9915268015295889,1.0
AC016903.2,-0.010619779,-17.361282,0.9915268015295889,1.0
SPINT4,-0.010619779,-17.260181,0.9915268015295889,1.0
EPS8L3,-0.010619779,-18.23371,0.9915268015295889,1.0
AC012555.1,-0.010619779,-17.852072,0.9915268015295889,1.0
BGN,-0.010619779,-17.464647,0.9915268015295889,1.0
AC090983.1,-0.010619779,-17.933855,0.9915268015295889,1.0
LINC01541,-0.010619779,-18.006039,0.9915268015295889,1.0
AC116003.1,-0.010619779,-17.371578,0.9915268015295889,1.0
AC021698.1,-0.010619779,-17.68046,0.9915268015295889,1.0
AC023137.1,-0.010619779,-17.570242,0.9915268015295889,1.0
PCDHA7,-0.010619779,-17.73048,0.9915268015295889,1.0
SMIM33,-0.010619779,-18.02758,0.9915268015295889,1.0
VN1R2,-0.010619779,-16.900328,0.9915268015295889,1.0
NPTX2,-0.010619779,-17.18155,0.9915268015295889,1.0
CADM3-AS1,-0.010619779,-17.633108,0.9915268015295889,1.0
AC099489.3,-0.010619779,-17.351875,0.9915268015295889,1.0
GYPC,-0.010619779,-17.157944,0.9915268015295889,1.0
SPACA3,-0.010619779,-17.79947,0.9915268015295889,1.0
AC003101.2,-0.010619779,-17.215538,0.9915268015295889,1.0
AC020980.1,-0.010619779,-16.670885,0.9915268015295889,1.0
AC009185.1,-0.010619779,-17.626827,0.9915268015295889,1.0
C7orf77,-0.010619779,-18.419085,0.9915268015295889,1.0
HGF,-0.010619779,-17.937082,0.9915268015295889,1.0
GOLGA8T,-0.010619779,-18.06988,0.9915268015295889,1.0
LINC00911,-0.010619779,-18.295328,0.9915268015295889,1.0
GATA2,-0.010619779,-17.59443,0.9915268015295889,1.0
BX323043.1,-0.010619779,-17.75493,0.9915268015295889,1.0
AL139424.1,-0.010619779,-16.963287,0.9915268015295889,1.0
AL137785.1,-0.010619779,-16.893024,0.9915268015295889,1.0
AL122014.1,-0.010619779,-17.29929,0.9915268015295889,1.0
AL137140.1,-0.010619779,-17.77181,0.9915268015295889,1.0
KRT27,-0.010619779,-18.103052,0.9915268015295889,1.0
AC147651.3,-0.010619779,-17.850414,0.9915268015295889,1.0
LINC02523,-0.010619779,-17.34567,0.9915268015295889,1.0
VCAM1,-0.010619779,-18.194448,0.9915268015295889,1.0
AC009113.2,-0.010619779,-18.413994,0.9915268015295889,1.0
AC006478.2,-0.010619779,-17.604698,0.9915268015295889,1.0
AL449983.1,-0.010619779,-17.547321,0.9915268015295889,1.0
AC130343.2,-0.010619779,-17.570375,0.9915268015295889,1.0
CCL22,-0.010619779,-17.610788,0.9915268015295889,1.0
AC069285.2,-0.010619779,-18.069263,0.9915268015295889,1.0
NUDT10,-0.010619779,-17.914005,0.9915268015295889,1.0
SSX7,-0.010619779,-17.968306,0.9915268015295889,1.0
LINC01794,-0.010619779,-18.11403,0.9915268015295889,1.0
AC139493.2,-0.010619779,-17.363686,0.9915268015295889,1.0
AC083862.2,-0.010619779,-17.74623,0.9915268015295889,1.0
AC106799.3,-0.010619779,-17.481754,0.9915268015295889,1.0
LINC00508,-0.010619779,-17.709295,0.9915268015295889,1.0
AC022367.1,-0.010619779,-17.072132,0.9915268015295889,1.0
PRRX2-AS1,-0.010619779,-17.629313,0.9915268015295889,1.0
FOXN1,-0.010619779,-18.139187,0.9915268015295889,1.0
IL36B,-0.010619779,-18.010033,0.9915268015295889,1.0
AC009686.2,-0.010619779,-17.754808,0.9915268015295889,1.0
HMX3,-0.010619779,-17.727316,0.9915268015295889,1.0
KRT40,-0.010619779,-17.846514,0.9915268015295889,1.0
LINC00682,-0.010619779,-17.49899,0.9915268015295889,1.0
AC011773.2,-0.010619779,-17.664236,0.9915268015295889,1.0
AL354821.1,-0.010619779,-17.699612,0.9915268015295889,1.0
AL157996.2,-0.010619779,-17.742176,0.9915268015295889,1.0
AC099661.1,-0.010619779,-17.692804,0.9915268015295889,1.0
AC006459.1,-0.010619779,-17.911888,0.9915268015295889,1.0
AL357509.1,-0.010619779,-17.324371,0.9915268015295889,1.0
ALS2CL,-0.010619779,-17.161873,0.9915268015295889,1.0
SLITRK6,-0.010619779,-17.063963,0.9915268015295889,1.0
PTTG2,-0.010619779,-17.6299,0.9915268015295889,1.0
AC064869.1,-0.010619779,-18.09945,0.9915268015295889,1.0
AL512631.1,-0.010619779,-17.60228,0.9915268015295889,1.0
PROP1,-0.010619779,-17.643393,0.9915268015295889,1.0
AL133482.1,-0.010619779,-17.683363,0.9915268015295889,1.0
HABP2,-0.010619779,-18.351397,0.9915268015295889,1.0
AC020931.1,-0.010619779,-18.196749,0.9915268015295889,1.0
AL357972.1,-0.010619779,-17.86276,0.9915268015295889,1.0
AC008759.2,-0.010619779,-17.4521,0.9915268015295889,1.0
LINC01255,-0.010619779,-17.182089,0.9915268015295889,1.0
AC140125.2,-0.010619779,-17.705008,0.9915268015295889,1.0
HTR6,-0.010619779,-17.990646,0.9915268015295889,1.0
AC008543.3,-0.010619779,-17.775097,0.9915268015295889,1.0
AC013436.1,-0.010619779,-17.84739,0.9915268015295889,1.0
AC002059.1,-0.010619779,-18.050964,0.9915268015295889,1.0
BSN-AS1,-0.010619779,-17.697071,0.9915268015295889,1.0
KRT23,-0.010619779,-17.826157,0.9915268015295889,1.0
LINC00402,-0.010619779,-17.848024,0.9915268015295889,1.0
AC026803.1,-0.010619779,-18.07968,0.9915268015295889,1.0
KRT24,-0.010619779,-17.790367,0.9915268015295889,1.0
LIMS4,-0.010619779,-18.035892,0.9915268015295889,1.0
AC188617.1,-0.010619779,-17.582243,0.9915268015295889,1.0
AC108693.2,-0.010619779,-18.075924,0.9915268015295889,1.0
CEACAM16,-0.010619779,-17.613985,0.9915268015295889,1.0
PSG2,-0.010619779,-17.96841,0.9915268015295889,1.0
AL157895.1,-0.010619779,-17.709953,0.9915268015295889,1.0
AL157831.3,-0.010619779,-17.828224,0.9915268015295889,1.0
AC108681.1,-0.010619779,-18.182245,0.9915268015295889,1.0
AP005380.1,-0.010619779,-17.645864,0.9915268015295889,1.0
IQCA1L,-0.010619779,-16.958399,0.9915268015295889,1.0
AC087175.1,-0.010619779,-17.55288,0.9915268015295889,1.0
Z82198.2,-0.010619779,-17.548101,0.9915268015295889,1.0
AC092143.2,-0.010619779,-18.07344,0.9915268015295889,1.0
AC009118.1,-0.010619779,-17.518421,0.9915268015295889,1.0
AL121827.2,-0.010619779,-18.14213,0.9915268015295889,1.0
Z98880.1,-0.010619779,-17.987627,0.9915268015295889,1.0
AL357033.1,-0.010619779,-17.58541,0.9915268015295889,1.0
AC092447.5,-0.010619779,-18.176445,0.9915268015295889,1.0
AL451069.1,-0.010619779,-17.618044,0.9915268015295889,1.0
AC004816.2,-0.010619779,-18.065071,0.9915268015295889,1.0
MYLK-AS2,-0.010619779,-17.661562,0.9915268015295889,1.0
LINC02519,-0.010619779,-18.149113,0.9915268015295889,1.0
AC006059.4,-0.010619779,-18.458769,0.9915268015295889,1.0
HS3ST6,-0.010619779,-18.193193,0.9915268015295889,1.0
TPSB2,-0.010619779,-17.16053,0.9915268015295889,1.0
FCGR2B,-0.010619779,-16.817343,0.9915268015295889,1.0
SMIM40,-0.010619779,-18.063622,0.9915268015295889,1.0
AC006369.2,-0.010619779,-17.614622,0.9915268015295889,1.0
NAALADL2-AS1,-0.010619779,-16.940361,0.9915268015295889,1.0
AC104695.3,-0.010619779,-17.48938,0.9915268015295889,1.0
SLC25A48-AS1,-0.010619779,-18.008244,0.9915268015295889,1.0
CDH16,-0.010619779,-17.778502,0.9915268015295889,1.0
LINC02385,-0.010619779,-18.444023,0.9915268015295889,1.0
KLHL40,-0.010619779,-17.266562,0.9915268015295889,1.0
LINC02333,-0.010619779,-17.739561,0.9915268015295889,1.0
AC092111.2,-0.010619779,-17.436205,0.9915268015295889,1.0
LINC02556,-0.010619779,-17.578423,0.9915268015295889,1.0
AP003351.1,-0.010619779,-18.032463,0.9915268015295889,1.0
AC022916.1,-0.010619779,-17.166805,0.9915268015295889,1.0
RNF224,-0.010619779,-16.937885,0.9915268015295889,1.0
ENTPD8,-0.010619779,-17.771852,0.9915268015295889,1.0
ZNF280A,-0.010619779,-17.646006,0.9915268015295889,1.0
AC113347.4,-0.010619779,-17.866173,0.9915268015295889,1.0
CLEC1B,-0.010619779,-18.043676,0.9915268015295889,1.0
AP000345.1,-0.010619779,-18.08264,0.9915268015295889,1.0
GATA6-AS1,-0.010619779,-18.591743,0.9915268015295889,1.0
AQP4,-0.010619779,-18.113037,0.9915268015295889,1.0
AC007391.2,-0.010619779,-17.60042,0.9915268015295889,1.0
CLEC4M,-0.010619779,-17.23983,0.9915268015295889,1.0
AC066612.1,-0.010619779,-17.424961,0.9915268015295889,1.0
HTR3D,-0.010619779,-16.364079,0.9915268015295889,1.0
AC011451.1,-0.010619779,-17.65784,0.9915268015295889,1.0
AC011451.4,-0.010619779,-17.940952,0.9915268015295889,1.0
AP001458.1,-0.010619779,-18.299047,0.9915268015295889,1.0
AC110011.1,-0.010619779,-17.877657,0.9915268015295889,1.0
BX284668.2,-0.010619779,-17.362917,0.9915268015295889,1.0
AC244472.1,-0.010619779,-17.717,0.9915268015295889,1.0
AC091073.1,-0.010619779,-18.368658,0.9915268015295889,1.0
MSTN,-0.010619779,-18.060226,0.9915268015295889,1.0
AC096736.1,-0.010619779,-16.998873,0.9915268015295889,1.0
LINC00485,-0.010619779,-18.242859,0.9915268015295889,1.0
HLA-DQA1,-0.010619779,-17.979162,0.9915268015295889,1.0
AC108467.1,-0.010619779,-17.994473,0.9915268015295889,1.0
AC107398.4,-0.010619779,-16.805792,0.9915268015295889,1.0
AC244100.2,-0.010619779,-17.484547,0.9915268015295889,1.0
RBP5,-0.010619779,-17.083105,0.9915268015295889,1.0
LINC01702,-0.010619779,-18.028664,0.9915268015295889,1.0
AC016405.3,-0.010619779,-17.412468,0.9915268015295889,1.0
AC062039.1,-0.010619779,-17.875683,0.9915268015295889,1.0
AC055788.2,-0.010619779,-17.761717,0.9915268015295889,1.0
LINC01668,-0.010619779,-17.689217,0.9915268015295889,1.0
AC140481.1,-0.010619779,-17.787205,0.9915268015295889,1.0
AP001057.1,-0.010619779,-17.549541,0.9915268015295889,1.0
AL391560.2,-0.010619779,-17.948353,0.9915268015295889,1.0
AC093838.1,-0.010619779,-17.649757,0.9915268015295889,1.0
LINC01783,-0.010619779,-18.266073,0.9915268015295889,1.0
AL445531.1,-0.010619779,-17.713943,0.9915268015295889,1.0
AC108136.1,-0.010619779,-17.247223,0.9915268015295889,1.0
AL390037.1,-0.010645881,0.47851616,0.9915059763359952,1.0
AC087500.2,-0.010645881,0.6360109,0.9915059763359952,1.0
AC002076.1,-0.010645881,0.7151824,0.9915059763359952,1.0
AC005387.1,-0.010653338,0.68958557,0.991500026281745,1.0
AL596247.1,-0.010653338,0.7118081,0.991500026281745,1.0
AC005280.1,-0.010660796,0.45354062,0.9914940762279676,1.0
LINC01235,-0.010660796,0.652764,0.9914940762279676,1.0
AL137796.1,-0.010668254,0.4398292,0.9914881261746632,1.0
AC011029.1,-0.010668254,0.564773,0.9914881261746632,1.0
AC026368.1,-0.010668254,0.29596353,0.9914881261746632,1.0
SULT2A1,-0.0106719835,0.23815663,0.9914851511481885,1.0
AL627232.1,-0.010675712,0.5151148,0.9914821761218322,1.0
LGALS9,-0.01068317,0.3030882,0.9914762260694748,1.0
AC008040.1,-0.01068317,0.14846759,0.9914762260694748,1.0
AC022655.1,-0.010690628,0.28998363,0.9914702760175916,1.0
AC007381.1,-0.010690628,0.14785479,0.9914702760175916,1.0
AC090425.3,-0.010690628,0.012436976,0.9914702760175916,1.0
ZNF257,-0.010690628,0.27965042,0.9914702760175916,1.0
AC034229.4,-0.010690628,-0.028039189,0.9914702760175916,1.0
KCNG4,-0.010698085,0.2143705,0.9914643259661827,1.0
AC073176.2,-0.010705543,-0.0019940834,0.9914583759152487,1.0
PPIAL4G,-0.010713001,-0.07841031,0.9914524258647895,1.0
AC087588.2,-0.010713001,-0.115971886,0.9914524258647895,1.0
NFE2,-0.010713001,-0.200908,0.9914524258647895,1.0
AC068338.3,-0.010716729,0.37913302,0.9914494508397382,1.0
EPB41L1,-0.010724187,0.21129903,0.9914435007899923,1.0
GRM7-AS3,-0.010727916,-0.06639331,0.9914405257652977,1.0
AP003306.1,-0.010727916,-0.34205484,0.9914405257652977,1.0
AC004865.2,-0.010727916,0.097472675,0.9914405257652977,1.0
AL583827.1,-0.010727916,-0.18331064,0.9914405257652977,1.0
DYTN,-0.010727916,0.0596115,0.9914405257652977,1.0
LINC01204,-0.010765204,-0.569769,0.9914107755249049,1.0
MTRNR2L6,-0.010765204,-0.8943997,0.9914107755249049,1.0
RASGRP4,-0.010772662,-0.78276783,0.991404825478258,1.0
AC009812.4,-0.010776391,0.16409393,0.9914018504551139,1.0
AP002992.1,-0.01078012,-0.6421912,0.9913988754320892,1.0
NKX6-1,-0.01078012,-0.4998955,0.9913988754320892,1.0
C11orf52,-0.01078012,-0.54205954,0.9913988754320892,1.0
IL22RA1,-0.01078012,-0.43181965,0.9913988754320892,1.0
CTF1,-0.010787577,-1.1989018,0.9913929253863988,1.0
REELD1,-0.010787577,0.1911644,0.9913929253863988,1.0
TXNDC8,-0.010791306,0.059474755,0.991389950363733,1.0
AC087490.1,-0.010795035,-1.5671076,0.991386975341187,1.0
AC090515.6,-0.010795035,-0.6698173,0.991386975341187,1.0
AC068672.2,-0.010795035,-0.79445994,0.991386975341187,1.0
TAS2R50,-0.0108024925,-1.8328284,0.9913810252964542,1.0
SLC15A1,-0.0108024925,-1.2573968,0.9913810252964542,1.0
RGPD4,-0.010817409,-1.5955595,0.9913691252084271,1.0
CALCRL,-0.010817409,-1.6457276,0.9913691252084271,1.0
LINC00621,-0.010824866,-2.477861,0.9913631751651334,1.0
LINC01478,-0.010828595,0.02403325,0.9913602001436667,1.0
PIWIL1,-0.010832324,-2.214582,0.99135722512232,1.0
AL022326.1,-0.010832324,-2.1736896,0.99135722512232,1.0
PTP4A1,-0.010836053,-0.13410951,0.9913542501010936,1.0
AC109322.1,-0.010839782,-2.2347236,0.9913512750799873,1.0
AC091729.2,-0.010839782,-2.159493,0.9913512750799873,1.0
ITPKB-AS1,-0.010847239,0.031805634,0.9913453250381355,1.0
ARHGEF6,-0.010858426,-0.18954688,0.9913363999762607,1.0
AL354956.1,-0.010869612,0.07374139,0.9913274749154698,1.0
SPRTN,-0.010873341,-0.06966753,0.9913244998954472,1.0
SPNS3,-0.010880799,-0.23849241,0.9913185498557642,1.0
AC008592.1,-0.010888257,-0.3134767,0.9913125998165638,1.0
AC090510.3,-0.010910629,-0.19208415,0.9912947497018633,1.0
AL391121.1,-0.010929274,0.017785879,0.9912798746096075,1.0
AL136084.2,-0.010955376,-0.5190061,0.9912590494855428,1.0
MYLK2,-0.010977749,-0.603085,0.9912411993839408,1.0
AC090809.1,-0.011000122,-0.025061248,0.9912233492867231,1.0
AC068228.3,-0.011029953,-0.75874233,0.9911995491639345,1.0
AC100827.4,-0.011037411,-0.73531574,0.99119359913446,1.0
SLC9C2,-0.011037411,-0.7951471,0.99119359913446,1.0
PCP2,-0.011059784,0.030441986,0.9911757490489769,1.0
CA11,-0.0110784285,0.041022472,0.9911608739811144,1.0
MS4A6E,-0.011104531,-1.5144645,0.9911400488912699,1.0
F12,-0.011141819,-1.2820338,0.9911102987733951,1.0
STEAP4,-0.011153005,-0.4364445,0.9911013737404409,1.0
AC015983.2,-0.011171649,-0.14550708,0.9910864986879924,1.0
DNAH2,-0.011171649,-0.15481734,0.9910864986879924,1.0
CCDC124,-0.011190294,0.039455622,0.9910716236386422,1.0
AC009087.1,-0.011253685,-2.112253,0.9910210484940961,1.0
WDR13,-0.011283515,-0.056708984,0.9909972484385462,1.0
TTL,-0.011309617,-0.026145427,0.9909764233965108,1.0
ABRACL,-0.011324532,-0.065564044,0.9909645233752498,1.0
CERS3,-0.0114886025,-1.0431222,0.9908336232746238,1.0
AP001062.1,-0.011518433,-0.12478753,0.9908098232827338,1.0
ZFAND2A,-0.011544535,0.022218144,0.9907889982965378,1.0
NNMT,-0.011570637,0.04745968,0.990768173316617,1.0
AC145207.1,-0.011581823,-0.48085722,0.9907592483271469,1.0
DNAH9,-0.011604196,-0.11663052,0.9907413983516768,1.0
AC034231.1,-0.011798097,-0.63413715,0.9905866987593496,1.0
AF131215.4,-0.012163525,0.11570483,0.9902951504942838,1.0
ADSS,-0.0121672535,-0.056958474,0.9902921755186003,1.0
AL390071.1,-0.012510308,-0.30847472,0.9900184783384969,1.0
NOM1,-0.012693022,-0.07387469,0.9898727053177641,1.0
ZNF684,-0.012741498,-0.32172957,0.9898340308994206,1.0
SDF2L1,-0.012939127,0.15452793,0.9896763585189639,1.0
MPC2,-0.012972686,-0.09106046,0.9896495840036691,1.0
BAIAP2-DT,-0.013140485,-0.14863881,0.9895157116026466,1.0
AL049569.1,-0.013174045,-0.1355052,0.9894889371577433,1.0
AC008537.2,-0.013192689,0.6016232,0.9894740624712435,1.0
HS6ST3,-0.0132598085,0.18104348,0.9894205136301749,1.0
AC108452.1,-0.013274724,-17.99102,0.9894086138941788,1.0
AC011363.1,-0.013274724,-18.473942,0.9894086138941788,1.0
AC018653.3,-0.013274724,-18.072342,0.9894086138941788,1.0
AC073314.1,-0.013274724,-18.337637,0.9894086138941788,1.0
LLCFC1,-0.013274724,-18.20777,0.9894086138941788,1.0
GSTT4,-0.013274724,-17.676296,0.9894086138941788,1.0
AC006249.1,-0.013274724,-17.954441,0.9894086138941788,1.0
KLK2,-0.013274724,-18.023964,0.9894086138941788,1.0
LINC01946,-0.013274724,-18.2721,0.9894086138941788,1.0
TERB2,-0.013274724,-17.976458,0.9894086138941788,1.0
LINC01944,-0.013274724,-18.589447,0.9894086138941788,1.0
AL031733.2,-0.013274724,-18.035835,0.9894086138941788,1.0
AP001065.4,-0.013274724,-18.499483,0.9894086138941788,1.0
ASB12,-0.013274724,-17.778496,0.9894086138941788,1.0
SPIN4-AS1,-0.013274724,-18.066967,0.9894086138941788,1.0
LINC01065,-0.013274724,-17.970829,0.9894086138941788,1.0
PCDH9-AS4,-0.013274724,-17.02608,0.9894086138941788,1.0
MYL3,-0.013274724,-18.051916,0.9894086138941788,1.0
AC091043.1,-0.013274724,-17.541773,0.9894086138941788,1.0
AC007391.1,-0.013274724,-18.524517,0.9894086138941788,1.0
AC104304.3,-0.013274724,-18.085701,0.9894086138941788,1.0
AC009511.2,-0.013274724,-18.49719,0.9894086138941788,1.0
LINC01142,-0.013274724,-17.798235,0.9894086138941788,1.0
VHLL,-0.013274724,-18.559252,0.9894086138941788,1.0
ILDR1,-0.013274724,-18.246078,0.9894086138941788,1.0
AC016683.1,-0.013274724,-17.992508,0.9894086138941788,1.0
AL137186.1,-0.013274724,-17.672228,0.9894086138941788,1.0
LINC02648,-0.013274724,-18.2114,0.9894086138941788,1.0
PRR35,-0.013274724,-18.317186,0.9894086138941788,1.0
AC018978.1,-0.013274724,-17.667437,0.9894086138941788,1.0
MALL,-0.013274724,-18.220764,0.9894086138941788,1.0
GDF5OS,-0.013274724,-18.217684,0.9894086138941788,1.0
AC107294.1,-0.013274724,-18.05074,0.9894086138941788,1.0
AL356475.1,-0.013274724,-18.398062,0.9894086138941788,1.0
AC096734.2,-0.013274724,-18.064014,0.9894086138941788,1.0
AC111198.1,-0.013274724,-18.260384,0.9894086138941788,1.0
TDGF1,-0.013274724,-18.557125,0.9894086138941788,1.0
AC079763.1,-0.013274724,-18.140541,0.9894086138941788,1.0
C7orf69,-0.013274724,-18.547186,0.9894086138941788,1.0
EIF4E1B,-0.013274724,-17.874998,0.9894086138941788,1.0
AP001453.3,-0.013274724,-17.815395,0.9894086138941788,1.0
AC239809.3,-0.013274724,-18.197718,0.9894086138941788,1.0
AC096667.1,-0.013274724,-18.203968,0.9894086138941788,1.0
AC004870.4,-0.013274724,-17.991266,0.9894086138941788,1.0
SPACA5,-0.013274724,-17.667746,0.9894086138941788,1.0
AC092894.1,-0.013274724,-18.368391,0.9894086138941788,1.0
KRT222,-0.013274724,-18.11973,0.9894086138941788,1.0
AP000897.2,-0.013274724,-17.528818,0.9894086138941788,1.0
FAM3B,-0.013274724,-17.574184,0.9894086138941788,1.0
AC013265.1,-0.013274724,-17.479269,0.9894086138941788,1.0
KCNJ12,-0.013274724,-17.921963,0.9894086138941788,1.0
LINC00408,-0.013274724,-18.13255,0.9894086138941788,1.0
AL031056.1,-0.013274724,-18.543463,0.9894086138941788,1.0
AC093484.3,-0.013274724,-17.816048,0.9894086138941788,1.0
AC005498.2,-0.013274724,-17.976421,0.9894086138941788,1.0
AC010183.2,-0.013274724,-18.108305,0.9894086138941788,1.0
AC093746.1,-0.013274724,-18.008045,0.9894086138941788,1.0
LINC01080,-0.013274724,-17.084097,0.9894086138941788,1.0
AC008875.3,-0.013274724,-18.43207,0.9894086138941788,1.0
MOB3C,-0.013274724,-17.989176,0.9894086138941788,1.0
AC113348.3,-0.013274724,-18.344786,0.9894086138941788,1.0
TMPRSS3,-0.013274724,-18.347471,0.9894086138941788,1.0
AL391560.1,-0.013274724,-18.072956,0.9894086138941788,1.0
AP001059.2,-0.013274724,-18.577105,0.9894086138941788,1.0
HSD17B3-AS1,-0.013274724,-17.984386,0.9894086138941788,1.0
AC022730.4,-0.013274724,-17.577059,0.9894086138941788,1.0
TMEM82,-0.013274724,-18.698664,0.9894086138941788,1.0
AL139230.1,-0.013274724,-18.168102,0.9894086138941788,1.0
AC107029.1,-0.013274724,-17.56461,0.9894086138941788,1.0
LINC01215,-0.013274724,-17.1319,0.9894086138941788,1.0
AKAIN1,-0.013274724,-17.683983,0.9894086138941788,1.0
AC066614.1,-0.013274724,-18.00255,0.9894086138941788,1.0
LINC01595,-0.013274724,-18.138865,0.9894086138941788,1.0
AC138646.1,-0.013274724,-17.990406,0.9894086138941788,1.0
PDGFA,-0.013274724,-17.74711,0.9894086138941788,1.0
KRT39,-0.013274724,-18.295198,0.9894086138941788,1.0
LINC00942,-0.013274724,-17.585274,0.9894086138941788,1.0
CYP4A22,-0.013274724,-18.413303,0.9894086138941788,1.0
FOXD2-AS1,-0.013274724,-17.743643,0.9894086138941788,1.0
MC2R,-0.013274724,-18.383743,0.9894086138941788,1.0
DAW1,-0.013274724,-18.091108,0.9894086138941788,1.0
MIR137HG,-0.013274724,-18.573908,0.9894086138941788,1.0
LINC01307,-0.013274724,-18.360916,0.9894086138941788,1.0
AL449403.2,-0.013274724,-17.633074,0.9894086138941788,1.0
AL160269.1,-0.013274724,-18.313124,0.9894086138941788,1.0
ZSWIM2,-0.013274724,-17.546124,0.9894086138941788,1.0
LIMS3,-0.013274724,-17.91108,0.9894086138941788,1.0
AC004672.2,-0.013274724,-17.204548,0.9894086138941788,1.0
AC126468.1,-0.013274724,-17.312737,0.9894086138941788,1.0
AC020922.3,-0.013274724,-18.359062,0.9894086138941788,1.0
LINC02185,-0.013274724,-17.510822,0.9894086138941788,1.0
AL161937.1,-0.013274724,-18.241243,0.9894086138941788,1.0
AC016575.2,-0.013274724,-18.22214,0.9894086138941788,1.0
AC002519.1,-0.013274724,-18.027029,0.9894086138941788,1.0
LINC00314,-0.013274724,-18.249891,0.9894086138941788,1.0
AL360178.1,-0.013274724,-17.675085,0.9894086138941788,1.0
AC003982.1,-0.013274724,-18.275015,0.9894086138941788,1.0
LINC02298,-0.013274724,-18.459318,0.9894086138941788,1.0
LINC02577,-0.013274724,-18.318161,0.9894086138941788,1.0
AC093857.1,-0.013274724,-17.848755,0.9894086138941788,1.0
AC080089.2,-0.013274724,-17.89341,0.9894086138941788,1.0
AC090802.1,-0.013274724,-17.361738,0.9894086138941788,1.0
ODF1,-0.013274724,-17.885756,0.9894086138941788,1.0
AC114964.2,-0.013274724,-18.83367,0.9894086138941788,1.0
CLIC3,-0.013274724,-18.497347,0.9894086138941788,1.0
AC007218.2,-0.013274724,-18.0779,0.9894086138941788,1.0
LCN6,-0.013274724,-18.353743,0.9894086138941788,1.0
SPAM1,-0.013274724,-17.444435,0.9894086138941788,1.0
AC092070.4,-0.013274724,-17.821127,0.9894086138941788,1.0
AP003354.1,-0.013274724,-17.339905,0.9894086138941788,1.0
TMPRSS11B,-0.013274724,-18.470528,0.9894086138941788,1.0
TMEM132E,-0.013274724,-18.164167,0.9894086138941788,1.0
AC079988.1,-0.013274724,-17.871128,0.9894086138941788,1.0
FAM216B,-0.013274724,-18.470081,0.9894086138941788,1.0
OR51I1,-0.013274724,-17.758764,0.9894086138941788,1.0
ADH7,-0.013274724,-18.004004,0.9894086138941788,1.0
AL355601.1,-0.013274724,-17.780506,0.9894086138941788,1.0
LINC01567,-0.013274724,-18.246717,0.9894086138941788,1.0
AP000238.1,-0.013274724,-17.71541,0.9894086138941788,1.0
AL121917.2,-0.013274724,-18.592066,0.9894086138941788,1.0
Z99756.1,-0.013274724,-18.231785,0.9894086138941788,1.0
CCDC96,-0.013274724,-17.987446,0.9894086138941788,1.0
PARVG,-0.013274724,-18.38438,0.9894086138941788,1.0
OR4D2,-0.013274724,-18.603971,0.9894086138941788,1.0
TLR9,-0.013274724,-17.87853,0.9894086138941788,1.0
LINC00928,-0.013274724,-17.624361,0.9894086138941788,1.0
AC007535.1,-0.013274724,-17.351498,0.9894086138941788,1.0
C16orf90,-0.013274724,-18.325748,0.9894086138941788,1.0
AC007663.4,-0.013274724,-17.691303,0.9894086138941788,1.0
AC011473.3,-0.013274724,-17.826452,0.9894086138941788,1.0
AC011473.1,-0.013274724,-18.167755,0.9894086138941788,1.0
C8G,-0.013274724,-18.490108,0.9894086138941788,1.0
FPR2,-0.013274724,-17.800144,0.9894086138941788,1.0
CX3CR1,-0.013274724,-18.325914,0.9894086138941788,1.0
KLK6,-0.013274724,-18.160769,0.9894086138941788,1.0
AC019185.2,-0.013274724,-18.640444,0.9894086138941788,1.0
GLYATL1B,-0.013274724,-18.136522,0.9894086138941788,1.0
IFITM2,-0.013274724,-18.167702,0.9894086138941788,1.0
AC016383.1,-0.013274724,-18.36824,0.9894086138941788,1.0
HTR3A,-0.013274724,-18.537878,0.9894086138941788,1.0
LPAR4,-0.013274724,-18.151663,0.9894086138941788,1.0
AL589765.5,-0.013274724,-18.08351,0.9894086138941788,1.0
AC137936.1,-0.013274724,-18.196163,0.9894086138941788,1.0
AL034546.1,-0.013274724,-18.407423,0.9894086138941788,1.0
AP000942.2,-0.013274724,-18.30918,0.9894086138941788,1.0
AC005580.1,-0.013274724,-18.208792,0.9894086138941788,1.0
GYG2-AS1,-0.013274724,-18.03651,0.9894086138941788,1.0
ARSH,-0.013274724,-17.954786,0.9894086138941788,1.0
AL353152.1,-0.013274724,-18.577291,0.9894086138941788,1.0
PCDH8,-0.013274724,-18.281988,0.9894086138941788,1.0
AL357833.1,-0.013274724,-18.16354,0.9894086138941788,1.0
MIR200CHG,-0.013274724,-18.162312,0.9894086138941788,1.0
ADAMTSL5,-0.013274724,-18.634298,0.9894086138941788,1.0
AL359962.2,-0.013274724,-17.88108,0.9894086138941788,1.0
AL591222.1,-0.013274724,-17.958368,0.9894086138941788,1.0
BEAN1-AS1,-0.013274724,-17.777277,0.9894086138941788,1.0
AC106892.1,-0.013274724,-18.795193,0.9894086138941788,1.0
LINC02263,-0.013274724,-17.729864,0.9894086138941788,1.0
TYRP1,-0.013274724,-18.373678,0.9894086138941788,1.0
GNG13,-0.013274724,-18.118986,0.9894086138941788,1.0
LINC02812,-0.013274724,-18.5131,0.9894086138941788,1.0
AC072026.3,-0.013274724,-18.124176,0.9894086138941788,1.0
AC115220.1,-0.013274724,-18.098642,0.9894086138941788,1.0
AC091685.1,-0.013274724,-17.887516,0.9894086138941788,1.0
P2RY4,-0.013274724,-17.481697,0.9894086138941788,1.0
AC006064.5,-0.013274724,-18.572311,0.9894086138941788,1.0
AC078850.1,-0.013274724,-17.352177,0.9894086138941788,1.0
FAM237A,-0.013274724,-17.35888,0.9894086138941788,1.0
LINC01241,-0.013274724,-17.734966,0.9894086138941788,1.0
CRYGA,-0.013274724,-18.448156,0.9894086138941788,1.0
AL357874.2,-0.013274724,-17.746338,0.9894086138941788,1.0
OR8H1,-0.013274724,-18.495089,0.9894086138941788,1.0
IL21,-0.013274724,-17.926348,0.9894086138941788,1.0
AL357673.2,-0.013274724,-18.227991,0.9894086138941788,1.0
DMRTB1,-0.013274724,-17.801064,0.9894086138941788,1.0
AC096536.2,-0.013274724,-17.970987,0.9894086138941788,1.0
IGLV1-51,-0.013274724,-17.890196,0.9894086138941788,1.0
KLK5,-0.013274724,-17.850183,0.9894086138941788,1.0
LINC01746,-0.013274724,-17.861528,0.9894086138941788,1.0
AC112482.2,-0.013274724,-17.76914,0.9894086138941788,1.0
ELOA3,-0.013274724,-18.385122,0.9894086138941788,1.0
AC023043.4,-0.013274724,-17.97893,0.9894086138941788,1.0
AC104109.2,-0.013274724,-18.046833,0.9894086138941788,1.0
AC009974.1,-0.013274724,-18.262825,0.9894086138941788,1.0
FEV,-0.013274724,-18.523008,0.9894086138941788,1.0
IHH,-0.013274724,-18.624012,0.9894086138941788,1.0
MTNR1B,-0.013274724,-17.993458,0.9894086138941788,1.0
AC007639.1,-0.013274724,-17.827293,0.9894086138941788,1.0
AC018511.5,-0.013274724,-17.897202,0.9894086138941788,1.0
ADIG,-0.013274724,-18.213675,0.9894086138941788,1.0
AL353572.4,-0.013274724,-17.563927,0.9894086138941788,1.0
AL451074.5,-0.013274724,-18.326313,0.9894086138941788,1.0
LINC02699,-0.013274724,-18.450619,0.9894086138941788,1.0
AL132708.1,-0.013274724,-18.039932,0.9894086138941788,1.0
LINC02647,-0.013274724,-17.622105,0.9894086138941788,1.0
LIPK,-0.013274724,-17.92585,0.9894086138941788,1.0
AP000593.3,-0.013274724,-17.89723,0.9894086138941788,1.0
AC083841.2,-0.013274724,-18.76432,0.9894086138941788,1.0
LINC02347,-0.013274724,-17.79024,0.9894086138941788,1.0
LINC02824,-0.013274724,-16.981907,0.9894086138941788,1.0
LINC01361,-0.013274724,-18.34537,0.9894086138941788,1.0
AL034380.1,-0.013274724,-18.240274,0.9894086138941788,1.0
LINC02153,-0.013274724,-17.44614,0.9894086138941788,1.0
LINC01979,-0.013274724,-18.617746,0.9894086138941788,1.0
AC125611.3,-0.013274724,-17.685087,0.9894086138941788,1.0
LINC02255,-0.013274724,-18.415194,0.9894086138941788,1.0
ATG10-AS1,-0.013274724,-17.909592,0.9894086138941788,1.0
AL139095.5,-0.013274724,-18.573973,0.9894086138941788,1.0
AL162719.1,-0.013274724,-17.759993,0.9894086138941788,1.0
VWDE,-0.013274724,-18.217777,0.9894086138941788,1.0
AL359081.1,-0.013274724,-18.302559,0.9894086138941788,1.0
NCCRP1,-0.013274724,-18.272877,0.9894086138941788,1.0
AC134682.1,-0.013274724,-17.98379,0.9894086138941788,1.0
AC087427.1,-0.013274724,-17.845552,0.9894086138941788,1.0
FCMR,-0.013274724,-18.75918,0.9894086138941788,1.0
C1orf116,-0.013274724,-18.323647,0.9894086138941788,1.0
AC123912.4,-0.013274724,-18.112722,0.9894086138941788,1.0
CYP11A1,-0.013274724,-17.807158,0.9894086138941788,1.0
AC020908.2,-0.013274724,-17.198282,0.9894086138941788,1.0
TAAR2,-0.013274724,-17.868658,0.9894086138941788,1.0
VNN1,-0.013274724,-17.483274,0.9894086138941788,1.0
VNN3,-0.013274724,-18.233744,0.9894086138941788,1.0
AC026462.3,-0.013274724,-18.604414,0.9894086138941788,1.0
LINC00934,-0.013274724,-18.104017,0.9894086138941788,1.0
LINC01683,-0.013274724,-18.33578,0.9894086138941788,1.0
LINC01633,-0.013274724,-18.255564,0.9894086138941788,1.0
AP000879.1,-0.013274724,-18.02819,0.9894086138941788,1.0
RUNX3,-0.013274724,-17.949165,0.9894086138941788,1.0
AL389885.1,-0.013274724,-17.830198,0.9894086138941788,1.0
CIB3,-0.013274724,-18.355915,0.9894086138941788,1.0
LINC02582,-0.013274724,-18.219076,0.9894086138941788,1.0
WNT11,-0.013274724,-17.559486,0.9894086138941788,1.0
F2RL3,-0.013274724,-17.887281,0.9894086138941788,1.0
TRIM31-AS1,-0.013274724,-17.06189,0.9894086138941788,1.0
HTR1F,-0.013274724,-18.062532,0.9894086138941788,1.0
AC006960.3,-0.013274724,-18.29683,0.9894086138941788,1.0
LINC02302,-0.013274724,-18.492964,0.9894086138941788,1.0
LINC02025,-0.013274724,-18.162292,0.9894086138941788,1.0
AC116025.2,-0.013274724,-18.423767,0.9894086138941788,1.0
TLR4,-0.013274724,-17.72184,0.9894086138941788,1.0
AC022733.2,-0.013274724,-17.590237,0.9894086138941788,1.0
SHISA8,-0.013274724,-18.728308,0.9894086138941788,1.0
MACC1-AS1,-0.013274724,-17.917171,0.9894086138941788,1.0
CBLN2,-0.013274724,-18.630396,0.9894086138941788,1.0
AP001922.5,-0.013274724,-18.480322,0.9894086138941788,1.0
SPAG16-DT,-0.013274724,-16.959948,0.9894086138941788,1.0
EPO,-0.013274724,-17.817408,0.9894086138941788,1.0
AL513320.1,-0.013274724,-18.748846,0.9894086138941788,1.0
POSTN,-0.013274724,-18.229162,0.9894086138941788,1.0
AC079336.2,-0.013274724,-17.922823,0.9894086138941788,1.0
AP002893.1,-0.013274724,-17.866999,0.9894086138941788,1.0
AC009061.1,-0.013274724,-18.566053,0.9894086138941788,1.0
CLEC18A,-0.013274724,-18.491432,0.9894086138941788,1.0
AC010273.3,-0.013274724,-18.57514,0.9894086138941788,1.0
LINC02318,-0.013274724,-17.570292,0.9894086138941788,1.0
AL133467.2,-0.013274724,-17.718777,0.9894086138941788,1.0
CRIP1,-0.013274724,-18.442043,0.9894086138941788,1.0
TAT-AS1,-0.013274724,-18.368608,0.9894086138941788,1.0
AL109767.1,-0.013274724,-17.806602,0.9894086138941788,1.0
OR56A4,-0.013274724,-18.270424,0.9894086138941788,1.0
AC011396.1,-0.013274724,-18.204779,0.9894086138941788,1.0
AC010086.3,-0.013274724,-18.12327,0.9894086138941788,1.0
HCFC1-AS1,-0.013274724,-18.210035,0.9894086138941788,1.0
FAM181A,-0.013274724,-17.728971,0.9894086138941788,1.0
AC008625.1,-0.013274724,-17.557842,0.9894086138941788,1.0
AC016925.3,-0.013274724,-17.927898,0.9894086138941788,1.0
CT55,-0.013274724,-17.85399,0.9894086138941788,1.0
AC012615.5,-0.013274724,-18.290424,0.9894086138941788,1.0
AC010880.1,-0.013274724,-17.740551,0.9894086138941788,1.0
RAD51AP2,-0.013274724,-18.424517,0.9894086138941788,1.0
LINC02325,-0.013274724,-18.064735,0.9894086138941788,1.0
LINC02424,-0.013274724,-17.975475,0.9894086138941788,1.0
LINC01370,-0.013274724,-17.37345,0.9894086138941788,1.0
LINC02394,-0.013274724,-18.127493,0.9894086138941788,1.0
AL499602.1,-0.013274724,-18.000721,0.9894086138941788,1.0
AL135924.2,-0.013274724,-17.895063,0.9894086138941788,1.0
TMEM31,-0.013274724,-18.664158,0.9894086138941788,1.0
TMEM270,-0.013274724,-18.315935,0.9894086138941788,1.0
AC026585.1,-0.013274724,-18.085936,0.9894086138941788,1.0
AC108066.1,-0.013274724,-18.494978,0.9894086138941788,1.0
AC025437.4,-0.013274724,-16.62291,0.9894086138941788,1.0
AC091979.1,-0.013274724,-17.223785,0.9894086138941788,1.0
IL12B,-0.013274724,-18.699991,0.9894086138941788,1.0
TNFRSF14-AS1,-0.013274724,-17.905655,0.9894086138941788,1.0
AC104451.2,-0.013274724,-18.355637,0.9894086138941788,1.0
AC079385.2,-0.013274724,-18.448673,0.9894086138941788,1.0
AC093730.1,-0.013274724,-18.247265,0.9894086138941788,1.0
AP001208.1,-0.013274724,-17.534943,0.9894086138941788,1.0
AC099791.4,-0.013274724,-17.750334,0.9894086138941788,1.0
GPR65,-0.013274724,-18.483004,0.9894086138941788,1.0
AF099810.1,-0.013274724,-17.153837,0.9894086138941788,1.0
LINC01953,-0.013274724,-17.963062,0.9894086138941788,1.0
SOWAHD,-0.013274724,-17.958544,0.9894086138941788,1.0
OR56A3,-0.013274724,-18.372723,0.9894086138941788,1.0
LINC00615,-0.013274724,-17.41902,0.9894086138941788,1.0
AL109610.1,-0.013274724,-17.900358,0.9894086138941788,1.0
PLD4,-0.013274724,-17.977276,0.9894086138941788,1.0
AC012065.3,-0.013274724,-18.455345,0.9894086138941788,1.0
AC007106.1,-0.013274724,-18.182495,0.9894086138941788,1.0
AC097480.2,-0.013274724,-17.782944,0.9894086138941788,1.0
MICA,-0.013274724,-17.992256,0.9894086138941788,1.0
LINC01149,-0.013274724,-17.974693,0.9894086138941788,1.0
AC097654.1,-0.013274724,-18.516766,0.9894086138941788,1.0
ELOVL3,-0.013274724,-17.581457,0.9894086138941788,1.0
CPNE8-AS1,-0.013274724,-17.916676,0.9894086138941788,1.0
AC126768.1,-0.013274724,-17.788048,0.9894086138941788,1.0
AC023469.2,-0.013274724,-17.998205,0.9894086138941788,1.0
LINC01817,-0.013274724,-18.34591,0.9894086138941788,1.0
AC112187.3,-0.013274724,-18.186594,0.9894086138941788,1.0
AC243960.1,-0.013274724,-18.341711,0.9894086138941788,1.0
AC113139.1,-0.013274724,-17.96674,0.9894086138941788,1.0
AL391730.2,-0.013274724,-18.102175,0.9894086138941788,1.0
LINC00410,-0.013274724,-18.161938,0.9894086138941788,1.0
LINC02501,-0.013274724,-17.900629,0.9894086138941788,1.0
AC007128.2,-0.013274724,-18.123873,0.9894086138941788,1.0
IRAIN,-0.013274724,-17.975767,0.9894086138941788,1.0
FAM220A,-0.013274724,-17.961704,0.9894086138941788,1.0
DMRTC2,-0.013274724,-18.316202,0.9894086138941788,1.0
AC011462.3,-0.013274724,-18.314224,0.9894086138941788,1.0
AL035696.3,-0.013274724,-18.661043,0.9894086138941788,1.0
AP001107.5,-0.013274724,-18.165985,0.9894086138941788,1.0
LINC02536,-0.013274724,-17.629848,0.9894086138941788,1.0
AL445218.1,-0.013274724,-18.420057,0.9894086138941788,1.0
AC092171.5,-0.013274724,-18.484167,0.9894086138941788,1.0
AC005040.2,-0.013274724,-17.867754,0.9894086138941788,1.0
LINC02369,-0.013274724,-17.801315,0.9894086138941788,1.0
AC068295.1,-0.013274724,-17.31005,0.9894086138941788,1.0
C10orf82,-0.013274724,-18.278866,0.9894086138941788,1.0
AGT,-0.013274724,-17.740904,0.9894086138941788,1.0
AC008494.3,-0.013274724,-18.225374,0.9894086138941788,1.0
EHHADH-AS1,-0.013274724,-17.813068,0.9894086138941788,1.0
AC093732.1,-0.013274724,-18.23635,0.9894086138941788,1.0
AC106795.2,-0.013274724,-17.678446,0.9894086138941788,1.0
LINC01766,-0.013274724,-17.961533,0.9894086138941788,1.0
HIST1H2BH,-0.013274724,-18.155632,0.9894086138941788,1.0
AP000233.2,-0.013274724,-18.75852,0.9894086138941788,1.0
KCNJ1,-0.013274724,-18.074385,0.9894086138941788,1.0
HOXC6,-0.013274724,-17.811007,0.9894086138941788,1.0
SNX20,-0.013274724,-18.013031,0.9894086138941788,1.0
AC007728.2,-0.013274724,-18.049051,0.9894086138941788,1.0
AP003128.1,-0.013274724,-18.246202,0.9894086138941788,1.0
SPATA17-AS1,-0.013274724,-18.22305,0.9894086138941788,1.0
AC099550.1,-0.013274724,-17.547756,0.9894086138941788,1.0
AL356740.3,-0.013274724,-18.141243,0.9894086138941788,1.0
LINC00052,-0.013274724,-18.822666,0.9894086138941788,1.0
FXYD5,-0.013274724,-18.566227,0.9894086138941788,1.0
HAMP,-0.013274724,-18.548048,0.9894086138941788,1.0
AL356952.1,-0.013274724,-18.046185,0.9894086138941788,1.0
AC020907.3,-0.013274724,-18.487555,0.9894086138941788,1.0
AC069133.1,-0.013274724,-17.775112,0.9894086138941788,1.0
AC104770.1,-0.013274724,-18.146461,0.9894086138941788,1.0
LINC02374,-0.013274724,-17.692572,0.9894086138941788,1.0
HDAC11-AS1,-0.013274724,-18.208252,0.9894086138941788,1.0
AC108057.1,-0.013274724,-17.619734,0.9894086138941788,1.0
PRND,-0.013274724,-18.340328,0.9894086138941788,1.0
AC016751.2,-0.013274724,-18.242374,0.9894086138941788,1.0
APELA,-0.013274724,-17.921576,0.9894086138941788,1.0
LINC01721,-0.013274724,-17.957455,0.9894086138941788,1.0
LINC02113,-0.013274724,-18.420155,0.9894086138941788,1.0
LINC02817,-0.013274724,-17.61509,0.9894086138941788,1.0
AP000439.1,-0.013274724,-16.828268,0.9894086138941788,1.0
INHBA,-0.013274724,-18.13194,0.9894086138941788,1.0
LINC02816,-0.013274724,-17.574299,0.9894086138941788,1.0
AC017104.6,-0.013274724,-17.989906,0.9894086138941788,1.0
IL1RL2,-0.013274724,-17.435999,0.9894086138941788,1.0
ZFP42,-0.013274724,-18.490877,0.9894086138941788,1.0
SIRPB1,-0.013274724,-18.399073,0.9894086138941788,1.0
AC135388.1,-0.013274724,-18.009745,0.9894086138941788,1.0
AC099518.2,-0.013274724,-17.660084,0.9894086138941788,1.0
HOXD-AS2,-0.013274724,-17.662256,0.9894086138941788,1.0
HLA-F,-0.013274724,-17.701546,0.9894086138941788,1.0
AC092296.1,-0.013274724,-17.332067,0.9894086138941788,1.0
AC092295.2,-0.013274724,-18.487978,0.9894086138941788,1.0
AC016590.3,-0.013274724,-17.143135,0.9894086138941788,1.0
AC115284.3,-0.013274724,-18.309654,0.9894086138941788,1.0
AC005014.3,-0.013274724,-17.49865,0.9894086138941788,1.0
TBX21,-0.013274724,-18.443033,0.9894086138941788,1.0
LINC01699,-0.013274724,-17.799799,0.9894086138941788,1.0
SMIM34B,-0.013274724,-18.234322,0.9894086138941788,1.0
GFAP,-0.013274724,-17.945759,0.9894086138941788,1.0
AC092354.2,-0.013274724,-18.146984,0.9894086138941788,1.0
LUARIS,-0.013274724,-17.604828,0.9894086138941788,1.0
AP000894.3,-0.013274724,-18.378286,0.9894086138941788,1.0
AC026320.3,-0.013274724,-18.003746,0.9894086138941788,1.0
LINC01282,-0.013274724,-17.936924,0.9894086138941788,1.0
RTBDN,-0.013274724,-17.767963,0.9894086138941788,1.0
AC012603.1,-0.013274724,-18.260075,0.9894086138941788,1.0
BTNL3,-0.013274724,-18.112196,0.9894086138941788,1.0
AP003398.2,-0.013274724,-18.083065,0.9894086138941788,1.0
FAM25A,-0.013274724,-18.35417,0.9894086138941788,1.0
LINC01596,-0.013274724,-18.171059,0.9894086138941788,1.0
AC003684.1,-0.013274724,-18.37159,0.9894086138941788,1.0
AL606753.2,-0.013274724,-17.977135,0.9894086138941788,1.0
AC064805.1,-0.013274724,-17.632326,0.9894086138941788,1.0
AC113404.1,-0.013274724,-18.347923,0.9894086138941788,1.0
AL391538.1,-0.013274724,-18.079926,0.9894086138941788,1.0
LINC01039,-0.013274724,-18.24413,0.9894086138941788,1.0
Z83847.1,-0.013274724,-18.676107,0.9894086138941788,1.0
CYP2A6,-0.013274724,-17.514061,0.9894086138941788,1.0
AC022431.1,-0.013274724,-17.36032,0.9894086138941788,1.0
AC092168.3,-0.013274724,-17.917517,0.9894086138941788,1.0
AL590068.2,-0.013274724,-18.39765,0.9894086138941788,1.0
AC027088.5,-0.013274724,-17.943075,0.9894086138941788,1.0
AC015969.1,-0.013274724,-17.757454,0.9894086138941788,1.0
GOLGA6D,-0.013274724,-18.371578,0.9894086138941788,1.0
KRTCAP2,-0.013282182,-0.04332747,0.9894026640270641,1.0
NR1H4,-0.013289639,0.94291127,0.9893967141605389,1.0
AL353658.1,-0.013289639,0.81795275,0.9893967141605389,1.0
LINC01270,-0.013304555,0.63887304,0.9893848144292576,1.0
CCDC163,-0.013304555,0.242733,0.9893848144292576,1.0
AC026725.1,-0.013312012,0.25525528,0.9893788645645024,1.0
RCSD1,-0.013312012,0.61477745,0.9893788645645024,1.0
ST8SIA6-AS1,-0.013312012,0.46096927,0.9893788645645024,1.0
MRO,-0.013312012,0.4924501,0.9893788645645024,1.0
AC016700.3,-0.01331947,0.7130648,0.9893729147003378,1.0
AC092120.1,-0.01331947,0.45449084,0.9893729147003378,1.0
AC007099.1,-0.013326928,0.30318668,0.9893669648367643,1.0
MPP7-DT,-0.013341843,0.17508708,0.9893550651113916,1.0
LINC02335,-0.013341843,0.3039827,0.9893550651113916,1.0
ABI3,-0.013349301,-0.097186364,0.9893491152495931,1.0
LGALS4,-0.013349301,0.41037837,0.9893491152495931,1.0
TMEM212,-0.013364216,-0.08690628,0.9893372155277734,1.0
EFCAB1,-0.013371674,-0.11768579,0.989331265667753,1.0
AC016705.3,-0.013371674,-0.17694102,0.989331265667753,1.0
DISP2,-0.013379131,0.21326649,0.9893253158083258,1.0
AC079148.1,-0.013379131,-0.2600493,0.9893253158083258,1.0
CBLC,-0.0133865895,-0.12773189,0.9893193659494923,1.0
PCDHGA12,-0.0133865895,0.08944512,0.9893193659494923,1.0
UBAC2-AS1,-0.0133865895,0.10738529,0.9893193659494923,1.0
GOLGA8H,-0.0133940475,0.20637228,0.9893134160912528,1.0
AC018845.1,-0.013416421,-0.61720645,0.9892955665201016,1.0
GABRR1,-0.013416421,0.17607471,0.9892955665201016,1.0
AL132986.1,-0.013423878,-0.3796834,0.9892896166642414,1.0
AC097634.1,-0.013431336,-0.6547489,0.9892836668089768,1.0
AC004231.1,-0.013431336,-0.47503784,0.9892836668089768,1.0
GPR35,-0.013431336,-1.0155932,0.9892836668089768,1.0
AP001885.2,-0.013438794,-0.7977704,0.9892777169543082,1.0
AP001107.6,-0.013446251,-0.9892859,0.989271767100236,1.0
NPAS2,-0.013446251,0.004028803,0.989271767100236,1.0
QPCT,-0.013446251,-1.0259225,0.989271767100236,1.0
AL133346.1,-0.013461167,-1.3083287,0.9892598673938816,1.0
USP12-AS2,-0.013461167,-1.3014958,0.9892598673938816,1.0
UNC5A,-0.013468624,-1.3789177,0.9892539175416003,1.0
AC083836.1,-0.013468624,-2.0812778,0.9892539175416003,1.0
CR381670.2,-0.013476082,-2.1692586,0.9892479676899165,1.0
CDRT15,-0.013476082,-1.7356342,0.9892479676899165,1.0
AC090510.4,-0.013476082,-0.10229074,0.9892479676899165,1.0
AL031731.1,-0.013483539,-2.1824944,0.9892420178388308,1.0
SIRPA,-0.013483539,-0.1523836,0.9892420178388308,1.0
ERICH4,-0.013490997,-2.377517,0.9892360679883433,1.0
AC092756.1,-0.013490997,-1.544236,0.9892360679883433,1.0
AC011751.1,-0.013498455,-2.472573,0.9892301181384545,1.0
ASPRV1,-0.013498455,-2.5093992,0.9892301181384545,1.0
POU1F1,-0.013498455,-2.2630231,0.9892301181384545,1.0
HLTF-AS1,-0.01351337,-0.23649041,0.989218218440474,1.0
PDXP,-0.013517099,-0.12057252,0.9892152435163536,1.0
EMB,-0.013543202,0.013732039,0.9891944190517111,1.0
LINC01754,-0.013550659,-0.19755003,0.9891884692060219,1.0
AP003066.1,-0.013565575,0.06586794,0.9891765695164476,1.0
AC010864.1,-0.013565575,-0.2960092,0.9891765695164476,1.0
ABCB11,-0.013565575,-0.4128965,0.9891765695164476,1.0
ABCA9,-0.013573032,-0.15050137,0.9891706196725633,1.0
AKR1B10,-0.013587948,-0.09808864,0.9891587199866017,1.0
AC087501.1,-0.013602863,-0.07106069,0.9891468203030517,1.0
BLVRB,-0.013617778,-0.0012184666,0.9891349206219161,1.0
SERPINB6,-0.013647609,-0.5585117,0.9891111212668986,1.0
AC006042.2,-0.013673712,-0.34824178,0.9890902968392057,1.0
AC060809.1,-0.013684898,-0.83730346,0.9890813720867546,1.0
TRIB3,-0.013744559,-0.38640195,0.9890337734301173,1.0
F3,-0.013759475,-0.16839038,0.9890218737720501,1.0
HCK,-0.013766932,-1.3808495,0.9890159239439321,1.0
DTX3L,-0.01377439,0.08984821,0.9890099741164251,1.0
ZFP3,-0.013811679,-1.5894333,0.9889802249880641,1.0
FAM71C,-0.01384151,-0.1516803,0.9889564256964049,1.0
AL354864.1,-0.013878798,-0.17881091,0.9889266765956521,1.0
ZC3H11B,-0.013923544,-0.13687953,0.988890977695075,1.0
HIF1A-AS1,-0.014042868,-0.9697431,0.9887957807357987,1.0
AC112512.1,-0.014050325,-0.82149976,0.9887898309311263,1.0
DKK2,-0.014065241,-0.22144227,0.9887779313236521,1.0
NFIX,-0.0140689695,-0.122092,0.9887749564221735,1.0
MSL1,-0.014076428,-0.09506338,0.9887690066196846,1.0
TSBP1,-0.014095072,-0.16922389,0.9887541321161957,1.0
EPSTI1,-0.01410253,-0.94601923,0.9887481823158942,1.0
GABRA3,-0.014147276,-0.93952876,0.9887124835272385,1.0
CDV3,-0.014151005,-0.11712635,0.9887095086292029,1.0
KCNJ10,-0.014154733,-0.42495453,0.9887065337313243,1.0
AMBP,-0.014333718,-1.5226717,0.9885637388185675,1.0
COX7B,-0.014441855,-0.13763082,0.9884774670693447,1.0
AP006621.1,-0.014460499,-0.3490064,0.9884625926434125,1.0
POU6F2-AS1,-0.014460499,-0.20048016,0.9884625926434125,1.0
ZNF385D-AS1,-0.01458728,-0.045582924,0.9883614466536905,1.0
AC139019.1,-0.014706604,-0.22559834,0.9882662505989175,1.0
SUSD4,-0.0147513505,-0.59229773,0.9882305521213733,1.0
TIMM10B,-0.014807283,0.1792535,0.9881859290575876,1.0
CRYGS,-0.014855758,-0.011819298,0.9881472557655293,1.0
RAB30,-0.014896776,0.00908801,0.9881145322324598,1.0
HPDL,-0.01507949,0.1537096,0.9879687640106524,1.0
TARS,-0.015422544,-0.078803636,0.9876950778258381,1.0
HOOK2,-0.015523223,-0.09756481,0.987614757153693,1.0
AL157838.1,-0.015620174,-0.35926235,0.9875374114398898,1.0
AL139011.1,-0.015638817,-0.25927907,0.9875225372775644,1.0
CCDC186,-0.015754413,-0.14388739,0.9874303175681473,1.0
AF127936.2,-0.015814073,0.4804055,0.9873827203644023,1.0
MEIG1,-0.015862549,0.53921497,0.9873440476694185,1.0
ADAM21,-0.015918482,0.33907938,0.9872994253660096,1.0
LINC01819,-0.01592967,-17.402422,0.9872905009100909,1.0
AC007317.1,-0.01592967,-18.958282,0.9872905009100909,1.0
EN2,-0.01592967,-18.674528,0.9872905009100909,1.0
LILRB5,-0.01592967,-18.134842,0.9872905009100909,1.0
AC104076.1,-0.01592967,-18.19125,0.9872905009100909,1.0
AL031727.2,-0.01592967,-18.228212,0.9872905009100909,1.0
KLRC3,-0.01592967,-18.488005,0.9872905009100909,1.0
MNX1-AS2,-0.01592967,-18.581245,0.9872905009100909,1.0
TMEM207,-0.01592967,-18.450357,0.9872905009100909,1.0
OR2A25,-0.01592967,-18.30374,0.9872905009100909,1.0
AC092848.2,-0.01592967,-17.85029,0.9872905009100909,1.0
FAM156B,-0.01592967,-18.203861,0.9872905009100909,1.0
LINC00583,-0.01592967,-18.023544,0.9872905009100909,1.0
ADPRH,-0.01592967,-18.414356,0.9872905009100909,1.0
AC009121.3,-0.01592967,-18.337282,0.9872905009100909,1.0
DMBT1,-0.01592967,-17.752264,0.9872905009100909,1.0
PTPRD-AS2,-0.01592967,-18.254353,0.9872905009100909,1.0
S1PR1,-0.01592967,-18.544714,0.9872905009100909,1.0
AP000769.6,-0.01592967,-18.209911,0.9872905009100909,1.0
GJA5,-0.01592967,-17.999088,0.9872905009100909,1.0
SUN5,-0.01592967,-17.938177,0.9872905009100909,1.0
ACTL10,-0.01592967,-18.872852,0.9872905009100909,1.0
AC020651.1,-0.01592967,-18.747133,0.9872905009100909,1.0
AP005205.2,-0.01592967,-18.83803,0.9872905009100909,1.0
CALHM3,-0.01592967,-18.385086,0.9872905009100909,1.0
AC008543.4,-0.01592967,-17.6243,0.9872905009100909,1.0
AL049871.1,-0.01592967,-18.536673,0.9872905009100909,1.0
AC244636.3,-0.01592967,-18.29135,0.9872905009100909,1.0
AP005229.1,-0.01592967,-18.745111,0.9872905009100909,1.0
ZNF860,-0.01592967,-18.27511,0.9872905009100909,1.0
ATG10-IT1,-0.01592967,-18.146473,0.9872905009100909,1.0
INSM2,-0.01592967,-18.743242,0.9872905009100909,1.0
SFN,-0.01592967,-18.649464,0.9872905009100909,1.0
AC139887.5,-0.01592967,-18.442001,0.9872905009100909,1.0
GRPR,-0.01592967,-18.716406,0.9872905009100909,1.0
AC023202.1,-0.01592967,-17.882061,0.9872905009100909,1.0
LINC02533,-0.01592967,-18.749187,0.9872905009100909,1.0
AC123595.2,-0.01592967,-18.515757,0.9872905009100909,1.0
AC099509.1,-0.01592967,-18.365767,0.9872905009100909,1.0
AC092803.3,-0.01592967,-17.969297,0.9872905009100909,1.0
LINC01447,-0.01592967,-18.07909,0.9872905009100909,1.0
AC004817.1,-0.01592967,-18.383232,0.9872905009100909,1.0
OR2A7,-0.01592967,-18.338139,0.9872905009100909,1.0
FAM83C-AS1,-0.01592967,-18.526129,0.9872905009100909,1.0
AC078789.1,-0.01592967,-18.352282,0.9872905009100909,1.0
AL138708.1,-0.01592967,-18.026178,0.9872905009100909,1.0
AC244453.3,-0.01592967,-18.330488,0.9872905009100909,1.0
SUSD3,-0.01592967,-18.289644,0.9872905009100909,1.0
AC009102.4,-0.01592967,-18.522831,0.9872905009100909,1.0
COX4I2,-0.01592967,-18.209707,0.9872905009100909,1.0
AC092473.2,-0.01592967,-18.291422,0.9872905009100909,1.0
LINC00210,-0.01592967,-18.51917,0.9872905009100909,1.0
AL807776.1,-0.01592967,-18.208769,0.9872905009100909,1.0
LINC02790,-0.01592967,-18.353397,0.9872905009100909,1.0
LINC01405,-0.01592967,-18.45944,0.9872905009100909,1.0
AC106864.1,-0.01592967,-18.786942,0.9872905009100909,1.0
AL590286.2,-0.01592967,-18.167109,0.9872905009100909,1.0
AC010422.4,-0.01592967,-18.133387,0.9872905009100909,1.0
AC240565.1,-0.01592967,-17.885536,0.9872905009100909,1.0
AL121897.1,-0.01592967,-18.715221,0.9872905009100909,1.0
HTR1D,-0.01592967,-18.670748,0.9872905009100909,1.0
AC087521.1,-0.01592967,-18.580744,0.9872905009100909,1.0
CRB3,-0.01592967,-18.431791,0.9872905009100909,1.0
AC064801.1,-0.01592967,-18.8755,0.9872905009100909,1.0
LCN10,-0.01592967,-18.44974,0.9872905009100909,1.0
TOLLIP-AS1,-0.01592967,-18.400528,0.9872905009100909,1.0
AC112236.2,-0.01592967,-18.453962,0.9872905009100909,1.0
AC009097.3,-0.01592967,-18.135283,0.9872905009100909,1.0
AC092114.1,-0.01592967,-17.894753,0.9872905009100909,1.0
AC087565.2,-0.01592967,-18.46935,0.9872905009100909,1.0
AL354993.2,-0.01592967,-17.639227,0.9872905009100909,1.0
SLC2A10,-0.01592967,-18.358383,0.9872905009100909,1.0
AC112503.1,-0.01592967,-17.998125,0.9872905009100909,1.0
AC100768.1,-0.01592967,-18.621523,0.9872905009100909,1.0
AC004221.1,-0.01592967,-18.573595,0.9872905009100909,1.0
DNAJB5-DT,-0.01592967,-18.847168,0.9872905009100909,1.0
AL357315.1,-0.01592967,-18.079973,0.9872905009100909,1.0
AC079610.2,-0.01592967,-18.490091,0.9872905009100909,1.0
GYPB,-0.01592967,-17.91346,0.9872905009100909,1.0
MS4A3,-0.01592967,-18.438654,0.9872905009100909,1.0
AC132807.2,-0.01592967,-18.529589,0.9872905009100909,1.0
CXorf65,-0.01592967,-18.753965,0.9872905009100909,1.0
AC104688.1,-0.01592967,-18.521996,0.9872905009100909,1.0
AL031283.1,-0.01592967,-18.426493,0.9872905009100909,1.0
AC012615.4,-0.01592967,-18.247877,0.9872905009100909,1.0
AL138899.1,-0.01592967,-18.659027,0.9872905009100909,1.0
SHISA7,-0.01592967,-18.444258,0.9872905009100909,1.0
LAIR2,-0.01592967,-18.188343,0.9872905009100909,1.0
LILRB4,-0.01592967,-17.963015,0.9872905009100909,1.0
AC012640.3,-0.01592967,-18.128716,0.9872905009100909,1.0
AC099344.2,-0.01592967,-18.27972,0.9872905009100909,1.0
FCRL1,-0.01592967,-18.234953,0.9872905009100909,1.0
AL121956.4,-0.01592967,-18.16049,0.9872905009100909,1.0
AP003117.1,-0.01592967,-18.345474,0.9872905009100909,1.0
AL445307.1,-0.01592967,-18.258202,0.9872905009100909,1.0
RPS6KA2-IT1,-0.01592967,-18.133127,0.9872905009100909,1.0
C1QTNF9,-0.01592967,-18.533154,0.9872905009100909,1.0
LINC02064,-0.01592967,-18.58525,0.9872905009100909,1.0
AC073359.2,-0.01592967,-18.405338,0.9872905009100909,1.0
EBI3,-0.01592967,-18.73257,0.9872905009100909,1.0
FOXL2,-0.01592967,-18.531921,0.9872905009100909,1.0
AC004946.2,-0.01592967,-17.711489,0.9872905009100909,1.0
AC100834.2,-0.01592967,-18.329151,0.9872905009100909,1.0
AC000061.1,-0.01592967,-18.574858,0.9872905009100909,1.0
FCRL3,-0.01592967,-18.41089,0.9872905009100909,1.0
NMUR2,-0.01592967,-18.962029,0.9872905009100909,1.0
AL359881.2,-0.01592967,-18.096876,0.9872905009100909,1.0
AC022613.1,-0.01592967,-18.58585,0.9872905009100909,1.0
AC011816.2,-0.01592967,-18.1962,0.9872905009100909,1.0
OR2Z1,-0.01592967,-18.16375,0.9872905009100909,1.0
AC131235.3,-0.01592967,-18.577463,0.9872905009100909,1.0
FCGR1A,-0.01592967,-18.292046,0.9872905009100909,1.0
AC016769.6,-0.01592967,-18.120659,0.9872905009100909,1.0
AL158141.1,-0.01592967,-18.080696,0.9872905009100909,1.0
NUPR2,-0.01592967,-18.575274,0.9872905009100909,1.0
LINC01269,-0.01592967,-18.856197,0.9872905009100909,1.0
LINC01513,-0.01592967,-18.389141,0.9872905009100909,1.0
PABPN1L,-0.01592967,-17.974195,0.9872905009100909,1.0
AC092384.2,-0.01592967,-18.435837,0.9872905009100909,1.0
LINC01790,-0.01592967,-17.915424,0.9872905009100909,1.0
UROC1,-0.01592967,-18.147799,0.9872905009100909,1.0
AC080078.1,-0.01592967,-18.267,0.9872905009100909,1.0
AC011313.1,-0.01592967,-17.63478,0.9872905009100909,1.0
RBBP8NL,-0.01592967,-18.100555,0.9872905009100909,1.0
FAM131C,-0.01592967,-18.333305,0.9872905009100909,1.0
PLA2G4D,-0.01592967,-18.117384,0.9872905009100909,1.0
PGAM4,-0.01592967,-18.151983,0.9872905009100909,1.0
AC090527.1,-0.01592967,-18.31835,0.9872905009100909,1.0
AL136172.1,-0.01592967,-18.49777,0.9872905009100909,1.0
AC093893.1,-0.01592967,-18.107967,0.9872905009100909,1.0
AL354897.1,-0.01592967,-17.918306,0.9872905009100909,1.0
AC008549.1,-0.01592967,-18.418158,0.9872905009100909,1.0
AC098872.1,-0.01592967,-18.748722,0.9872905009100909,1.0
AC093821.1,-0.01592967,-18.432549,0.9872905009100909,1.0
AC079174.1,-0.01592967,-18.349314,0.9872905009100909,1.0
EXOC3L1,-0.01592967,-18.25364,0.9872905009100909,1.0
SPO11,-0.01592967,-18.475487,0.9872905009100909,1.0
C20orf85,-0.01592967,-18.327341,0.9872905009100909,1.0
SMR3B,-0.01592967,-17.894953,0.9872905009100909,1.0
AL359555.2,-0.01592967,-18.167433,0.9872905009100909,1.0
LGALS8-AS1,-0.01592967,-18.58727,0.9872905009100909,1.0
AC011365.2,-0.01592967,-18.105484,0.9872905009100909,1.0
AC073657.1,-0.01592967,-18.621885,0.9872905009100909,1.0
AC009063.3,-0.01592967,-17.866156,0.9872905009100909,1.0
LYST-AS1,-0.01592967,-18.597504,0.9872905009100909,1.0
LINC02212,-0.01592967,-18.327095,0.9872905009100909,1.0
AL118523.1,-0.01592967,-18.091345,0.9872905009100909,1.0
AC068643.1,-0.01592967,-18.514204,0.9872905009100909,1.0
AC016229.2,-0.01592967,-18.375055,0.9872905009100909,1.0
AC016229.1,-0.01592967,-18.375309,0.9872905009100909,1.0
LINC02305,-0.01592967,-18.1198,0.9872905009100909,1.0
AADACL4,-0.01592967,-18.11091,0.9872905009100909,1.0
RAB9B,-0.01592967,-18.180984,0.9872905009100909,1.0
AC063976.1,-0.01592967,-18.258581,0.9872905009100909,1.0
AC091588.1,-0.01592967,-17.876675,0.9872905009100909,1.0
DSG1,-0.01592967,-18.600098,0.9872905009100909,1.0
AL157882.1,-0.01592967,-18.09891,0.9872905009100909,1.0
CEACAM8,-0.01592967,-18.395426,0.9872905009100909,1.0
AC104777.1,-0.01592967,-18.88459,0.9872905009100909,1.0
AC074099.1,-0.01592967,-18.408985,0.9872905009100909,1.0
RNF151,-0.01592967,-19.061964,0.9872905009100909,1.0
AC011773.1,-0.01592967,-18.373377,0.9872905009100909,1.0
AC008750.5,-0.01592967,-18.567814,0.9872905009100909,1.0
AC092490.1,-0.01592967,-18.641762,0.9872905009100909,1.0
HAS1,-0.01592967,-18.60698,0.9872905009100909,1.0
ZSCAN10,-0.01592967,-18.638155,0.9872905009100909,1.0
AC141586.2,-0.01592967,-17.88373,0.9872905009100909,1.0
CHMP4C,-0.01592967,-18.315619,0.9872905009100909,1.0
ZNF729,-0.01592967,-17.911728,0.9872905009100909,1.0
AC115676.1,-0.01592967,-18.429642,0.9872905009100909,1.0
AC011523.1,-0.01592967,-18.515564,0.9872905009100909,1.0
ADARB2-AS1,-0.01592967,-18.313063,0.9872905009100909,1.0
GALP,-0.01592967,-18.079676,0.9872905009100909,1.0
AC005726.4,-0.01592967,-18.5119,0.9872905009100909,1.0
PTGES,-0.01592967,-18.060925,0.9872905009100909,1.0
AC093305.1,-0.01592967,-18.46932,0.9872905009100909,1.0
AC008766.1,-0.01592967,-18.184036,0.9872905009100909,1.0
FUT1,-0.01592967,-18.29173,0.9872905009100909,1.0
AL359962.3,-0.01592967,-18.061552,0.9872905009100909,1.0
AC006063.3,-0.01592967,-18.343315,0.9872905009100909,1.0
AC006441.4,-0.01592967,-18.87152,0.9872905009100909,1.0
AC006517.2,-0.01592967,-17.947742,0.9872905009100909,1.0
AC003043.2,-0.01592967,-18.598118,0.9872905009100909,1.0
LINC01958,-0.01592967,-18.787783,0.9872905009100909,1.0
AC122138.1,-0.01592967,-18.214788,0.9872905009100909,1.0
AC131212.1,-0.01592967,-18.338163,0.9872905009100909,1.0
AC099518.5,-0.01592967,-17.970781,0.9872905009100909,1.0
TRIM31,-0.01592967,-19.002447,0.9872905009100909,1.0
MKX-AS1,-0.01592967,-18.60103,0.9872905009100909,1.0
ZNF311,-0.01592967,-18.411795,0.9872905009100909,1.0
MAPT-IT1,-0.01592967,-17.793621,0.9872905009100909,1.0
LINC00331,-0.01592967,-18.11538,0.9872905009100909,1.0
PCDH20,-0.01592967,-18.208736,0.9872905009100909,1.0
AP001122.1,-0.01592967,-18.429523,0.9872905009100909,1.0
SSTR5-AS1,-0.01592967,-18.168318,0.9872905009100909,1.0
TRPA1,-0.01592967,-17.929535,0.9872905009100909,1.0
AC022858.1,-0.01592967,-18.517134,0.9872905009100909,1.0
GAST,-0.01592967,-18.289207,0.9872905009100909,1.0
HCRT,-0.01592967,-18.626812,0.9872905009100909,1.0
LINC02093,-0.01592967,-18.35447,0.9872905009100909,1.0
AC110760.2,-0.01592967,-18.822062,0.9872905009100909,1.0
AC239584.1,-0.01592967,-17.936579,0.9872905009100909,1.0
LINC02238,-0.01592967,-18.055187,0.9872905009100909,1.0
LTB,-0.01592967,-18.78408,0.9872905009100909,1.0
UCMA,-0.01592967,-18.052254,0.9872905009100909,1.0
CSF2RB,-0.01592967,-18.324823,0.9872905009100909,1.0
LINC00358,-0.01592967,-18.22778,0.9872905009100909,1.0
C3orf22,-0.01592967,-18.265257,0.9872905009100909,1.0
TCEAL3-AS1,-0.01592967,-17.755356,0.9872905009100909,1.0
AL049775.1,-0.01592967,-18.654768,0.9872905009100909,1.0
GAB4,-0.01592967,-18.20532,0.9872905009100909,1.0
AL592431.1,-0.01592967,-18.375011,0.9872905009100909,1.0
AC010729.1,-0.01592967,-18.232695,0.9872905009100909,1.0
FAM230A,-0.01592967,-18.142218,0.9872905009100909,1.0
AP001330.5,-0.01592967,-18.216324,0.9872905009100909,1.0
RNF223,-0.01592967,-18.313864,0.9872905009100909,1.0
AC092958.4,-0.01592967,-18.491257,0.9872905009100909,1.0
LINC02066,-0.01592967,-18.031178,0.9872905009100909,1.0
AL355870.2,-0.01592967,-18.712343,0.9872905009100909,1.0
SCGB3A2,-0.01592967,-18.59108,0.9872905009100909,1.0
C5orf46,-0.01592967,-17.926512,0.9872905009100909,1.0
AMELY,-0.01592967,-18.114672,0.9872905009100909,1.0
OR4F17,-0.01592967,-18.197565,0.9872905009100909,1.0
LINC01247,-0.01592967,-18.768356,0.9872905009100909,1.0
BX571846.1,-0.01592967,-18.233576,0.9872905009100909,1.0
AC073127.1,-0.01592967,-17.438332,0.9872905009100909,1.0
MRPL23-AS1,-0.01592967,-18.42908,0.9872905009100909,1.0
AC110611.2,-0.01592967,-18.569649,0.9872905009100909,1.0
AL451127.2,-0.01592967,-18.460752,0.9872905009100909,1.0
LINC02111,-0.01592967,-18.765669,0.9872905009100909,1.0
ADRB2,-0.01592967,-18.330788,0.9872905009100909,1.0
TMEM121,-0.01592967,-18.220798,0.9872905009100909,1.0
AC068787.2,-0.01592967,-18.286022,0.9872905009100909,1.0
AC055720.1,-0.01592967,-18.308609,0.9872905009100909,1.0
AL139130.1,-0.01592967,-18.294662,0.9872905009100909,1.0
AL157414.1,-0.01592967,-17.314802,0.9872905009100909,1.0
AC073284.1,-0.01592967,-18.938547,0.9872905009100909,1.0
AL133390.1,-0.01592967,-18.099064,0.9872905009100909,1.0
LINC02143,-0.01592967,-18.422169,0.9872905009100909,1.0
AP004247.2,-0.01592967,-18.159758,0.9872905009100909,1.0
AP003557.1,-0.01592967,-18.249851,0.9872905009100909,1.0
LINC01649,-0.01592967,-17.710562,0.9872905009100909,1.0
AC007879.4,-0.01592967,-18.957312,0.9872905009100909,1.0
AL138812.1,-0.01592967,-18.572805,0.9872905009100909,1.0
CRYGB,-0.01592967,-18.559996,0.9872905009100909,1.0
AL356094.2,-0.01592967,-17.586487,0.9872905009100909,1.0
SLC12A5-AS1,-0.01592967,-18.414478,0.9872905009100909,1.0
SLC17A6,-0.01592967,-18.824125,0.9872905009100909,1.0
AL391097.1,-0.01592967,-18.173164,0.9872905009100909,1.0
NCF1,-0.01592967,-18.390467,0.9872905009100909,1.0
AC073323.1,-0.01592967,-18.067692,0.9872905009100909,1.0
AC025166.1,-0.01592967,-18.685503,0.9872905009100909,1.0
LHFPL1,-0.01592967,-18.37446,0.9872905009100909,1.0
AC009411.2,-0.01592967,-18.033476,0.9872905009100909,1.0
SERPINB11,-0.01592967,-18.298332,0.9872905009100909,1.0
AC022517.1,-0.01592967,-18.5394,0.9872905009100909,1.0
AC083900.1,-0.01592967,-18.470562,0.9872905009100909,1.0
LINC01427,-0.01592967,-18.28297,0.9872905009100909,1.0
AC023794.5,-0.01592967,-18.235262,0.9872905009100909,1.0
AL646090.2,-0.01592967,-18.815992,0.9872905009100909,1.0
INSM1,-0.01592967,-18.677557,0.9872905009100909,1.0
AC131094.1,-0.01592967,-17.649193,0.9872905009100909,1.0
BCL6B,-0.01592967,-18.49962,0.9872905009100909,1.0
CRHBP,-0.01592967,-18.673677,0.9872905009100909,1.0
ADTRP,-0.01592967,-18.39157,0.9872905009100909,1.0
AC098817.1,-0.01592967,-18.285408,0.9872905009100909,1.0
AC100835.1,-0.01592967,-18.561724,0.9872905009100909,1.0
NEFM,-0.01592967,-18.957907,0.9872905009100909,1.0
AC119677.1,-0.01592967,-18.342352,0.9872905009100909,1.0
PRF1,-0.01592967,-18.329964,0.9872905009100909,1.0
LINC02219,-0.01592967,-17.560564,0.9872905009100909,1.0
TMEM26,-0.01592967,-18.220499,0.9872905009100909,1.0
SLC17A4,-0.01592967,-17.780365,0.9872905009100909,1.0
AL592466.1,-0.01592967,-18.875742,0.9872905009100909,1.0
AC243965.1,-0.01592967,-17.54482,0.9872905009100909,1.0
TRAJ17,-0.01592967,-17.932043,0.9872905009100909,1.0
NEU4,-0.01592967,-18.493393,0.9872905009100909,1.0
AC129492.2,-0.01592967,-18.557016,0.9872905009100909,1.0
AL138826.1,-0.01592967,-18.548967,0.9872905009100909,1.0
AL161938.1,-0.01592967,-18.504711,0.9872905009100909,1.0
LINC01527,-0.01592967,-18.316072,0.9872905009100909,1.0
SLC16A12-AS1,-0.01592967,-18.774647,0.9872905009100909,1.0
HIST2H3C,-0.01592967,-18.07748,0.9872905009100909,1.0
GPR84,-0.01592967,-18.647078,0.9872905009100909,1.0
AC007603.1,-0.01592967,-17.777887,0.9872905009100909,1.0
ALDH3B2,-0.01592967,-18.647757,0.9872905009100909,1.0
AF131215.7,-0.01592967,-18.457666,0.9872905009100909,1.0
AC009269.3,-0.01592967,-18.536287,0.9872905009100909,1.0
GP5,-0.01592967,-18.203287,0.9872905009100909,1.0
LINC00492,-0.01592967,-18.275417,0.9872905009100909,1.0
CCDC105,-0.01592967,-18.070297,0.9872905009100909,1.0
MT1F,-0.01592967,-18.728384,0.9872905009100909,1.0
KCNJ16,-0.01592967,-18.311167,0.9872905009100909,1.0
CCDC89,-0.01592967,-18.491169,0.9872905009100909,1.0
AC090260.1,-0.01592967,-18.214231,0.9872905009100909,1.0
AL590235.1,-0.01592967,-18.419096,0.9872905009100909,1.0
MYH6,-0.01592967,-18.501017,0.9872905009100909,1.0
CR2,-0.01592967,-18.435722,0.9872905009100909,1.0
AP002001.3,-0.01592967,-18.342213,0.9872905009100909,1.0
AC069234.3,-0.01592967,-18.632448,0.9872905009100909,1.0
GBP6,-0.01592967,-18.696814,0.9872905009100909,1.0
C11orf97,-0.01592967,-18.159847,0.9872905009100909,1.0
AC139769.2,-0.01592967,-18.658941,0.9872905009100909,1.0
AC055758.2,-0.01592967,-18.559969,0.9872905009100909,1.0
AL138740.1,-0.01592967,-18.570044,0.9872905009100909,1.0
AP003122.2,-0.01592967,-18.455845,0.9872905009100909,1.0
AC005332.7,-0.01592967,-18.660967,0.9872905009100909,1.0
OR8S1,-0.01592967,-18.589796,0.9872905009100909,1.0
LYNX1,-0.01592967,-18.0806,0.9872905009100909,1.0
AC108021.1,-0.01592967,-18.847708,0.9872905009100909,1.0
AC005632.5,-0.01592967,-18.770596,0.9872905009100909,1.0
AF001550.1,-0.01592967,-18.574648,0.9872905009100909,1.0
LINC02191,-0.01592967,-18.437944,0.9872905009100909,1.0
MSMB,-0.01592967,-18.095425,0.9872905009100909,1.0
AC092800.1,-0.01592967,-18.595192,0.9872905009100909,1.0
AC027612.5,-0.01592967,-18.441492,0.9872905009100909,1.0
AC080068.1,-0.01592967,-18.007063,0.9872905009100909,1.0
AL022238.3,-0.01592967,-18.727827,0.9872905009100909,1.0
LINC02550,-0.01592967,-18.069721,0.9872905009100909,1.0
TMEM196,-0.01592967,-18.88304,0.9872905009100909,1.0
LINC00559,-0.01592967,-18.352583,0.9872905009100909,1.0
PATE1,-0.01592967,-18.26084,0.9872905009100909,1.0
AC093894.2,-0.01592967,-18.146675,0.9872905009100909,1.0
PATE2,-0.01592967,-18.281473,0.9872905009100909,1.0
OR10G4,-0.01592967,-17.895847,0.9872905009100909,1.0
APOL3,-0.01592967,-18.163677,0.9872905009100909,1.0
Z80897.1,-0.01592967,-17.896746,0.9872905009100909,1.0
AC008969.2,-0.01592967,-18.72749,0.9872905009100909,1.0
PCED1B-AS1,-0.01592967,-18.074802,0.9872905009100909,1.0
AL136140.1,-0.01592967,-18.266605,0.9872905009100909,1.0
AC027698.1,-0.01592967,-18.03262,0.9872905009100909,1.0
AC092059.1,-0.01592967,-18.152233,0.9872905009100909,1.0
AC091181.2,-0.01592967,-18.377487,0.9872905009100909,1.0
TRAJ38,-0.01592967,-18.709677,0.9872905009100909,1.0
TRAJ33,-0.01592967,-18.559692,0.9872905009100909,1.0
AC108142.1,-0.01592967,-18.457994,0.9872905009100909,1.0
AL160411.1,-0.01592967,-18.23737,0.9872905009100909,1.0
AC008063.1,-0.01592967,-18.254444,0.9872905009100909,1.0
AC103758.1,-0.01592967,-18.610956,0.9872905009100909,1.0
AC114730.3,-0.01592967,-18.447605,0.9872905009100909,1.0
AC073539.1,-0.01592967,-18.162592,0.9872905009100909,1.0
ERVK-28,-0.01592967,-18.071821,0.9872905009100909,1.0
AC011478.1,-0.01592967,-18.268631,0.9872905009100909,1.0
AL132775.1,-0.01592967,-18.655632,0.9872905009100909,1.0
AL161941.1,-0.01592967,-18.841179,0.9872905009100909,1.0
HMBOX1-IT1,-0.01592967,-18.123562,0.9872905009100909,1.0
AC036222.1,-0.01592967,-18.556257,0.9872905009100909,1.0
FGFBP2,-0.01592967,-18.079906,0.9872905009100909,1.0
AL390755.3,-0.01592967,-18.202425,0.9872905009100909,1.0
NT5C1A,-0.01592967,-18.12491,0.9872905009100909,1.0
AL359834.1,-0.01592967,-18.561592,0.9872905009100909,1.0
AL390061.1,-0.01592967,-18.299446,0.9872905009100909,1.0
AC020612.4,-0.01592967,-18.08405,0.9872905009100909,1.0
AC005244.2,-0.01592967,-18.18422,0.9872905009100909,1.0
S100A6,-0.01592967,-19.051947,0.9872905009100909,1.0
AC011479.2,-0.01592967,-18.496534,0.9872905009100909,1.0
AC091133.4,-0.01592967,-18.122997,0.9872905009100909,1.0
IL25,-0.01592967,-18.109688,0.9872905009100909,1.0
NLRP8,-0.015940854,0.99265957,0.9872815764557625,1.0
AMOT,-0.015948312,0.43353337,0.9872756268204278,1.0
PTGIR,-0.01595577,0.69219625,0.9872696771858006,1.0
SH2D3C,-0.015963228,0.34554574,0.9872637275518814,1.0
CAPSL,-0.015970686,0.2339277,0.9872577779186704,1.0
AP001793.1,-0.015970686,0.37172484,0.9872577779186704,1.0
HCLS1,-0.015970686,0.2699018,0.9872577779186704,1.0
AC022634.2,-0.0159856,0.10174665,0.9872458786543749,1.0
AC064836.3,-0.016000517,0.013658279,0.9872339793929165,1.0
METTL27,-0.016000517,-0.12996286,0.9872339793929165,1.0
SEC16B,-0.016000517,0.1601997,0.9872339793929165,1.0
NRP1,-0.016000517,-0.083139285,0.9872339793929165,1.0
AC013451.1,-0.016007975,0.09580895,0.987228029763252,1.0
C13orf42,-0.016007975,-0.009909879,0.987228029763252,1.0
TMSB15B-AS1,-0.01602289,-0.15399075,0.9872161305060543,1.0
EPPIN,-0.01602289,-0.04046388,0.9872161305060543,1.0
AC078802.1,-0.01602289,-0.27176616,0.9872161305060543,1.0
AC092683.2,-0.016041534,0.1340366,0.9872012564385565,1.0
AC104078.1,-0.016045263,-0.2042689,0.9871982816255906,1.0
GUCY2C,-0.016045263,-0.35587057,0.9871982816255906,1.0
NXT2,-0.016045263,-0.3879584,0.9871982816255906,1.0
USP27X,-0.016052721,-0.41481334,0.9871923320001929,1.0
SLC39A12,-0.016052721,-0.35544786,0.9871923320001929,1.0
LINC01133,-0.016052721,-0.14426452,0.9871923320001929,1.0
AC011369.1,-0.016052721,-0.46755072,0.9871923320001929,1.0
C1QL1,-0.016067637,-0.47601587,0.9871804327515343,1.0
AC137590.1,-0.016082551,-0.46418312,0.9871685335057276,1.0
MOV10L1,-0.016082551,-0.7013222,0.9871685335057276,1.0
AC011131.1,-0.016082551,-0.6284611,0.9871685335057276,1.0
AL354861.2,-0.01609001,-0.8037524,0.9871625838838946,1.0
COL6A2,-0.01609001,0.07812666,0.9871625838838946,1.0
CPLX4,-0.016097467,-0.7163004,0.9871566342627753,1.0
FIGNL2,-0.016112382,-1.2282454,0.98714473502268,1.0
CCAT2,-0.01611611,-0.0047501368,0.9871417602131028,1.0
LEMD1-DT,-0.01611984,-1.506375,0.9871387854037045,1.0
FBLN7,-0.01611984,-1.479418,0.9871387854037045,1.0
LAX1,-0.01611984,-1.7457663,0.9871387854037045,1.0
HEY1,-0.016134756,-1.8228035,0.9871268861678997,1.0
LMLN2,-0.016134756,-2.2469976,0.9871268861678997,1.0
AC012378.1,-0.016142214,-2.063521,0.9871209365510709,1.0
AC004765.1,-0.016145943,-0.7832592,0.9871179617429251,1.0
PRKCZ-AS1,-0.016149672,-1.922567,0.9871149869349584,1.0
LINC02811,-0.016149672,-2.341451,0.9871149869349584,1.0
MCOLN3,-0.016149672,-2.3564105,0.9871149869349584,1.0
LUADT1,-0.0161534,-0.14552924,0.9871120121271708,1.0
OR1L6,-0.016157128,-2.0666249,0.9871090373195625,1.0
INHBA-AS1,-0.016157128,-2.1319435,0.9871090373195625,1.0
MAFA,-0.016157128,-2.530092,0.9871090373195625,1.0
AC116903.2,-0.016198145,-0.27714875,0.9870763144477084,1.0
FBXO27,-0.016201874,-0.06261169,0.9870733396422534,1.0
AL355001.2,-0.01622052,-0.4530203,0.9870584656176753,1.0
AC012485.3,-0.016231706,-0.1113221,0.9870495412050873,1.0
LRRN4CL,-0.016272724,0.06551702,0.9870168183728036,1.0
ADAMTS9-AS2,-0.016295096,0.067262,0.9869989695643967,1.0
PANO1,-0.016295096,0.1097257,0.9869989695643967,1.0
LINC01393,-0.01631747,-0.5851366,0.986981120762497,1.0
MDS2,-0.016332384,-0.80895233,0.98696922156485,1.0
AL050341.2,-0.016332384,-0.67059356,0.98696922156485,1.0
SLC35G5,-0.016362216,-0.632108,0.9869454231782548,1.0
AC008543.5,-0.016384589,-1.087371,0.9869275743959303,1.0
LINC01315,-0.016395776,-0.24393386,0.9869186500072209,1.0
ANXA13,-0.016406963,-1.39835,0.9869097256201486,1.0
CHST5,-0.016414419,-0.9944569,0.9869037760296768,1.0
AC006974.2,-0.016421877,-1.4602252,0.9868978264399334,1.0
SLC39A5,-0.016425606,-0.29955712,0.986894851645335,1.0
PALM,-0.016425606,-0.25365934,0.986894851645335,1.0
SMIM6,-0.016425606,-0.3918681,0.986894851645335,1.0
GNG2,-0.016433064,-0.27450815,0.9868889020566847,1.0
ERFE,-0.016444251,-0.17236851,0.9868799776750764,1.0
CDKN2A,-0.016451709,-1.2060801,0.9868740280882495,1.0
AC096763.1,-0.016470352,-0.4086241,0.9868591541243769,1.0
AC132872.3,-0.016474081,-0.10831346,0.9868561793321502,1.0
AL121601.1,-0.01647781,-0.3176038,0.9868532045401063,1.0
AP000317.1,-0.016503911,-0.012523353,0.9868323810009193,1.0
ETV4,-0.016503911,0.054508474,0.9868323810009193,1.0
KXD1,-0.01651137,0.08672223,0.9868264314199415,1.0
AC120042.1,-0.016537473,-0.5414101,0.9868056078922905,1.0
ASAP1-IT2,-0.016600862,-0.39002135,0.9867550365054459,1.0
LINC02373,-0.016623236,-0.2996281,0.9867371877933728,1.0
SLK,-0.016630692,-0.11131815,0.9867312382241565,1.0
AC074366.1,-0.016787305,-0.4932414,0.9866062974415796,1.0
FMNL1,-0.016787305,0.33306563,0.9866062974415796,1.0
ADAMTS19-AS1,-0.016850695,-0.12522067,0.9865557262656545,1.0
CTTNBP2NL,-0.01687307,-0.14795859,0.9865378776282148,1.0
AC103703.1,-0.017044596,0.31360918,0.9864010382990182,1.0
DYNLT3,-0.017070698,-0.06943579,0.9863802149578083,1.0
LINC01337,-0.017078156,-0.73135585,0.9863742654334519,1.0
TNKS2-AS1,-0.0170968,-0.38498318,0.9863593916258767,1.0
KPNA6,-0.017380193,-0.036123447,0.9861333103374759,1.0
STOML1,-0.017443584,-0.15378973,0.9860827396747213,1.0
DDX41,-0.017451042,-0.08114512,0.9860767901886578,1.0
LIN7B,-0.017477144,-0.24698204,0.9860559669935355,1.0
TERF1,-0.017693417,-0.033787724,0.9858834323149935,1.0
C6orf163,-0.017697146,-0.36009565,0.9858804575849232,1.0
SPNS2,-0.017734434,0.1282997,0.9858507102950227,1.0
AC092645.2,-0.017786639,-0.20409054,0.9858090641222196,1.0
PLA2G4A,-0.017805282,-0.07174035,0.9857941904984412,1.0
HIST1H2AH,-0.017876131,-0.13291018,0.9857376707731579,1.0
ANAPC11,-0.018047659,-0.07478992,0.9856008338405207,1.0
AC027288.1,-0.018148337,-0.105405964,0.985520516707523,1.0
PYM1,-0.018219186,-0.11019959,0.9854639973314843,1.0
SLC16A14,-0.018219186,0.4197186,0.9854639973314843,1.0
GNAI1,-0.018256474,-0.010750603,0.9854342503207492,1.0
TMEM45A,-0.01836834,0.05888457,0.9853450094102121,1.0
IKZF5,-0.018383255,-0.08819385,0.9853331106359708,1.0
ZNF600,-0.01849885,-0.054960016,0.9852408952464242,1.0
AC009646.2,-0.018584613,-18.772337,0.9851724775041166,1.0
AC131097.1,-0.018584613,-17.84331,0.9851724775041166,1.0
AL353801.2,-0.018584613,-18.444237,0.9851724775041166,1.0
LINC01518,-0.018584613,-18.417429,0.9851724775041166,1.0
TNNC1,-0.018584613,-18.99554,0.9851724775041166,1.0
HOXB13,-0.018584613,-19.085035,0.9851724775041166,1.0
SP6,-0.018584613,-18.831861,0.9851724775041166,1.0
LINC02129,-0.018584613,-18.226006,0.9851724775041166,1.0
CYB561D2.1,-0.018584613,-18.73057,0.9851724775041166,1.0
AL050338.2,-0.018584613,-18.520693,0.9851724775041166,1.0
TRAJ42,-0.018584613,-18.385408,0.9851724775041166,1.0
OC90,-0.018584613,-18.98646,0.9851724775041166,1.0
AL033527.3,-0.018584613,-18.74146,0.9851724775041166,1.0
AC243773.2,-0.018584613,-18.551546,0.9851724775041166,1.0
LINC02419,-0.018584613,-18.81522,0.9851724775041166,1.0
UPK3A,-0.018584613,-18.816618,0.9851724775041166,1.0
AP003355.2,-0.018584613,-18.898066,0.9851724775041166,1.0
AC025614.2,-0.018584613,-18.434713,0.9851724775041166,1.0
KLRC2,-0.018584613,-18.4412,0.9851724775041166,1.0
LINC00364,-0.018584613,-18.858427,0.9851724775041166,1.0
AC084734.1,-0.018584613,-18.53813,0.9851724775041166,1.0
RORC,-0.018584613,-18.794237,0.9851724775041166,1.0
PAX8,-0.018584613,-18.259052,0.9851724775041166,1.0
KLHL38,-0.018584613,-18.874289,0.9851724775041166,1.0
SLC34A2,-0.018584613,-18.33991,0.9851724775041166,1.0
CFHR1,-0.018584613,-18.845587,0.9851724775041166,1.0
AP001994.3,-0.018584613,-18.536587,0.9851724775041166,1.0
RNASE11,-0.018584613,-18.44547,0.9851724775041166,1.0
PAPPA-AS2,-0.018584613,-18.338678,0.9851724775041166,1.0
AC009035.1,-0.018584613,-18.604261,0.9851724775041166,1.0
LTF,-0.018584613,-18.816858,0.9851724775041166,1.0
SLC22A11,-0.018584613,-18.786776,0.9851724775041166,1.0
TMCO5A,-0.018584613,-18.311409,0.9851724775041166,1.0
LINC02750,-0.018584613,-18.709341,0.9851724775041166,1.0
FKBP1B,-0.018584613,-18.450998,0.9851724775041166,1.0
WNT8A,-0.018584613,-18.885408,0.9851724775041166,1.0
HRG,-0.018584613,-18.645313,0.9851724775041166,1.0
AL355103.1,-0.018584613,-18.465473,0.9851724775041166,1.0
AC008060.3,-0.018584613,-19.057453,0.9851724775041166,1.0
AC084277.1,-0.018584613,-17.95064,0.9851724775041166,1.0
HENMT1,-0.018584613,-18.592087,0.9851724775041166,1.0
ZNF469,-0.018584613,-18.543875,0.9851724775041166,1.0
AC012174.1,-0.018584613,-18.511816,0.9851724775041166,1.0
PRLHR,-0.018584613,-18.44589,0.9851724775041166,1.0
TMEM92-AS1,-0.018584613,-18.270414,0.9851724775041166,1.0
LINC00370,-0.018584613,-19.091656,0.9851724775041166,1.0
AC091588.3,-0.018584613,-18.572857,0.9851724775041166,1.0
AC091588.2,-0.018584613,-18.928656,0.9851724775041166,1.0
AP005131.3,-0.018584613,-19.087555,0.9851724775041166,1.0
C7orf57,-0.018584613,-18.560287,0.9851724775041166,1.0
AP004606.1,-0.018584613,-18.380257,0.9851724775041166,1.0
AL445588.1,-0.018584613,-18.399578,0.9851724775041166,1.0
AL358779.1,-0.018584613,-18.637764,0.9851724775041166,1.0
AL445438.1,-0.018584613,-18.257545,0.9851724775041166,1.0
AC105219.3,-0.018584613,-18.965082,0.9851724775041166,1.0
AL844170.1,-0.018584613,-18.612858,0.9851724775041166,1.0
AC001226.1,-0.018584613,-18.27541,0.9851724775041166,1.0
DDX39B-AS1,-0.018584613,-18.55559,0.9851724775041166,1.0
AP000753.1,-0.018584613,-18.674524,0.9851724775041166,1.0
AC034222.2,-0.018584613,-18.550335,0.9851724775041166,1.0
AP001109.1,-0.018584613,-18.826677,0.9851724775041166,1.0
KIRREL3-AS1,-0.018584613,-18.888231,0.9851724775041166,1.0
CD8B2,-0.018584613,-18.613152,0.9851724775041166,1.0
MUC22,-0.018584613,-18.690922,0.9851724775041166,1.0
AC027607.1,-0.018584613,-18.77139,0.9851724775041166,1.0
TWIST2,-0.018584613,-18.55811,0.9851724775041166,1.0
LINC02148,-0.018584613,-18.776026,0.9851724775041166,1.0
TMEM247,-0.018584613,-18.181267,0.9851724775041166,1.0
SIX3-AS1,-0.018584613,-18.504717,0.9851724775041166,1.0
HTR3C,-0.018584613,-18.754559,0.9851724775041166,1.0
HTR3E-AS1,-0.018584613,-18.548727,0.9851724775041166,1.0
OR2A1,-0.018584613,-18.493158,0.9851724775041166,1.0
AC110058.1,-0.018584613,-18.508682,0.9851724775041166,1.0
LINC02417,-0.018584613,-18.55601,0.9851724775041166,1.0
AC016994.1,-0.018584613,-18.30718,0.9851724775041166,1.0
AC079209.1,-0.018584613,-18.786034,0.9851724775041166,1.0
THBS2,-0.018584613,-19.027468,0.9851724775041166,1.0
AC019254.2,-0.018584613,-18.442892,0.9851724775041166,1.0
HYMAI,-0.018584613,-18.11322,0.9851724775041166,1.0
AC105105.4,-0.018584613,-18.925196,0.9851724775041166,1.0
AC091564.2,-0.018584613,-19.009712,0.9851724775041166,1.0
AL031121.2,-0.018584613,-18.833511,0.9851724775041166,1.0
AREG,-0.018584613,-18.50962,0.9851724775041166,1.0
SIRPG-AS1,-0.018584613,-18.711685,0.9851724775041166,1.0
ZIM3,-0.018584613,-18.500555,0.9851724775041166,1.0
AC093484.2,-0.018584613,-18.955893,0.9851724775041166,1.0
USP29,-0.018584613,-18.603577,0.9851724775041166,1.0
AL034345.2,-0.018584613,-18.370705,0.9851724775041166,1.0
AL451007.3,-0.018584613,-18.574015,0.9851724775041166,1.0
LINC00437,-0.018584613,-18.133694,0.9851724775041166,1.0
AIFM3,-0.018584613,-18.884022,0.9851724775041166,1.0
ASPDH,-0.018584613,-18.45644,0.9851724775041166,1.0
AC244250.4,-0.018584613,-18.410639,0.9851724775041166,1.0
CCDC70,-0.018584613,-18.702173,0.9851724775041166,1.0
AC015908.2,-0.018584613,-18.948713,0.9851724775041166,1.0
AC127459.2,-0.018584613,-18.773632,0.9851724775041166,1.0
NOBOX,-0.018584613,-18.85988,0.9851724775041166,1.0
AC005225.1,-0.018584613,-18.317183,0.9851724775041166,1.0
PADI1,-0.018584613,-18.755169,0.9851724775041166,1.0
Z98752.4,-0.018584613,-18.746058,0.9851724775041166,1.0
LINC02454,-0.018584613,-18.60115,0.9851724775041166,1.0
AL109955.2,-0.018584613,-18.810495,0.9851724775041166,1.0
AL050331.2,-0.018584613,-18.347878,0.9851724775041166,1.0
AC115100.1,-0.018584613,-18.80782,0.9851724775041166,1.0
CLDN3,-0.018584613,-19.120928,0.9851724775041166,1.0
AC254633.1,-0.018584613,-18.829283,0.9851724775041166,1.0
LINC02311,-0.018584613,-18.449604,0.9851724775041166,1.0
AL121820.2,-0.018584613,-18.790854,0.9851724775041166,1.0
AC117569.2,-0.018584613,-18.822588,0.9851724775041166,1.0
LINC01195,-0.018584613,-18.437084,0.9851724775041166,1.0
AL445228.1,-0.018584613,-18.610376,0.9851724775041166,1.0
LINC02635,-0.018584613,-18.45391,0.9851724775041166,1.0
MB,-0.018584613,-18.75863,0.9851724775041166,1.0
LINC02472,-0.018584613,-18.648703,0.9851724775041166,1.0
CD300LG,-0.018584613,-19.102327,0.9851724775041166,1.0
Z73420.1,-0.018584613,-18.668451,0.9851724775041166,1.0
CEACAM3,-0.018584613,-18.367455,0.9851724775041166,1.0
TRIML1,-0.018584613,-18.862452,0.9851724775041166,1.0
AC007663.3,-0.018584613,-18.362423,0.9851724775041166,1.0
ACSM2B,-0.018584613,-18.680471,0.9851724775041166,1.0
CYP7A1,-0.018584613,-18.9898,0.9851724775041166,1.0
AC096554.1,-0.018584613,-18.435001,0.9851724775041166,1.0
LINC01581,-0.018584613,-18.69865,0.9851724775041166,1.0
OR4K17,-0.018584613,-19.041077,0.9851724775041166,1.0
LINC02657,-0.018584613,-18.00646,0.9851724775041166,1.0
LINC01988,-0.018584613,-18.784334,0.9851724775041166,1.0
Z92544.1,-0.018584613,-18.693039,0.9851724775041166,1.0
C1RL-AS1,-0.018584613,-18.766624,0.9851724775041166,1.0
C20orf202,-0.018584613,-18.640903,0.9851724775041166,1.0
CLEC6A,-0.018584613,-18.546217,0.9851724775041166,1.0
LINC02598,-0.018584613,-18.72229,0.9851724775041166,1.0
AC073409.2,-0.018584613,-18.588408,0.9851724775041166,1.0
AC097499.2,-0.018584613,-18.560184,0.9851724775041166,1.0
AC022150.2,-0.018584613,-18.337122,0.9851724775041166,1.0
AL138930.1,-0.018584613,-17.836212,0.9851724775041166,1.0
AC011824.2,-0.018584613,-18.265995,0.9851724775041166,1.0
AC034229.2,-0.018584613,-18.708405,0.9851724775041166,1.0
AMBN,-0.018584613,-18.327028,0.9851724775041166,1.0
LINC01671,-0.018584613,-18.927605,0.9851724775041166,1.0
AP001043.1,-0.018584613,-18.132,0.9851724775041166,1.0
GJB6,-0.018584613,-18.619581,0.9851724775041166,1.0
LINC02088,-0.018584613,-18.622938,0.9851724775041166,1.0
LCN12,-0.018584613,-18.813065,0.9851724775041166,1.0
LINC02292,-0.018584613,-18.562998,0.9851724775041166,1.0
AC110609.1,-0.018584613,-18.450556,0.9851724775041166,1.0
CYP24A1,-0.018584613,-18.363062,0.9851724775041166,1.0
AC078860.2,-0.018584613,-18.437883,0.9851724775041166,1.0
AC090109.1,-0.018584613,-18.512968,0.9851724775041166,1.0
NLRP13,-0.018584613,-18.76647,0.9851724775041166,1.0
LINC02846,-0.018584613,-18.95658,0.9851724775041166,1.0
AL137224.1,-0.018584613,-17.606108,0.9851724775041166,1.0
AC104623.1,-0.018584613,-18.967255,0.9851724775041166,1.0
AC005609.1,-0.018584613,-18.594162,0.9851724775041166,1.0
AL513487.1,-0.018584613,-18.436651,0.9851724775041166,1.0
POU4F2,-0.018584613,-18.386494,0.9851724775041166,1.0
AL157703.1,-0.018584613,-18.839785,0.9851724775041166,1.0
AC010735.1,-0.018584613,-19.153973,0.9851724775041166,1.0
AC099681.1,-0.018584613,-18.548029,0.9851724775041166,1.0
AC147067.1,-0.018584613,-18.423662,0.9851724775041166,1.0
OR7D4,-0.018584613,-18.782976,0.9851724775041166,1.0
DSC1,-0.018584613,-18.622375,0.9851724775041166,1.0
CTXN3,-0.018584613,-18.324913,0.9851724775041166,1.0
LYL1,-0.018584613,-18.950447,0.9851724775041166,1.0
MYEOV,-0.018584613,-18.569197,0.9851724775041166,1.0
AC008443.3,-0.018584613,-18.503658,0.9851724775041166,1.0
C11orf72,-0.018584613,-18.901772,0.9851724775041166,1.0
COL3A1,-0.018584613,-18.94338,0.9851724775041166,1.0
AL592494.2,-0.018584613,-18.877989,0.9851724775041166,1.0
AC063960.1,-0.018584613,-18.866436,0.9851724775041166,1.0
AC009407.1,-0.018584613,-18.856731,0.9851724775041166,1.0
RAI2,-0.018584613,-18.609241,0.9851724775041166,1.0
AL132639.3,-0.018584613,-18.6473,0.9851724775041166,1.0
AC008080.4,-0.018584613,-18.400011,0.9851724775041166,1.0
AP002761.3,-0.018584613,-18.831972,0.9851724775041166,1.0
OR6C75,-0.018584613,-18.212519,0.9851724775041166,1.0
AC093879.2,-0.018584613,-18.41808,0.9851724775041166,1.0
AC098969.2,-0.018584613,-18.939869,0.9851724775041166,1.0
AC026726.1,-0.018584613,-18.87013,0.9851724775041166,1.0
AC090692.3,-0.018584613,-18.583807,0.9851724775041166,1.0
LINC01219,-0.018584613,-19.149485,0.9851724775041166,1.0
AL121768.1,-0.018584613,-19.290167,0.9851724775041166,1.0
GOLGA8M,-0.018584613,-18.360298,0.9851724775041166,1.0
AC110597.1,-0.018584613,-18.341583,0.9851724775041166,1.0
APOB,-0.018584613,-18.779812,0.9851724775041166,1.0
AC099313.1,-0.018584613,-18.460096,0.9851724775041166,1.0
AC063948.1,-0.018584613,-18.476398,0.9851724775041166,1.0
LINC01485,-0.018584613,-18.64393,0.9851724775041166,1.0
GRK5-IT1,-0.018584613,-18.829338,0.9851724775041166,1.0
AC027319.1,-0.018584613,-19.095058,0.9851724775041166,1.0
SEBOX,-0.018584613,-18.011333,0.9851724775041166,1.0
AC114341.1,-0.018584613,-19.168058,0.9851724775041166,1.0
MAGEL2,-0.018584613,-19.023682,0.9851724775041166,1.0
RASA2-IT1,-0.018584613,-18.215355,0.9851724775041166,1.0
SMIM10L2B,-0.018584613,-18.459892,0.9851724775041166,1.0
AC089998.1,-0.018584613,-18.466309,0.9851724775041166,1.0
LINC01273,-0.018584613,-18.625723,0.9851724775041166,1.0
MGARP,-0.018584613,-19.068739,0.9851724775041166,1.0
AL512643.2,-0.018584613,-18.593307,0.9851724775041166,1.0
AC104237.2,-0.018584613,-18.531416,0.9851724775041166,1.0
AL158800.1,-0.018584613,-18.920511,0.9851724775041166,1.0
MINDY4B,-0.018584613,-18.62399,0.9851724775041166,1.0
PACRG-AS2,-0.018584613,-18.421955,0.9851724775041166,1.0
IGFL2-AS1,-0.018584613,-18.321701,0.9851724775041166,1.0
PON3,-0.018584613,-18.279097,0.9851724775041166,1.0
AC009119.1,-0.018584613,-18.925047,0.9851724775041166,1.0
NRAD1,-0.018584613,-18.657032,0.9851724775041166,1.0
TEX26,-0.018584613,-17.90295,0.9851724775041166,1.0
AC011897.1,-0.018584613,-18.250736,0.9851724775041166,1.0
LINC02546,-0.018584613,-18.858587,0.9851724775041166,1.0
AC025566.1,-0.018584613,-18.13381,0.9851724775041166,1.0
AC007325.2,-0.018584613,-19.05562,0.9851724775041166,1.0
PHF24,-0.018584613,-18.903675,0.9851724775041166,1.0
SAA2,-0.018584613,-18.746592,0.9851724775041166,1.0
AC073094.1,-0.018584613,-18.569847,0.9851724775041166,1.0
SLC5A9,-0.018584613,-18.893764,0.9851724775041166,1.0
LINC02243,-0.018584613,-18.58199,0.9851724775041166,1.0
AC087379.1,-0.018584613,-17.813887,0.9851724775041166,1.0
AC023468.1,-0.018584613,-18.726639,0.9851724775041166,1.0
AC061975.7,-0.018584613,-18.790112,0.9851724775041166,1.0
ERVE-1,-0.018584613,-18.384985,0.9851724775041166,1.0
AC061975.4,-0.018584613,-18.696445,0.9851724775041166,1.0
CD40,-0.018584613,-18.84098,0.9851724775041166,1.0
AL157871.2,-0.018584613,-18.398558,0.9851724775041166,1.0
AC026150.3,-0.018584613,-18.452143,0.9851724775041166,1.0
AC004875.1,-0.018584613,-18.548115,0.9851724775041166,1.0
TAB2-AS1,-0.018584613,-18.768768,0.9851724775041166,1.0
AC010451.1,-0.018584613,-18.806091,0.9851724775041166,1.0
LINC02682,-0.018584613,-18.16502,0.9851724775041166,1.0
FXYD2,-0.018584613,-18.525932,0.9851724775041166,1.0
ADRA2B,-0.018584613,-18.595392,0.9851724775041166,1.0
AP002884.3,-0.018584613,-18.619076,0.9851724775041166,1.0
FAM170B-AS1,-0.018584613,-18.493555,0.9851724775041166,1.0
AC109635.6,-0.018584613,-17.792536,0.9851724775041166,1.0
LINC01544,-0.018584613,-18.437624,0.9851724775041166,1.0
OOSP1,-0.018584613,-18.521915,0.9851724775041166,1.0
OOSP4A,-0.018584613,-18.127546,0.9851724775041166,1.0
AC104634.2,-0.018584613,-18.45668,0.9851724775041166,1.0
AL596223.2,-0.018584613,-18.922537,0.9851724775041166,1.0
CD180,-0.018584613,-18.296022,0.9851724775041166,1.0
AC008459.1,-0.018584613,-18.753983,0.9851724775041166,1.0
LINC02005,-0.018584613,-18.61726,0.9851724775041166,1.0
AC008764.3,-0.018584613,-18.418562,0.9851724775041166,1.0
AC080129.1,-0.018584613,-18.789246,0.9851724775041166,1.0
P4HA3-AS1,-0.018584613,-18.539734,0.9851724775041166,1.0
AC107464.2,-0.018584613,-18.973259,0.9851724775041166,1.0
LINC02512,-0.018584613,-18.580482,0.9851724775041166,1.0
AC016924.1,-0.018584613,-18.72715,0.9851724775041166,1.0
AC243965.2,-0.018584613,-18.32367,0.9851724775041166,1.0
DEFB119,-0.018584613,-18.309776,0.9851724775041166,1.0
LINC02767,-0.018584613,-18.46565,0.9851724775041166,1.0
AL391597.1,-0.018584613,-18.964556,0.9851724775041166,1.0
AP000654.1,-0.018584613,-18.44191,0.9851724775041166,1.0
AC006062.1,-0.018584613,-18.249014,0.9851724775041166,1.0
GOLGA8M.1,-0.018584613,-18.253578,0.9851724775041166,1.0
AL079304.1,-0.018584613,-18.809212,0.9851724775041166,1.0
CYP1A1,-0.018584613,-18.106543,0.9851724775041166,1.0
TRIM29,-0.018584613,-17.969427,0.9851724775041166,1.0
AC078864.1,-0.018584613,-17.597715,0.9851724775041166,1.0
OR9K2,-0.018584613,-18.719538,0.9851724775041166,1.0
AC109133.1,-0.018584613,-18.258356,0.9851724775041166,1.0
AC008786.1,-0.018584613,-18.20735,0.9851724775041166,1.0
AC012413.1,-0.018584613,-18.174608,0.9851724775041166,1.0
LINC01221,-0.018584613,-18.357162,0.9851724775041166,1.0
DMKN,-0.018584613,-18.80522,0.9851724775041166,1.0
AC097065.2,-0.018584613,-18.561314,0.9851724775041166,1.0
AP001360.3,-0.018584613,-18.664848,0.9851724775041166,1.0
FXYD1,-0.018584613,-18.835808,0.9851724775041166,1.0
AC024559.2,-0.018584613,-18.941193,0.9851724775041166,1.0
AP001496.2,-0.018584613,-18.65497,0.9851724775041166,1.0
AP001531.1,-0.018584613,-18.604296,0.9851724775041166,1.0
LINC01413,-0.018584613,-18.928322,0.9851724775041166,1.0
BNC2-AS1,-0.018584613,-19.068226,0.9851724775041166,1.0
RASL12,-0.018584613,-18.793352,0.9851724775041166,1.0
AC026100.1,-0.018584613,-18.593597,0.9851724775041166,1.0
AC073283.2,-0.018584613,-18.760002,0.9851724775041166,1.0
AL020998.1,-0.018584613,-18.396835,0.9851724775041166,1.0
LINC00303,-0.018584613,-18.819542,0.9851724775041166,1.0
AC009560.1,-0.018584613,-18.62231,0.9851724775041166,1.0
SPACA1,-0.018584613,-18.705788,0.9851724775041166,1.0
AC253572.1,-0.018584613,-18.960943,0.9851724775041166,1.0
LINC01475,-0.018584613,-18.30536,0.9851724775041166,1.0
AL139390.1,-0.018584613,-18.727537,0.9851724775041166,1.0
CYP1A2,-0.018584613,-17.885523,0.9851724775041166,1.0
LINC01546,-0.018584613,-17.951385,0.9851724775041166,1.0
AL354893.2,-0.018584613,-18.421547,0.9851724775041166,1.0
TONSL-AS1,-0.018584613,-18.619993,0.9851724775041166,1.0
AC018682.2,-0.018584613,-18.49583,0.9851724775041166,1.0
LINC01791,-0.018584613,-18.75005,0.9851724775041166,1.0
STX18-IT1,-0.018584613,-18.832708,0.9851724775041166,1.0
LGI3,-0.018584613,-18.583502,0.9851724775041166,1.0
TRGC1,-0.018584613,-18.498716,0.9851724775041166,1.0
AC099542.1,-0.018584613,-18.411507,0.9851724775041166,1.0
AL049795.2,-0.018584613,-18.50927,0.9851724775041166,1.0
TRAJ35,-0.018584613,-18.443657,0.9851724775041166,1.0
ERC2-IT1,-0.018584613,-18.768044,0.9851724775041166,1.0
C10orf99,-0.018584613,-18.782938,0.9851724775041166,1.0
C4BPB,-0.018584613,-18.486559,0.9851724775041166,1.0
AC007333.2,-0.018584613,-18.620451,0.9851724775041166,1.0
LINC01726,-0.018584613,-18.416426,0.9851724775041166,1.0
AC010329.1,-0.018584613,-18.067774,0.9851724775041166,1.0
AC105020.3,-0.018584613,-18.601334,0.9851724775041166,1.0
AL137027.1,-0.018584613,-18.201591,0.9851724775041166,1.0
AL354919.1,-0.018584613,-18.528257,0.9851724775041166,1.0
AL137789.1,-0.018584613,-17.743088,0.9851724775041166,1.0
PRR15,-0.018584613,-18.395014,0.9851724775041166,1.0
AL022098.1,-0.018584613,-17.89719,0.9851724775041166,1.0
TM4SF5,-0.018584613,-18.299154,0.9851724775041166,1.0
CASQ1,-0.018599529,0.37005472,0.9851605787774417,1.0
AL805961.1,-0.018599529,0.4728093,0.9851605787774417,1.0
BEST4,-0.018599529,0.6640005,0.9851605787774417,1.0
AC245140.3,-0.018606987,0.37061355,0.9851546294153418,1.0
AL139393.3,-0.018606987,0.42164055,0.9851546294153418,1.0
TRIM58,-0.018606987,0.61338353,0.9851546294153418,1.0
AC078909.1,-0.018614445,0.38003942,0.9851486800540676,1.0
AC003086.1,-0.018614445,0.6218456,0.9851486800540676,1.0
GNA15,-0.018614445,0.54116046,0.9851486800540676,1.0
AL161734.2,-0.018621901,0.24616073,0.9851427306936192,1.0
AC012306.2,-0.018636817,0.032948602,0.9851308319752016,1.0
AC015802.1,-0.018644275,0.16719155,0.9851248826172329,1.0
IL12A,-0.018644275,0.26949698,0.9851248826172329,1.0
AL132633.1,-0.018644275,0.10985081,0.9851248826172329,1.0
ACTN1-AS1,-0.018651733,-0.10209515,0.9851189332600915,1.0
AC092127.1,-0.018659191,0.17633633,0.9851129839037776,1.0
AC091885.2,-0.018659191,0.08295667,0.9851129839037776,1.0
TSTD1,-0.018659191,0.14805816,0.9851129839037776,1.0
AC006487.1,-0.018659191,0.0007575927,0.9851129839037776,1.0
MYADML2,-0.018666647,0.15968044,0.9851070345482915,1.0
AL136162.1,-0.018674105,-0.16932175,0.9851010851936337,1.0
OCLM,-0.018674105,-0.21949412,0.9851010851936337,1.0
LINC02842,-0.018674105,-0.32708263,0.9851010851936337,1.0
SYT17,-0.018674105,-0.26969427,0.9851010851936337,1.0
GPNMB,-0.018681563,0.23880899,0.9850951358398045,1.0
MEGF6,-0.01869648,-0.40652916,0.9850832371346329,1.0
AL109930.1,-0.01869648,0.1617386,0.9850832371346329,1.0
HLA-DPB1,-0.018703938,-0.40948072,0.9850772877832912,1.0
AC022903.2,-0.018703938,-0.24808316,0.9850772877832912,1.0
AL161935.3,-0.018711394,-0.33944467,0.9850713384327794,1.0
FAM225B,-0.018711394,-0.46866578,0.9850713384327794,1.0
IER3,-0.018718852,0.24536291,0.9850653890830978,1.0
ARNTL2-AS1,-0.018718852,-0.29925692,0.9850653890830978,1.0
AL359382.1,-0.01872631,-0.48831543,0.9850594397342467,1.0
AC008127.1,-0.01872631,-0.6871992,0.9850594397342467,1.0
ANKRD62,-0.018733768,-0.5725801,0.9850534903862266,1.0
AL049543.1,-0.018741226,0.16439794,0.9850475410390376,1.0
AC109347.1,-0.01875614,-0.061156157,0.9850356423471543,1.0
AC093849.3,-0.018763598,-1.1535349,0.9850296930024609,1.0
CDH9,-0.018763598,-1.0912163,0.9850296930024609,1.0
CRHR1,-0.018771056,-1.7189306,0.9850237436586,1.0
CLASP1,-0.018774785,0.016545357,0.9850207689869818,1.0
AC137630.1,-0.018778514,-1.2437965,0.9850177943155719,1.0
TMEM220-AS1,-0.018778514,-1.1818807,0.9850177943155719,1.0
AL358335.2,-0.018778514,-0.095250145,0.9850177943155719,1.0
FAM66B,-0.018778514,-1.9260464,0.9850177943155719,1.0
AC104383.2,-0.018793428,-2.0367315,0.9850058956320155,1.0
AC092440.1,-0.018793428,-1.7730281,0.9850058956320155,1.0
AL021368.5,-0.018793428,0.055912357,0.9850058956320155,1.0
AL590133.1,-0.018800886,-1.3552216,0.9849999462914879,1.0
AC016877.1,-0.018800886,-2.3077126,0.9849999462914879,1.0
KCNJ9,-0.018800886,-2.3463533,0.9849999462914879,1.0
ARSF,-0.018808344,-2.4990094,0.9849939969517945,1.0
LINC02608,-0.018815802,-2.2741392,0.9849880476129356,1.0
AL162171.1,-0.018868007,-0.5209903,0.9849464022643167,1.0
AC090403.1,-0.018868007,-0.3837808,0.9849464022643167,1.0
AC092661.1,-0.018882921,-0.36312783,0.9849345036008121,1.0
AC008393.1,-0.018890379,-0.48506927,0.9849285542703163,1.0
AC100861.1,-0.018912753,-0.56666493,0.9849107062838592,1.0
AC040168.1,-0.018912753,-0.56797314,0.9849107062838592,1.0
AP000944.1,-0.018927667,-0.4201243,0.9848988076304162,1.0
TRPV3,-0.018927667,-0.67171705,0.9848988076304162,1.0
LINC01814,-0.018942583,-0.6677177,0.9848869089803323,1.0
PGAM2,-0.018964957,-0.7295304,0.9848690610115107,1.0
LIN28A,-0.018968685,0.061034676,0.9848660863507764,1.0
CDH8,-0.018972414,0.025182556,0.9848631116902526,1.0
LINC02583,-0.018979872,-0.18730505,0.9848571623698363,1.0
AL138689.2,-0.019002246,0.027088778,0.9848393144136414,1.0
LINC00343,-0.019002246,0.11883139,0.9848393144136414,1.0
DGKQ,-0.019009702,-0.012230897,0.9848333650965955,1.0
AP003717.4,-0.019039534,-0.9391774,0.9848095678368494,1.0
AC012501.2,-0.019046992,-1.1165712,0.984803618524024,1.0
ZNF45,-0.019091738,0.09748137,0.9847679226648295,1.0
AC137695.3,-0.01911411,-1.2807258,0.9847500747466632,1.0
AC022217.3,-0.019129027,-0.67749447,0.984738176138792,1.0
AC093817.2,-0.01914394,-1.8165538,0.9847262775343157,1.0
AC090948.2,-0.019151399,-2.0061488,0.9847203282333515,1.0
RCHY1,-0.019151399,-0.16705507,0.9847203282333515,1.0
AL049812.2,-0.019158857,-0.430444,0.9847143789332371,1.0
LINC01352,-0.019166315,-0.34851462,0.9847084296339726,1.0
OTOA,-0.019181231,-1.8977841,0.9846965310379951,1.0
AC022306.2,-0.019233434,-0.23266487,0.9846548859788989,1.0
AL445074.1,-0.019255808,-0.00062873826,0.9846370381092228,1.0
AC037487.2,-0.019270722,-0.11643299,0.9846251395337099,1.0
TNFRSF10A-AS1,-0.019300554,-0.7290562,0.9846013423929467,1.0
ATAD3C,-0.019367673,-0.10873604,0.984547798876357,1.0
AC090692.2,-0.019390047,-0.33543688,0.9845299510529494,1.0
ASAP2,-0.019449707,-0.64558387,0.9844823568950729,1.0
AC097382.3,-0.019569032,0.02006332,0.9843871687451743,1.0
AP001178.3,-0.019569032,-0.36457333,0.9843871687451743,1.0
GPR158,-0.019755473,-0.2572104,0.9842384377064367,1.0
AC092428.1,-0.019807678,-0.29174986,0.9841967931135363,1.0
KLHL10,-0.019878525,-0.16696532,0.9841402755206419,1.0
AL157394.3,-0.019941917,-0.29735562,0.9840897072155138,1.0
RIBC2,-0.019941917,-0.8607563,0.9840897072155138,1.0
AC108471.3,-0.019964289,-0.080728106,0.9840718595936616,1.0
AC103681.2,-0.020020222,0.27653348,0.9840272405739278,1.0
LIFR-AS1,-0.020046325,-0.08486435,0.9840064183818088,1.0
XKR4,-0.020173106,-0.6823926,0.9839052821753261,1.0
C12orf66,-0.020195479,0.0030341642,0.9838874346362807,1.0
FCN1,-0.020262599,-0.440142,0.9838338920675651,1.0
SEC31A,-0.020344634,0.00042777046,0.9837684512491598,1.0
PRR13,-0.020396836,-0.06742853,0.9837268071488308,1.0
AL008730.1,-0.020408023,-0.15216088,0.9837178834188112,1.0
CNKSR1,-0.02071379,-0.03142394,0.9834739689242705,1.0
ARIH2,-0.020784637,-0.045532137,0.9834174523707584,1.0
CRYZ,-0.020799553,-0.18232249,0.9834055541595614,1.0
LEMD3,-0.020833112,-0.08014341,0.9833787831978686,1.0
TMEM249,-0.021034472,-0.017256979,0.9832181578218231,1.0
AL592546.2,-0.0210382,-0.5457478,0.9832151832842181,1.0
AC104984.3,-0.021064302,-0.13638487,0.983194361527519,1.0
CKLF,-0.021068031,-0.06114577,0.983191386991782,1.0
TST,-0.021172438,0.071339004,0.9831081000861687,1.0
KDELR3,-0.021176167,-0.059542235,0.9831051255572251,1.0
LINC02052,-0.021239558,-18.843927,0.9830545586011538,1.0
S1PR2,-0.021239558,-18.314968,0.9830545586011538,1.0
AC007879.5,-0.021239558,-18.89092,0.9830545586011538,1.0
AC005005.3,-0.021239558,-18.57437,0.9830545586011538,1.0
AC006004.1,-0.021239558,-18.749773,0.9830545586011538,1.0
ANKRD20A4,-0.021239558,-18.54964,0.9830545586011538,1.0
AC231759.2,-0.021239558,-18.66004,0.9830545586011538,1.0
AC011509.3,-0.021239558,-18.769701,0.9830545586011538,1.0
PALM3,-0.021239558,-18.393948,0.9830545586011538,1.0
AC113391.1,-0.021239558,-18.529392,0.9830545586011538,1.0
AC020651.2,-0.021239558,-18.3887,0.9830545586011538,1.0
NANOS3,-0.021239558,-19.100971,0.9830545586011538,1.0
LINC01685,-0.021239558,-18.191038,0.9830545586011538,1.0
AC120036.5,-0.021239558,-18.997166,0.9830545586011538,1.0
AC096649.1,-0.021239558,-18.785227,0.9830545586011538,1.0
AL135905.1,-0.021239558,-18.767054,0.9830545586011538,1.0
OR2B2,-0.021239558,-18.90057,0.9830545586011538,1.0
AL022344.1,-0.021239558,-18.930887,0.9830545586011538,1.0
AL034374.1,-0.021239558,-19.149035,0.9830545586011538,1.0
RGPD6,-0.021239558,-19.105038,0.9830545586011538,1.0
AL645507.1,-0.021239558,-17.958727,0.9830545586011538,1.0
LINC00383,-0.021239558,-19.094973,0.9830545586011538,1.0
AC110772.1,-0.021239558,-18.66571,0.9830545586011538,1.0
AL135908.1,-0.021239558,-18.215488,0.9830545586011538,1.0
AC090503.2,-0.021239558,-18.73059,0.9830545586011538,1.0
AC007066.3,-0.021239558,-18.820074,0.9830545586011538,1.0
LINC01144,-0.021239558,-18.49047,0.9830545586011538,1.0
AC215522.2,-0.021239558,-18.588789,0.9830545586011538,1.0
AC016995.1,-0.021239558,-18.691729,0.9830545586011538,1.0
FAM24A,-0.021239558,-18.562712,0.9830545586011538,1.0
FOXD3-AS1,-0.021239558,-18.21706,0.9830545586011538,1.0
AL358072.1,-0.021239558,-19.022575,0.9830545586011538,1.0
AC021483.1,-0.021239558,-18.97106,0.9830545586011538,1.0
AC074237.1,-0.021239558,-18.538715,0.9830545586011538,1.0
AC117569.1,-0.021239558,-18.424742,0.9830545586011538,1.0
SLCO4C1,-0.021239558,-17.92723,0.9830545586011538,1.0
THPO,-0.021239558,-18.539343,0.9830545586011538,1.0
EPHB3,-0.021239558,-18.757019,0.9830545586011538,1.0
AL132775.2,-0.021239558,-18.389917,0.9830545586011538,1.0
AL133297.1,-0.021239558,-18.939943,0.9830545586011538,1.0
LINC01908,-0.021239558,-18.769012,0.9830545586011538,1.0
AL357052.1,-0.021239558,-18.950987,0.9830545586011538,1.0
LINC01589,-0.021239558,-18.89964,0.9830545586011538,1.0
OR2AT4,-0.021239558,-18.479807,0.9830545586011538,1.0
SRD5A2,-0.021239558,-18.363907,0.9830545586011538,1.0
AC093159.1,-0.021239558,-18.188908,0.9830545586011538,1.0
LINC01776,-0.021239558,-18.61233,0.9830545586011538,1.0
LINC01846,-0.021239558,-18.798935,0.9830545586011538,1.0
MUC7,-0.021239558,-18.119963,0.9830545586011538,1.0
TBX10,-0.021239558,-19.259132,0.9830545586011538,1.0
SULT1E1,-0.021239558,-18.735481,0.9830545586011538,1.0
AL513217.1,-0.021239558,-18.85422,0.9830545586011538,1.0
TMEM155,-0.021239558,-18.458963,0.9830545586011538,1.0
LINC02599,-0.021239558,-18.724144,0.9830545586011538,1.0
U91328.3,-0.021239558,-19.19693,0.9830545586011538,1.0
AC079341.2,-0.021239558,-18.89958,0.9830545586011538,1.0
GDF3,-0.021239558,-18.758429,0.9830545586011538,1.0
AP001437.1,-0.021239558,-18.979374,0.9830545586011538,1.0
WFDC2,-0.021239558,-18.464987,0.9830545586011538,1.0
AL138731.1,-0.021239558,-18.020008,0.9830545586011538,1.0
ADAD1,-0.021239558,-18.72418,0.9830545586011538,1.0
AC016396.1,-0.021239558,-18.831882,0.9830545586011538,1.0
AC027129.1,-0.021239558,-18.578714,0.9830545586011538,1.0
MISP,-0.021239558,-18.90114,0.9830545586011538,1.0
GPR101,-0.021239558,-18.641123,0.9830545586011538,1.0
F9,-0.021239558,-18.68612,0.9830545586011538,1.0
AL121999.1,-0.021239558,-18.853043,0.9830545586011538,1.0
AC011593.1,-0.021239558,-18.604464,0.9830545586011538,1.0
IER3-AS1,-0.021239558,-18.954586,0.9830545586011538,1.0
SYNE1-AS1,-0.021239558,-18.954832,0.9830545586011538,1.0
AC093010.2,-0.021239558,-18.66564,0.9830545586011538,1.0
AL662791.2,-0.021239558,-18.975725,0.9830545586011538,1.0
AL359532.1,-0.021239558,-18.322023,0.9830545586011538,1.0
IATPR,-0.021239558,-18.406067,0.9830545586011538,1.0
GZMA,-0.021239558,-19.170238,0.9830545586011538,1.0
AC099050.1,-0.021239558,-18.80105,0.9830545586011538,1.0
AC126544.2,-0.021239558,-19.01372,0.9830545586011538,1.0
AC064807.3,-0.021239558,-18.257017,0.9830545586011538,1.0
ALKAL1,-0.021239558,-19.031368,0.9830545586011538,1.0
LINC02594,-0.021239558,-18.621008,0.9830545586011538,1.0
PISRT1,-0.021239558,-18.679169,0.9830545586011538,1.0
AC004990.1,-0.021239558,-18.371157,0.9830545586011538,1.0
AP001631.2,-0.021239558,-19.161259,0.9830545586011538,1.0
AC123567.2,-0.021239558,-18.533817,0.9830545586011538,1.0
LINC02410,-0.021239558,-18.729359,0.9830545586011538,1.0
AC106801.1,-0.021239558,-18.78593,0.9830545586011538,1.0
PHLDA2,-0.021239558,-19.354792,0.9830545586011538,1.0
LINC02826,-0.021239558,-18.520187,0.9830545586011538,1.0
AC112236.1,-0.021239558,-17.863102,0.9830545586011538,1.0
AC106017.1,-0.021239558,-18.849249,0.9830545586011538,1.0
AC005772.1,-0.021239558,-18.75886,0.9830545586011538,1.0
AL121899.1,-0.021239558,-19.08778,0.9830545586011538,1.0
THEG,-0.021239558,-18.692162,0.9830545586011538,1.0
LINC02499,-0.021239558,-18.880142,0.9830545586011538,1.0
LINC00384,-0.021239558,-18.726109,0.9830545586011538,1.0
CXCL10,-0.021239558,-18.822874,0.9830545586011538,1.0
AC138932.2,-0.021239558,-19.034014,0.9830545586011538,1.0
LINC01911,-0.021239558,-18.737679,0.9830545586011538,1.0
CLCA2,-0.021239558,-19.03585,0.9830545586011538,1.0
LINC02801,-0.021239558,-18.975077,0.9830545586011538,1.0
ZNF474,-0.021239558,-18.544157,0.9830545586011538,1.0
TIGD3,-0.021239558,-18.63353,0.9830545586011538,1.0
AC015878.2,-0.021239558,-18.61222,0.9830545586011538,1.0
AP005264.1,-0.021239558,-18.884657,0.9830545586011538,1.0
AP001099.1,-0.021239558,-19.027124,0.9830545586011538,1.0
PSD2-AS1,-0.021239558,-18.75072,0.9830545586011538,1.0
AC024337.2,-0.021239558,-18.61461,0.9830545586011538,1.0
AC026770.1,-0.021239558,-19.164715,0.9830545586011538,1.0
GPHA2,-0.021239558,-18.589512,0.9830545586011538,1.0
AP001092.1,-0.021239558,-19.25969,0.9830545586011538,1.0
LINC00373,-0.021239558,-18.495636,0.9830545586011538,1.0
AC093791.1,-0.021239558,-18.839695,0.9830545586011538,1.0
AL121832.1,-0.021239558,-18.961828,0.9830545586011538,1.0
AC010261.1,-0.021239558,-18.780306,0.9830545586011538,1.0
AC007950.1,-0.021239558,-19.089865,0.9830545586011538,1.0
TAS1R2,-0.021239558,-18.358433,0.9830545586011538,1.0
C16orf78,-0.021239558,-18.465345,0.9830545586011538,1.0
CBLN3,-0.021239558,-18.43669,0.9830545586011538,1.0
LINC01338,-0.021239558,-18.740568,0.9830545586011538,1.0
RSF1-IT1,-0.021239558,-18.940842,0.9830545586011538,1.0
AP001527.1,-0.021239558,-19.205818,0.9830545586011538,1.0
AC104316.2,-0.021239558,-18.760841,0.9830545586011538,1.0
AC134312.5,-0.021239558,-18.819077,0.9830545586011538,1.0
PLA2G2C,-0.021239558,-18.944122,0.9830545586011538,1.0
AP000255.1,-0.021239558,-18.747528,0.9830545586011538,1.0
AC092755.1,-0.021239558,-18.543484,0.9830545586011538,1.0
AC025271.2,-0.021239558,-18.562723,0.9830545586011538,1.0
GPHB5,-0.021239558,-18.543064,0.9830545586011538,1.0
AP001542.3,-0.021239558,-18.903744,0.9830545586011538,1.0
XIRP2-AS1,-0.021239558,-17.861664,0.9830545586011538,1.0
GFRAL,-0.021239558,-18.654133,0.9830545586011538,1.0
AL033384.1,-0.021239558,-19.157446,0.9830545586011538,1.0
AC026369.3,-0.021239558,-18.702394,0.9830545586011538,1.0
AC012409.1,-0.021239558,-18.517298,0.9830545586011538,1.0
AC092802.4,-0.021239558,-18.838009,0.9830545586011538,1.0
AC140847.2,-0.021239558,-18.80643,0.9830545586011538,1.0
AC018866.1,-0.021239558,-19.030176,0.9830545586011538,1.0
AC107909.1,-0.021239558,-18.355318,0.9830545586011538,1.0
TNFSF11,-0.021239558,-18.44673,0.9830545586011538,1.0
TMPRSS11E,-0.021239558,-19.03272,0.9830545586011538,1.0
SLAMF6,-0.021239558,-17.946793,0.9830545586011538,1.0
AC012629.2,-0.021239558,-18.94205,0.9830545586011538,1.0
AC022903.1,-0.021239558,-19.14565,0.9830545586011538,1.0
AL138831.2,-0.021239558,-18.882076,0.9830545586011538,1.0
LINC00692,-0.021239558,-18.663252,0.9830545586011538,1.0
AC099563.2,-0.021239558,-18.80265,0.9830545586011538,1.0
HCN4,-0.021239558,-18.775602,0.9830545586011538,1.0
DOK2,-0.021239558,-18.33815,0.9830545586011538,1.0
AC068931.1,-0.021239558,-18.680765,0.9830545586011538,1.0
AC025871.3,-0.021239558,-18.830181,0.9830545586011538,1.0
LINC01889,-0.021239558,-18.98986,0.9830545586011538,1.0
AC009134.1,-0.021239558,-19.208456,0.9830545586011538,1.0
PEAR1,-0.021239558,-19.062317,0.9830545586011538,1.0
RSPH1,-0.021239558,-19.16023,0.9830545586011538,1.0
AL358154.1,-0.021239558,-18.858309,0.9830545586011538,1.0
FOLR3,-0.021239558,-18.430773,0.9830545586011538,1.0
CHAD,-0.021239558,-18.468422,0.9830545586011538,1.0
C10orf53,-0.021239558,-19.373804,0.9830545586011538,1.0
AL353704.1,-0.021239558,-18.860107,0.9830545586011538,1.0
LINC02204,-0.021239558,-18.875042,0.9830545586011538,1.0
PCYT1B-AS1,-0.021239558,-18.322886,0.9830545586011538,1.0
NAT2,-0.021239558,-18.77975,0.9830545586011538,1.0
AC108752.1,-0.021239558,-18.842312,0.9830545586011538,1.0
LINC02050,-0.021239558,-18.030714,0.9830545586011538,1.0
AC107023.1,-0.021239558,-18.601885,0.9830545586011538,1.0
AC022201.1,-0.021239558,-19.077202,0.9830545586011538,1.0
AC005962.2,-0.021239558,-18.960514,0.9830545586011538,1.0
SLC17A2,-0.021239558,-18.567125,0.9830545586011538,1.0
AC137579.2,-0.021239558,-19.029518,0.9830545586011538,1.0
AL157371.2,-0.021239558,-18.864225,0.9830545586011538,1.0
LINC00895,-0.021239558,-18.741556,0.9830545586011538,1.0
POTEH,-0.021239558,-18.629402,0.9830545586011538,1.0
TECRL,-0.021239558,-18.767572,0.9830545586011538,1.0
LRRC73,-0.021239558,-18.957138,0.9830545586011538,1.0
AC118469.2,-0.021239558,-19.08041,0.9830545586011538,1.0
AL022318.1,-0.021239558,-18.338278,0.9830545586011538,1.0
AC018953.2,-0.021239558,-18.84389,0.9830545586011538,1.0
AP001007.3,-0.021239558,-18.532866,0.9830545586011538,1.0
AC012494.2,-0.021239558,-18.709053,0.9830545586011538,1.0
LINC00518,-0.021239558,-18.7352,0.9830545586011538,1.0
CAPNS2,-0.021239558,-18.23059,0.9830545586011538,1.0
DUSP15,-0.021239558,-18.531412,0.9830545586011538,1.0
CR392039.4,-0.021239558,-19.016264,0.9830545586011538,1.0
FOXG1-AS1,-0.021239558,-18.623816,0.9830545586011538,1.0
PABPC3,-0.021239558,-19.099985,0.9830545586011538,1.0
EGFL6,-0.021239558,-18.533709,0.9830545586011538,1.0
FGR,-0.021239558,-18.27166,0.9830545586011538,1.0
SAA4,-0.021239558,-18.209286,0.9830545586011538,1.0
TTLL10-AS1,-0.021239558,-18.918922,0.9830545586011538,1.0
AL139246.1,-0.021239558,-19.174398,0.9830545586011538,1.0
PLEKHN1,-0.021239558,-18.508492,0.9830545586011538,1.0
LINC01627,-0.021239558,-18.73638,0.9830545586011538,1.0
AL139351.3,-0.021239558,-18.843863,0.9830545586011538,1.0
AC055878.1,-0.021239558,-18.902832,0.9830545586011538,1.0
AL590640.1,-0.021239558,-18.89312,0.9830545586011538,1.0
AC018926.1,-0.021239558,-18.865082,0.9830545586011538,1.0
AC013549.4,-0.021239558,-18.411701,0.9830545586011538,1.0
RASSF10-DT,-0.021239558,-18.608253,0.9830545586011538,1.0
AL121888.1,-0.021239558,-18.890406,0.9830545586011538,1.0
AL133153.2,-0.021239558,-19.15299,0.9830545586011538,1.0
AC091214.1,-0.021239558,-18.702951,0.9830545586011538,1.0
AL845311.1,-0.021239558,-18.82832,0.9830545586011538,1.0
C11orf91,-0.021239558,-18.430237,0.9830545586011538,1.0
AL365330.1,-0.021239558,-18.790903,0.9830545586011538,1.0
LINC01259,-0.021239558,-18.55779,0.9830545586011538,1.0
AL590096.1,-0.021239558,-19.0597,0.9830545586011538,1.0
UMODL1,-0.021239558,-18.145817,0.9830545586011538,1.0
ERICH3,-0.021239558,-18.767893,0.9830545586011538,1.0
PCDHGA3,-0.021239558,-18.953665,0.9830545586011538,1.0
AC006130.3,-0.021239558,-18.817642,0.9830545586011538,1.0
ADORA3,-0.021239558,-18.052156,0.9830545586011538,1.0
INKA1,-0.021239558,-18.611048,0.9830545586011538,1.0
LINC01712,-0.021239558,-18.937767,0.9830545586011538,1.0
F11,-0.021239558,-18.352173,0.9830545586011538,1.0
AC006538.1,-0.021239558,-19.051239,0.9830545586011538,1.0
AC025822.1,-0.021239558,-18.673786,0.9830545586011538,1.0
HLA-DMB,-0.021239558,-19.20327,0.9830545586011538,1.0
AC025822.2,-0.021239558,-18.95152,0.9830545586011538,1.0
AC022535.3,-0.021239558,-18.550282,0.9830545586011538,1.0
CXorf21,-0.021239558,-19.153795,0.9830545586011538,1.0
AC079177.1,-0.021239558,-18.58882,0.9830545586011538,1.0
AL590705.3,-0.021239558,-18.424763,0.9830545586011538,1.0
AL135786.2,-0.021239558,-18.530476,0.9830545586011538,1.0
AC023825.2,-0.021239558,-19.075563,0.9830545586011538,1.0
AC022098.3,-0.021239558,-18.317453,0.9830545586011538,1.0
PLEK,-0.021239558,-19.076029,0.9830545586011538,1.0
LINC01011,-0.021239558,-19.006273,0.9830545586011538,1.0
AC138512.1,-0.021239558,-18.503248,0.9830545586011538,1.0
AC117460.1,-0.021239558,-19.038948,0.9830545586011538,1.0
TRGV5P,-0.021239558,-18.752188,0.9830545586011538,1.0
TMEM255B,-0.021239558,-18.689074,0.9830545586011538,1.0
SLC17A1,-0.021239558,-19.108206,0.9830545586011538,1.0
LINC01531,-0.021239558,-18.956648,0.9830545586011538,1.0
LINC02198,-0.021239558,-18.431732,0.9830545586011538,1.0
CES5A,-0.021239558,-18.472486,0.9830545586011538,1.0
PCDHA6,-0.021239558,-18.573147,0.9830545586011538,1.0
KCNK17,-0.021239558,-19.247252,0.9830545586011538,1.0
ABO,-0.021239558,-19.251003,0.9830545586011538,1.0
AL158216.1,-0.021239558,-18.306477,0.9830545586011538,1.0
UBE2E2-AS1,-0.021239558,-18.786304,0.9830545586011538,1.0
AL357832.1,-0.021239558,-18.522627,0.9830545586011538,1.0
AC096543.1,-0.021239558,-18.751682,0.9830545586011538,1.0
AP000472.1,-0.021239558,-18.315254,0.9830545586011538,1.0
CR382287.2,-0.021239558,-18.902325,0.9830545586011538,1.0
AL136234.1,-0.021239558,-18.479296,0.9830545586011538,1.0
VSTM2B,-0.021239558,-18.91829,0.9830545586011538,1.0
KCNJ2-AS1,-0.021239558,-19.16064,0.9830545586011538,1.0
AC092078.3,-0.021239558,-18.86965,0.9830545586011538,1.0
CTXN2,-0.021239558,-19.133612,0.9830545586011538,1.0
AP000355.1,-0.021239558,-18.937376,0.9830545586011538,1.0
AC107398.5,-0.021239558,-19.085752,0.9830545586011538,1.0
AL020994.2,-0.021239558,-19.11815,0.9830545586011538,1.0
AC087672.2,-0.021239558,-18.747702,0.9830545586011538,1.0
DPEP2,-0.021239558,-18.785154,0.9830545586011538,1.0
AP001464.1,-0.021239558,-18.711596,0.9830545586011538,1.0
AC090236.2,-0.021239558,-19.159508,0.9830545586011538,1.0
AC080128.2,-0.021239558,-18.71873,0.9830545586011538,1.0
LINC02345,-0.021239558,-18.40016,0.9830545586011538,1.0
FBXO2,-0.021239558,-18.755713,0.9830545586011538,1.0
LINC02316,-0.021239558,-18.310352,0.9830545586011538,1.0
AC106821.2,-0.021239558,-18.634533,0.9830545586011538,1.0
AC091973.1,-0.021239558,-18.97261,0.9830545586011538,1.0
AL359764.1,-0.021239558,-18.146954,0.9830545586011538,1.0
GLRA4,-0.021239558,-18.83759,0.9830545586011538,1.0
AL021154.1,-0.021239558,-18.83666,0.9830545586011538,1.0
GLYATL2,-0.021239558,-19.223408,0.9830545586011538,1.0
U47924.2,-0.021239558,-18.633207,0.9830545586011538,1.0
AL360295.1,-0.021239558,-18.853544,0.9830545586011538,1.0
STPG3,-0.021239558,-18.993294,0.9830545586011538,1.0
KLK14,-0.021239558,-18.28548,0.9830545586011538,1.0
CLECL1,-0.021239558,-18.972578,0.9830545586011538,1.0
KLRF1,-0.021239558,-18.711184,0.9830545586011538,1.0
SPERT,-0.021239558,-18.800959,0.9830545586011538,1.0
CYP2C9,-0.021239558,-18.908115,0.9830545586011538,1.0
AC099398.1,-0.021239558,-19.014593,0.9830545586011538,1.0
PHETA2,-0.021239558,-19.16265,0.9830545586011538,1.0
C11orf53,-0.021239558,-18.726677,0.9830545586011538,1.0
RHCG,-0.021239558,-19.057209,0.9830545586011538,1.0
AC007126.1,-0.021239558,-18.875715,0.9830545586011538,1.0
CHRM2,-0.021239558,-19.038143,0.9830545586011538,1.0
AC092902.6,-0.021239558,-18.735382,0.9830545586011538,1.0
AC013451.2,-0.021239558,-18.887629,0.9830545586011538,1.0
TRIM74,-0.021239558,-18.933933,0.9830545586011538,1.0
CD86,-0.021239558,-18.30057,0.9830545586011538,1.0
AC243829.4,-0.021239558,-18.640053,0.9830545586011538,1.0
AC120049.1,-0.021239558,-18.940994,0.9830545586011538,1.0
AC010307.4,-0.021239558,-18.676662,0.9830545586011538,1.0
PRR36,-0.021239558,-18.682333,0.9830545586011538,1.0
LINC01781,-0.021239558,-18.888414,0.9830545586011538,1.0
AL121890.5,-0.021239558,-18.964207,0.9830545586011538,1.0
MEP1A,-0.021239558,-18.881903,0.9830545586011538,1.0
RAB36,-0.021239558,-18.628176,0.9830545586011538,1.0
UNC93A,-0.021239558,-18.906012,0.9830545586011538,1.0
AC093824.2,-0.021239558,-18.644112,0.9830545586011538,1.0
AC008741.1,-0.021239558,-19.020039,0.9830545586011538,1.0
AC100778.1,-0.021239558,-18.99746,0.9830545586011538,1.0
AC008551.1,-0.021243287,0.48206735,0.9830515840764442,1.0
TMEM40,-0.021258201,0.40422565,0.9830396859799629,1.0
AC009754.1,-0.02126566,0.5136847,0.9830337369331368,1.0
AC138207.4,-0.02126566,0.36122233,0.9830337369331368,1.0
AP006259.1,-0.02126566,0.2531505,0.9830337369331368,1.0
CCM2L,-0.021280576,0.11948524,0.9830218388423153,1.0
PDGFRA,-0.021295492,0.10062982,0.9830099407552705,1.0
AC010331.1,-0.021325322,-0.12877664,0.9829861445925209,1.0
FBXW9,-0.02133278,0.03870729,0.982980195554198,1.0
CR1,-0.021340238,-0.16797379,0.9829742465168215,1.0
LINC02141,-0.021347694,-0.58880246,0.9829682974803919,1.0
AP001468.1,-0.021351423,0.0861296,0.9829653229625323,1.0
AL121935.1,-0.021355152,-0.38289624,0.9829623484449094,1.0
CACNA1I,-0.021355152,-0.2544893,0.9829623484449094,1.0
AC090181.1,-0.02136261,-0.47153723,0.9829563994103743,1.0
AL592211.2,-0.021370068,-0.47619998,0.982950450376787,1.0
LEMD1,-0.021377526,0.2710709,0.9829445013441477,1.0
PCDHA5,-0.021384984,-0.5913343,0.982938552312457,1.0
VSTM1,-0.021407356,-1.1224406,0.9829207052230785,1.0
P2RY14,-0.021407356,-0.99296904,0.9829207052230785,1.0
NPM2,-0.021407356,-0.02058895,0.9829207052230785,1.0
AC092384.1,-0.021414815,-0.7089133,0.9829147561951849,1.0
LINC01963,-0.021422273,-0.0089358445,0.9829088071682411,1.0
LINC01509,-0.02142973,-1.3785456,0.982902858142248,1.0
U52111.1,-0.02142973,-1.2468823,0.982902858142248,1.0
ZNF165,-0.021433458,0.1601591,0.9828998836296079,1.0
AC108479.3,-0.021444645,-1.4322869,0.9828909600931142,1.0
AP006545.1,-0.021444645,0.06303316,0.9828909600931142,1.0
HTR1E,-0.021452103,-2.2722843,0.9828850110699743,1.0
MROH2A,-0.021452103,-2.5289617,0.9828850110699743,1.0
AL031283.2,-0.02145956,-2.142876,0.9828790620477861,1.0
LINC00243,-0.02146329,-0.30079836,0.9828760875370489,1.0
LINC02331,-0.021467019,-2.2225714,0.9828731130265499,1.0
AC104819.3,-0.021467019,-2.417263,0.9828731130265499,1.0
C17orf67,-0.02149685,-0.15332673,0.9828493169511328,1.0
AC106820.3,-0.021515494,-0.16917942,0.9828344444117448,1.0
BRWD1-AS1,-0.021537866,-0.4662958,0.9828165973723547,1.0
ERVW-1,-0.02162363,0.005981647,0.9827481838011066,1.0
SPHKAP,-0.021634817,-0.7802826,0.9827392603011563,1.0
AC128707.1,-0.021634817,-0.71138984,0.9827392603011563,1.0
AP001636.3,-0.021634817,-0.728634,0.9827392603011563,1.0
AC012358.1,-0.021642275,-0.82186705,0.9827333113023893,1.0
C1orf189,-0.021664647,0.103633605,0.9827154643118503,1.0
INKA2-AS1,-0.021675834,0.07446133,0.9827065408198242,1.0
RXYLT1-AS1,-0.021698207,-0.30574682,0.9826886938422643,1.0
AC005323.1,-0.021698207,-0.0043674675,0.9826886938422643,1.0
BEX4,-0.02175414,-1.3848624,0.9826440764362891,1.0
AC055811.1,-0.02175414,-0.17639771,0.9826440764362891,1.0
BAMBI,-0.021769056,-1.5539957,0.9826321784705254,1.0
AC068413.1,-0.021776514,-1.2489687,0.9826262294890922,1.0
BGLAP,-0.021780241,-0.43316758,0.9826232549987377,1.0
CDK8,-0.021780241,-0.006068082,0.9826232549987377,1.0
CTSZ,-0.0217877,0.009067066,0.9826173060187537,1.0
AL161756.1,-0.021791428,-2.0143948,0.9826143315291243,1.0
AC091100.1,-0.021847362,-0.5194546,0.9825697142137083,1.0
LINC02739,-0.021992788,0.23894048,0.9824537094491365,1.0
FAM155A-IT1,-0.022074822,-0.036967188,0.9823882710275136,1.0
LINC00345,-0.022086008,-1.1305667,0.9823793476155549,1.0
AC017104.3,-0.022212788,-0.024158716,0.9822782157677074,1.0
AK8,-0.022227705,-1.3226004,0.9822663179219474,1.0
PAPOLB,-0.022235163,-1.3298743,0.9822603690005464,1.0
POC1B-AS1,-0.02227618,-0.16998376,0.9822276499504832,1.0
AC132219.1,-0.02233957,-0.04790892,0.982177084204663,1.0
AC005072.1,-0.022451436,0.017709093,0.9820878507103761,1.0
TRIM16L,-0.022466352,0.14375314,0.9820759529280465,1.0
SCP2,-0.022484995,-0.12538883,0.9820610807057414,1.0
C2,-0.022488724,-0.07285278,0.9820581062620284,1.0
NOTUM,-0.022492453,-0.4621989,0.9820551318185647,1.0
AC127496.1,-0.022589404,0.0051065655,0.981977796376196,1.0
RRAGC,-0.022678897,-0.0891119,0.9819064099643197,1.0
HIST2H2AB,-0.022749744,-0.61041486,0.9818498958243089,1.0
DNAJA3,-0.022857882,-0.10405578,0.9817636375757939,1.0
CLCN2,-0.02308907,-0.3317114,0.9815792241057784,1.0
AC011379.2,-0.023133816,-0.25383407,0.9815435312894931,1.0
CRYL1,-0.023178563,0.03184337,0.9815078385101553,1.0
TM9SF4,-0.023193479,-0.041247655,0.9814959409252657,1.0
LAMP5,-0.02334636,-0.028551819,0.9813739909179214,1.0
APMAP,-0.023465684,-0.06759898,0.9812788107266766,1.0
SMYD5,-0.023473142,-0.08232492,0.9812728619735585,1.0
SMNDC1,-0.023488058,-0.14063323,0.9812609644704468,1.0
AC103987.2,-0.023506703,-0.3463113,0.9812460925974188,1.0
ELMO3,-0.023674501,-0.080150105,0.9811122460340893,1.0
KCND1,-0.023685686,0.36031646,0.9811033229487309,1.0
PDE6G,-0.0238423,0.41856474,0.9809784000024704,1.0
AC005911.1,-0.023849757,0.54726946,0.9809724513023544,1.0
AC023796.2,-0.023875859,-0.18210557,0.9809516308602833,1.0
MIR31HG,-0.023894504,-18.523502,0.98093675912389,1.0
AC025370.2,-0.023894504,-19.025606,0.98093675912389,1.0
DTX1,-0.023894504,-18.566748,0.98093675912389,1.0
AC096645.1,-0.023894504,-18.747044,0.98093675912389,1.0
NKD2,-0.023894504,-18.764925,0.98093675912389,1.0
LINC02366,-0.023894504,-18.944078,0.98093675912389,1.0
TMEM37,-0.023894504,-18.91806,0.98093675912389,1.0
NOL4L-DT,-0.023894504,-18.592905,0.98093675912389,1.0
AL121904.2,-0.023894504,-18.826063,0.98093675912389,1.0
AL603910.1,-0.023894504,-19.191614,0.98093675912389,1.0
AC016813.1,-0.023894504,-19.012556,0.98093675912389,1.0
TRAJ9,-0.023894504,-18.845913,0.98093675912389,1.0
AC008750.2,-0.023894504,-18.69774,0.98093675912389,1.0
KDR,-0.023894504,-19.02756,0.98093675912389,1.0
AC011483.2,-0.023894504,-19.077349,0.98093675912389,1.0
SALRNA2,-0.023894504,-18.750734,0.98093675912389,1.0
AL050344.1,-0.023894504,-18.85058,0.98093675912389,1.0
BX088723.1,-0.023894504,-18.90895,0.98093675912389,1.0
AP000350.5,-0.023894504,-18.612226,0.98093675912389,1.0
AC079910.1,-0.023894504,-18.746767,0.98093675912389,1.0
BX323046.1,-0.023894504,-19.471376,0.98093675912389,1.0
PRDM9,-0.023894504,-18.842312,0.98093675912389,1.0
CLEC12A,-0.023894504,-18.67807,0.98093675912389,1.0
PRR18,-0.023894504,-19.146208,0.98093675912389,1.0
LINC02202,-0.023894504,0.4836231,0.98093675912389,1.0
CDH18-AS1,-0.023894504,-19.390932,0.98093675912389,1.0
LINC01304,-0.023894504,-18.993795,0.98093675912389,1.0
AC104794.2,-0.023894504,-19.306112,0.98093675912389,1.0
AC124276.1,-0.023894504,-19.18414,0.98093675912389,1.0
AL500522.1,-0.023894504,-18.722704,0.98093675912389,1.0
LINC01792,-0.023894504,-18.771242,0.98093675912389,1.0
CNTFR,-0.023894504,-18.78064,0.98093675912389,1.0
AC016743.1,-0.023894504,-18.567488,0.98093675912389,1.0
BANCR,-0.023894504,-19.503906,0.98093675912389,1.0
FOXD4L3,-0.023894504,-18.65131,0.98093675912389,1.0
NR2E1,-0.023894504,-19.00657,0.98093675912389,1.0
AC005009.2,-0.023894504,-19.240593,0.98093675912389,1.0
CXCL6,-0.023894504,-18.93116,0.98093675912389,1.0
CR392000.2,-0.023894504,-19.331615,0.98093675912389,1.0
LINC00266-4P,-0.023894504,-18.682358,0.98093675912389,1.0
RHOXF1,-0.023894504,-19.269081,0.98093675912389,1.0
TLR1,-0.023894504,-19.109074,0.98093675912389,1.0
AL133240.1,-0.023894504,-18.900347,0.98093675912389,1.0
AC117498.1,-0.023894504,-18.90792,0.98093675912389,1.0
AC009121.2,-0.023894504,-18.7311,0.98093675912389,1.0
LINC02122,-0.023894504,-18.819292,0.98093675912389,1.0
AL360091.1,-0.023894504,-18.822638,0.98093675912389,1.0
AL731553.1,-0.023894504,-18.553196,0.98093675912389,1.0
AP001062.3,-0.023894504,-19.140364,0.98093675912389,1.0
LINC02830,-0.023894504,-18.465359,0.98093675912389,1.0
AC004930.1,-0.023894504,0.6626417,0.98093675912389,1.0
AL391497.1,-0.023894504,-18.678392,0.98093675912389,1.0
AF241725.1,-0.023894504,-18.630766,0.98093675912389,1.0
AC003973.1,-0.023894504,-19.151718,0.98093675912389,1.0
OTOP1,-0.023894504,-19.003597,0.98093675912389,1.0
AC090150.1,-0.023894504,-18.918129,0.98093675912389,1.0
ZNF728,-0.023894504,-19.083391,0.98093675912389,1.0
AC091057.3,-0.023894504,-18.420086,0.98093675912389,1.0
TNFRSF11B,-0.023894504,-18.648214,0.98093675912389,1.0
AL109806.2,-0.023894504,-19.07018,0.98093675912389,1.0
AL109947.1,-0.023894504,-19.037287,0.98093675912389,1.0
AC084364.3,-0.023894504,-18.848183,0.98093675912389,1.0
CXCR2,-0.023894504,-18.52141,0.98093675912389,1.0
WFDC11,-0.023894504,-18.998562,0.98093675912389,1.0
AC009119.2,-0.023894504,-18.973833,0.98093675912389,1.0
AC013486.1,-0.023894504,-18.621065,0.98093675912389,1.0
LINC01977,-0.023894504,-18.968111,0.98093675912389,1.0
AC026956.2,-0.023894504,-18.608898,0.98093675912389,1.0
AL512380.1,-0.023894504,-19.192549,0.98093675912389,1.0
AC008507.4,-0.023894504,-18.566973,0.98093675912389,1.0
BX537318.1,-0.023894504,-18.95768,0.98093675912389,1.0
URAD,-0.023894504,-18.904434,0.98093675912389,1.0
LINC01989,-0.023894504,-19.043201,0.98093675912389,1.0
AP001269.1,-0.023894504,-18.71464,0.98093675912389,1.0
AL512424.1,-0.023894504,-18.975895,0.98093675912389,1.0
AC127496.6,-0.023894504,-19.31215,0.98093675912389,1.0
AC100802.1,-0.023894504,-18.897316,0.98093675912389,1.0
AP003031.1,-0.023894504,-18.725546,0.98093675912389,1.0
AQP9,-0.023894504,-19.280037,0.98093675912389,1.0
FAP,-0.023894504,-19.452978,0.98093675912389,1.0
S100A11,-0.023894504,-19.241772,0.98093675912389,1.0
Z82244.2,-0.023894504,-19.094244,0.98093675912389,1.0
CYTH4,-0.023894504,-19.15948,0.98093675912389,1.0
AC018802.2,-0.023894504,-18.519392,0.98093675912389,1.0
DNMT3L,-0.023894504,-18.748869,0.98093675912389,1.0
AC007649.1,-0.023894504,-18.795725,0.98093675912389,1.0
CD200R1L,-0.023894504,-18.705713,0.98093675912389,1.0
VWA5B1,-0.023894504,-18.983133,0.98093675912389,1.0
VIPR2,-0.023894504,-18.504814,0.98093675912389,1.0
SFRP5,-0.023894504,-18.736464,0.98093675912389,1.0
AL136982.2,-0.023894504,-19.257008,0.98093675912389,1.0
AC106872.12,-0.023894504,-19.226498,0.98093675912389,1.0
AC023347.1,-0.023894504,-19.046793,0.98093675912389,1.0
AC133065.1,-0.023894504,-19.145824,0.98093675912389,1.0
LINC02468,-0.023894504,-18.635946,0.98093675912389,1.0
CD5L,-0.023894504,-18.760477,0.98093675912389,1.0
PGC,-0.023894504,-19.28215,0.98093675912389,1.0
POTEI,-0.023894504,-18.707012,0.98093675912389,1.0
LINC01511,-0.023894504,-19.140234,0.98093675912389,1.0
AC018926.3,-0.023894504,-18.901314,0.98093675912389,1.0
TSSK1B,-0.023894504,-19.065771,0.98093675912389,1.0
AL391261.4,-0.023894504,-19.00025,0.98093675912389,1.0
AC013448.1,-0.023894504,-18.571032,0.98093675912389,1.0
CDH5,-0.023894504,-19.233723,0.98093675912389,1.0
HECW2-AS1,-0.023894504,-18.530384,0.98093675912389,1.0
TEKT3,-0.023894504,-18.246784,0.98093675912389,1.0
LINC02765,-0.023894504,-19.412178,0.98093675912389,1.0
AC013480.1,-0.023894504,-19.203573,0.98093675912389,1.0
AC022101.1,-0.023894504,-19.242237,0.98093675912389,1.0
AC011461.1,-0.023894504,-18.553158,0.98093675912389,1.0
FUT8-AS1,-0.023894504,-19.068586,0.98093675912389,1.0
AC005550.2,-0.023894504,-19.077412,0.98093675912389,1.0
AL353709.1,-0.023894504,-18.77425,0.98093675912389,1.0
CFHR2,-0.023894504,-19.407375,0.98093675912389,1.0
RET,-0.023894504,-19.26154,0.98093675912389,1.0
RASSF1-AS1,-0.023894504,-19.621382,0.98093675912389,1.0
AC008937.1,-0.023894504,-19.039696,0.98093675912389,1.0
LINC02795,-0.023894504,-19.103924,0.98093675912389,1.0
AC103718.1,-0.023894504,-18.799639,0.98093675912389,1.0
LINC00382,-0.023894504,-18.602213,0.98093675912389,1.0
OR8B8,-0.023894504,-18.66887,0.98093675912389,1.0
LINC01555,-0.023894504,-18.47631,0.98093675912389,1.0
AC021074.3,-0.023894504,-19.299215,0.98093675912389,1.0
AC124798.2,-0.023894504,-19.453497,0.98093675912389,1.0
LINC01490,-0.023894504,-19.267664,0.98093675912389,1.0
LINC02432,-0.023894504,-18.894957,0.98093675912389,1.0
LINC02029,-0.023894504,-19.312658,0.98093675912389,1.0
PCDHB6,-0.023894504,-19.05599,0.98093675912389,1.0
SMCO2,-0.023894504,-18.558182,0.98093675912389,1.0
AL161733.1,-0.023894504,-19.185324,0.98093675912389,1.0
NLRP4,-0.023894504,-19.241932,0.98093675912389,1.0
AC110620.2,-0.023894504,-19.13487,0.98093675912389,1.0
LINC02797,-0.023894504,-18.90337,0.98093675912389,1.0
DSCR4-IT1,-0.023894504,-18.870237,0.98093675912389,1.0
PAX9,-0.023894504,-18.921888,0.98093675912389,1.0
LINC02751,-0.023894504,-18.401236,0.98093675912389,1.0
AC069114.1,-0.023894504,-19.117853,0.98093675912389,1.0
AL844892.2,-0.023894504,-19.168545,0.98093675912389,1.0
AC008397.1,-0.023894504,-18.73053,0.98093675912389,1.0
AC005034.4,-0.023894504,-18.805231,0.98093675912389,1.0
LINC00868,-0.023894504,-18.926104,0.98093675912389,1.0
AC019209.3,-0.023894504,-18.77448,0.98093675912389,1.0
AC121161.2,-0.023894504,-18.887201,0.98093675912389,1.0
B3GNT7,-0.023894504,-19.231798,0.98093675912389,1.0
AC124864.3,-0.023894504,-18.378483,0.98093675912389,1.0
CNTFR-AS1,-0.023894504,-18.784185,0.98093675912389,1.0
AC009779.5,-0.023894504,-18.980175,0.98093675912389,1.0
PLSCR5,-0.023894504,-18.84869,0.98093675912389,1.0
AC018464.1,-0.023894504,-19.150087,0.98093675912389,1.0
AL110504.1,-0.023894504,-18.53804,0.98093675912389,1.0
AC244090.3,-0.023894504,-18.801764,0.98093675912389,1.0
P2RY12,-0.023894504,-18.730537,0.98093675912389,1.0
AL139023.1,-0.023894504,-18.91843,0.98093675912389,1.0
IFI6,-0.023894504,-18.815063,0.98093675912389,1.0
OAS2,-0.023894504,-18.990488,0.98093675912389,1.0
JAML,-0.023894504,-19.507856,0.98093675912389,1.0
SHISA4,-0.023894504,-18.668028,0.98093675912389,1.0
PRODH2,-0.023894504,-19.091438,0.98093675912389,1.0
AC092296.4,-0.023894504,-19.159128,0.98093675912389,1.0
SLC16A13,-0.023894504,-18.60621,0.98093675912389,1.0
C12orf80,-0.023894504,-18.949535,0.98093675912389,1.0
AC135048.3,-0.023894504,-19.265778,0.98093675912389,1.0
AP000146.1,-0.023894504,-18.971325,0.98093675912389,1.0
METRNL,-0.023894504,-18.77182,0.98093675912389,1.0
LINC01842,-0.023894504,-18.951477,0.98093675912389,1.0
PTGER1,-0.023894504,-19.245098,0.98093675912389,1.0
SMCO1,-0.023894504,-18.835619,0.98093675912389,1.0
AC118553.1,-0.023894504,-18.889004,0.98093675912389,1.0
CETP,-0.023894504,-18.927517,0.98093675912389,1.0
CYLC1,-0.023894504,-18.92465,0.98093675912389,1.0
AC090796.1,-0.023894504,-19.294273,0.98093675912389,1.0
AL513123.1,-0.023894504,-18.727499,0.98093675912389,1.0
PADI3,-0.023894504,-18.837778,0.98093675912389,1.0
AL592430.2,-0.023894504,-18.644218,0.98093675912389,1.0
CPN2,-0.023894504,-19.637383,0.98093675912389,1.0
AC123777.1,-0.023894504,-18.820463,0.98093675912389,1.0
LINC00681,-0.023894504,-18.575468,0.98093675912389,1.0
AC090629.1,-0.023894504,-19.367472,0.98093675912389,1.0
CD209,-0.023894504,-18.67569,0.98093675912389,1.0
DACT2,-0.023894504,-18.827435,0.98093675912389,1.0
AC006013.1,-0.023894504,-18.851517,0.98093675912389,1.0
AL356752.1,-0.023894504,-18.648357,0.98093675912389,1.0
AC024270.2,-0.023894504,-19.123291,0.98093675912389,1.0
HS3ST1,-0.023894504,-18.849205,0.98093675912389,1.0
AC083855.2,-0.023894504,-19.0486,0.98093675912389,1.0
LINC01366,-0.023894504,-19.298588,0.98093675912389,1.0
AC109131.1,-0.023894504,-18.93237,0.98093675912389,1.0
LINC02792,-0.023894504,-19.050697,0.98093675912389,1.0
AC122694.1,-0.023894504,-18.851334,0.98093675912389,1.0
AL136090.2,-0.023894504,-18.048477,0.98093675912389,1.0
AL136537.1,-0.023894504,-19.246601,0.98093675912389,1.0
LY6G6C,-0.023894504,-19.160606,0.98093675912389,1.0
SLC6A12,-0.023894504,-18.940826,0.98093675912389,1.0
GIMAP1,-0.023894504,-18.59697,0.98093675912389,1.0
LINC01925,-0.023894504,-19.149878,0.98093675912389,1.0
AP001005.3,-0.023894504,-19.301426,0.98093675912389,1.0
AL391427.1,-0.023894504,-19.289505,0.98093675912389,1.0
NHLRC4,-0.023894504,-18.820595,0.98093675912389,1.0
AL132765.2,-0.023894504,-18.978743,0.98093675912389,1.0
OTOR,-0.023894504,-18.896812,0.98093675912389,1.0
AC069503.4,-0.023894504,-18.675615,0.98093675912389,1.0
AC093512.1,-0.023894504,-18.630651,0.98093675912389,1.0
APOBEC3G,-0.023894504,-18.900227,0.98093675912389,1.0
AL159174.1,-0.023894504,-18.973305,0.98093675912389,1.0
AL353613.1,-0.023894504,-18.929218,0.98093675912389,1.0
AC092337.1,-0.023894504,-18.158064,0.98093675912389,1.0
AC092138.2,-0.023894504,-18.488756,0.98093675912389,1.0
AC079354.2,-0.023894504,-19.048594,0.98093675912389,1.0
AL353660.1,-0.023894504,-19.041662,0.98093675912389,1.0
CSF3,-0.023894504,-18.908527,0.98093675912389,1.0
AC004832.1,-0.023894504,-18.831005,0.98093675912389,1.0
APOBEC3F,-0.023894504,-19.315008,0.98093675912389,1.0
LINC01894,-0.023894504,-18.257061,0.98093675912389,1.0
AL391069.3,-0.023894504,-19.255255,0.98093675912389,1.0
AL596330.1,-0.023894504,-19.161737,0.98093675912389,1.0
AC020934.2,-0.023894504,-19.403564,0.98093675912389,1.0
LINC01635,-0.023894504,-18.581066,0.98093675912389,1.0
AC063938.1,-0.023894504,-18.8804,0.98093675912389,1.0
AF131215.3,-0.023894504,-19.25872,0.98093675912389,1.0
AC008443.6,-0.023894504,-18.906631,0.98093675912389,1.0
LINC02768,-0.023894504,-19.167557,0.98093675912389,1.0
AC012178.1,-0.023909418,0.39185256,0.9809248617395454,1.0
AC027601.3,-0.023909418,0.33892077,0.9809248617395454,1.0
AC009088.2,-0.023909418,0.3467834,0.9809248617395454,1.0
GALR1,-0.023931792,0.30273837,0.9809070156709846,1.0
PIP5KL1,-0.023931792,0.11530791,0.9809070156709846,1.0
AC024940.6,-0.023931792,0.27746716,0.9809070156709846,1.0
AL356441.1,-0.02393925,0.087538764,0.9809010669835873,1.0
AC099850.3,-0.02393925,0.21686798,0.9809010669835873,1.0
AGR3,-0.023976538,-0.16884978,0.9808713235625378,1.0
AC112220.2,-0.023976538,0.13573354,0.9808713235625378,1.0
AC112907.1,-0.024013827,-0.5481045,0.9808415801680804,1.0
AP000873.4,-0.024013827,-0.2875672,0.9808415801680804,1.0
AL121672.3,-0.02402874,-0.58300817,0.9808296828177525,1.0
AC064807.2,-0.02402874,-0.57213,0.9808296828177525,1.0
MICALL2,-0.024036199,-0.70578253,0.9808237341441873,1.0
ADRA1A,-0.024036199,-0.78948665,0.9808237341441873,1.0
VPS13B-DT,-0.024039928,-0.11350787,0.9808207598078047,1.0
AC011446.1,-0.024043657,0.14612262,0.9808177854716886,1.0
AC010327.5,-0.024043657,-0.62509257,0.9808177854716886,1.0
RSF1-IT2,-0.024051115,-0.7999178,0.9808118368002564,1.0
SLC16A5,-0.024051115,-0.64639765,0.9808118368002564,1.0
AC005034.5,-0.024058573,-0.8466236,0.9808058881298913,1.0
ZNF208,-0.024066031,-1.0575391,0.9807999394605935,1.0
AC080005.1,-0.024066031,-0.16646835,0.9807999394605935,1.0
MSC-AS1,-0.024080945,-1.1711109,0.9807880421252011,1.0
LINC02853,-0.024080945,-1.3410522,0.9807880421252011,1.0
IGSF1,-0.024088403,-0.20284243,0.9807820934591073,1.0
DLX4,-0.024088403,-1.4393264,0.9807820934591073,1.0
PGA5,-0.024088403,-1.5171263,0.9807820934591073,1.0
AL365181.1,-0.024095861,-2.1258745,0.980776144794082,1.0
AL161725.2,-0.02410332,-1.4289708,0.9807701961301258,1.0
RFPL1S,-0.024110777,-1.9113778,0.9807642474672389,1.0
DNAL4,-0.024118233,-2.2148938,0.9807582988054215,1.0
MEIS1-AS3,-0.024125692,-1.7172357,0.9807523501446742,1.0
ARHGEF35,-0.02413315,-2.533858,0.9807464014849971,1.0
AL353796.2,-0.024155524,0.060575493,0.9807285555123911,1.0
ADGRE3,-0.024155524,-0.24990273,0.9807285555123911,1.0
ZNF525,-0.024166709,0.049400404,0.9807196325297042,1.0
ST8SIA4,-0.024177896,-0.06833999,0.9807107095494296,1.0
CTXND1,-0.024200268,-0.599899,0.9806928635961216,1.0
SYT16,-0.024226371,-0.25175977,0.9806720433294752,1.0
C8orf89,-0.024245014,-0.7761498,0.980657171718502,1.0
TAC3,-0.024267389,-0.7086963,0.9806393257942081,1.0
DOCK11,-0.024282305,-0.1622928,0.9806274285167279,1.0
AL589765.1,-0.024319593,-0.08254162,0.9805976853418847,1.0
RORB-AS1,-0.024334507,-0.232838,0.9805857880794975,1.0
COMMD8,-0.024349423,-0.3245768,0.9805738908214284,1.0
BMP10,-0.024386711,-0.35352132,0.9805441476951653,1.0
GRHL2,-0.024409086,-1.1776396,0.9805263018323873,1.0
AC008676.1,-0.024424,0.024700295,0.980514404595949,1.0
AC004052.1,-0.024506034,-0.71371716,0.9804489698730814,1.0
APEH,-0.02455451,-0.2190857,0.9804103039622818,1.0
LINC00654,-0.024565697,-0.65779144,0.9804013810663221,1.0
AC020663.3,-0.02458807,-0.28884044,0.9803835352817601,1.0
USP46-AS1,-0.024595527,-0.25244483,0.9803775866890873,1.0
PRR16,-0.024602985,-0.7690713,0.9803716380975055,1.0
CAPN12,-0.024647731,-0.3040198,0.9803359465709475,1.0
AC131953.2,-0.024647731,-0.23883842,0.9803359465709475,1.0
ITGAM,-0.024729766,-1.1532769,0.9802705122078793,1.0
AAAS,-0.024748411,-0.1331902,0.9802556407802249,1.0
BRICD5,-0.02478197,0.033543047,0.9802288722277425,1.0
NLGN4X,-0.024804343,-1.4019169,0.9802110265384538,1.0
AP000829.1,-0.02504672,0.4895114,0.9800176988744876,1.0
AC074032.1,-0.025229434,-0.023081856,0.979871960333807,1.0
AL451047.1,-0.025315197,-0.15013576,0.9798035526787496,1.0
WDR49,-0.025326382,-0.48789278,0.9797946299520722,1.0
TMEM106A,-0.025378587,0.011630351,0.9797529905943544,1.0
AC008050.1,-0.025490453,-0.34664324,0.9796637635851547,1.0
ARL16,-0.02556503,-0.051234577,0.9796042790536366,1.0
AC016134.1,-0.025833508,-0.101132095,0.9793901356815873,1.0
EFR3B,-0.026090799,-0.37834752,0.979184916343534,1.0
RELL1,-0.026210122,-0.08337404,0.9790897426245437,1.0
COPZ1,-0.026254868,-0.083890885,0.9790540525565885,1.0
LINC01723,-0.026288427,0.04459102,0.979027285033134,1.0
ENDOD1,-0.026400294,-0.9355333,0.9789380601256752,1.0
STYK1,-0.02647487,0.49991718,0.9788785770003596,1.0
PHF7,-0.026482329,-0.26235056,0.978872628694282,1.0
TOR2A,-0.026519617,0.29065597,0.9788428871815225,1.0
JAGN1,-0.026534531,-0.039547674,0.9788309905846513,1.0
NLRP2,-0.026545718,0.4142387,0.9788220681400877,1.0
FGF12-AS3,-0.026549447,-19.065695,0.9788190939924885,1.0
RFPL2,-0.026549447,-19.490366,0.9788190939924885,1.0
LARGE-IT1,-0.026549447,-19.254297,0.9788190939924885,1.0
LINC01132,-0.026549447,-19.408203,0.9788190939924885,1.0
TLR6,-0.026549447,-18.913677,0.9788190939924885,1.0
AC107958.2,-0.026549447,-19.058191,0.9788190939924885,1.0
AC034234.1,-0.026549447,-18.570835,0.9788190939924885,1.0
AC245041.2,-0.026549447,-19.424276,0.9788190939924885,1.0
AF038458.2,-0.026549447,-19.105112,0.9788190939924885,1.0
AC124784.1,-0.026549447,-19.068678,0.9788190939924885,1.0
PDILT,-0.026549447,-18.879606,0.9788190939924885,1.0
AL360089.1,-0.026549447,-18.788681,0.9788190939924885,1.0
AL512283.3,-0.026549447,-18.903635,0.9788190939924885,1.0
AC092198.1,-0.026549447,-18.821255,0.9788190939924885,1.0
APOD,-0.026549447,-18.985792,0.9788190939924885,1.0
AC069213.1,-0.026549447,-19.51396,0.9788190939924885,1.0
AC073316.1,-0.026549447,-19.298819,0.9788190939924885,1.0
LINC00996,-0.026549447,-19.239834,0.9788190939924885,1.0
AC005586.2,-0.026549447,-18.86904,0.9788190939924885,1.0
AC092691.3,-0.026549447,-19.265585,0.9788190939924885,1.0
AL391988.1,-0.026549447,-18.950468,0.9788190939924885,1.0
DHH,-0.026549447,-19.103775,0.9788190939924885,1.0
C12orf54,-0.026549447,-18.85699,0.9788190939924885,1.0
AC092171.3,-0.026549447,-19.216192,0.9788190939924885,1.0
TRARG1,-0.026549447,-19.56511,0.9788190939924885,1.0
LINC02281,-0.026549447,-18.70589,0.9788190939924885,1.0
AC023302.1,-0.026549447,-19.113203,0.9788190939924885,1.0
SLC25A47,-0.026549447,-19.28283,0.9788190939924885,1.0
DDC,-0.026549447,-19.356909,0.9788190939924885,1.0
AL360267.2,-0.026549447,-19.452282,0.9788190939924885,1.0
ARTN,-0.026549447,-18.806017,0.9788190939924885,1.0
GACAT1,-0.026549447,-18.744186,0.9788190939924885,1.0
NPHS2,-0.026549447,-18.400799,0.9788190939924885,1.0
AL138976.2,-0.026549447,-19.529764,0.9788190939924885,1.0
AC007682.1,-0.026549447,-19.189495,0.9788190939924885,1.0
LIPC-AS1,-0.026549447,-18.790716,0.9788190939924885,1.0
AP001007.2,-0.026549447,-18.756931,0.9788190939924885,1.0
AL512598.1,-0.026549447,-19.49877,0.9788190939924885,1.0
AL121787.1,-0.026549447,-18.833103,0.9788190939924885,1.0
OGFR-AS1,-0.026549447,-19.191536,0.9788190939924885,1.0
AC021242.3,-0.026549447,-19.645239,0.9788190939924885,1.0
ZNF630-AS1,-0.026549447,-18.919664,0.9788190939924885,1.0
AL031005.2,-0.026549447,-19.014986,0.9788190939924885,1.0
KIAA1755,-0.026549447,-19.164238,0.9788190939924885,1.0
TEDDM1,-0.026549447,-19.177027,0.9788190939924885,1.0
AC020551.1,-0.026549447,-19.032263,0.9788190939924885,1.0
ACP5,-0.026549447,-19.005432,0.9788190939924885,1.0
AC010998.3,-0.026549447,-19.417599,0.9788190939924885,1.0
LINC01446,-0.026549447,-19.273115,0.9788190939924885,1.0
AC004941.1,-0.026549447,-19.189741,0.9788190939924885,1.0
GIMAP8,-0.026549447,-18.646776,0.9788190939924885,1.0
MIR2117HG,-0.026549447,-18.951244,0.9788190939924885,1.0
AP000866.5,-0.026549447,-19.312504,0.9788190939924885,1.0
AC011008.1,-0.026549447,-19.107126,0.9788190939924885,1.0
LINC01343,-0.026549447,-18.776217,0.9788190939924885,1.0
AC118755.1,-0.026549447,-18.992514,0.9788190939924885,1.0
AC011900.1,-0.026549447,-19.439737,0.9788190939924885,1.0
GRB7,-0.026549447,-18.955154,0.9788190939924885,1.0
C15orf32,-0.026549447,-18.978186,0.9788190939924885,1.0
AL161646.1,-0.026549447,-19.158634,0.9788190939924885,1.0
PBOV1,-0.026549447,-19.043282,0.9788190939924885,1.0
CROCC2,-0.026549447,-19.209457,0.9788190939924885,1.0
LINC02013,-0.026549447,-19.444317,0.9788190939924885,1.0
EGR3,-0.026549447,-19.112995,0.9788190939924885,1.0
AL136115.3,-0.026549447,-19.485878,0.9788190939924885,1.0
AC068870.2,-0.026549447,-18.63114,0.9788190939924885,1.0
AC105415.1,-0.026549447,-19.156332,0.9788190939924885,1.0
AP001972.3,-0.026549447,-19.349575,0.9788190939924885,1.0
LINC01375,-0.026549447,-18.959398,0.9788190939924885,1.0
B3GNT6,-0.026549447,-19.02671,0.9788190939924885,1.0
C2orf72,-0.026549447,-18.625374,0.9788190939924885,1.0
AC004485.1,-0.026549447,-18.898275,0.9788190939924885,1.0
KCNE3,-0.026549447,-19.036186,0.9788190939924885,1.0
AC116337.4,-0.026549447,-18.767044,0.9788190939924885,1.0
AC008972.2,-0.026549447,-19.109442,0.9788190939924885,1.0
AC119673.1,-0.026549447,-18.961338,0.9788190939924885,1.0
AL589863.1,-0.026549447,-18.968191,0.9788190939924885,1.0
AC105020.6,-0.026549447,-18.821365,0.9788190939924885,1.0
CD300LF,-0.026549447,-18.947777,0.9788190939924885,1.0
FOXJ1,-0.026549447,-18.819315,0.9788190939924885,1.0
AC098820.2,-0.026549447,-18.845499,0.9788190939924885,1.0
AC026726.2,-0.026549447,-19.003008,0.9788190939924885,1.0
KCNA4,-0.026549447,-18.987663,0.9788190939924885,1.0
C18orf63,-0.026549447,-19.171421,0.9788190939924885,1.0
SYT10,-0.026549447,-18.874958,0.9788190939924885,1.0
AC113208.4,-0.026549447,-19.304804,0.9788190939924885,1.0
LINC02359,-0.026549447,-18.364801,0.9788190939924885,1.0
AC034187.1,-0.026549447,-18.694166,0.9788190939924885,1.0
PRORY,-0.026549447,-18.939077,0.9788190939924885,1.0
AC092068.1,-0.026549447,-19.091896,0.9788190939924885,1.0
AC127526.4,-0.026549447,-18.94202,0.9788190939924885,1.0
Z98884.2,-0.026549447,-18.796555,0.9788190939924885,1.0
OCM2,-0.026549447,-19.33197,0.9788190939924885,1.0
AC007881.2,-0.026549447,-18.894938,0.9788190939924885,1.0
AC120024.1,-0.026549447,-19.098185,0.9788190939924885,1.0
AL035415.1,-0.026549447,-18.852776,0.9788190939924885,1.0
LINC02732,-0.026549447,-18.788363,0.9788190939924885,1.0
SPP2,-0.026549447,-19.279325,0.9788190939924885,1.0
AL121987.1,-0.026549447,-18.934492,0.9788190939924885,1.0
AC021037.1,-0.026549447,-19.049467,0.9788190939924885,1.0
ETV2,-0.026549447,-19.359768,0.9788190939924885,1.0
GPAT2,-0.026549447,-19.183315,0.9788190939924885,1.0
C11orf88,-0.026549447,-19.08175,0.9788190939924885,1.0
AC009269.4,-0.026549447,-19.309832,0.9788190939924885,1.0
DLG1-AS1,-0.026549447,-19.11524,0.9788190939924885,1.0
NCR1,-0.026549447,-19.133228,0.9788190939924885,1.0
AC023490.4,-0.026549447,-19.090387,0.9788190939924885,1.0
LINC00305,-0.026549447,-18.544333,0.9788190939924885,1.0
AC022167.4,-0.026549447,-19.085672,0.9788190939924885,1.0
AC124319.2,-0.026549447,-18.794546,0.9788190939924885,1.0
AARD,-0.026549447,-18.827301,0.9788190939924885,1.0
AC090952.2,-0.026549447,-18.93008,0.9788190939924885,1.0
AC104564.1,-0.026549447,-19.19527,0.9788190939924885,1.0
H2AFJ,-0.026549447,-19.053375,0.9788190939924885,1.0
CDH19,-0.026549447,-18.684727,0.9788190939924885,1.0
LINC01100,-0.026549447,-18.984306,0.9788190939924885,1.0
FOXL2NB,-0.026549447,-19.132399,0.9788190939924885,1.0
AC006364.1,-0.026549447,-18.688425,0.9788190939924885,1.0
LINC01538,-0.026549447,-19.322983,0.9788190939924885,1.0
RASSF9,-0.026549447,-19.45127,0.9788190939924885,1.0
TRPM5,-0.026549447,-19.194326,0.9788190939924885,1.0
TDRD6,-0.026549447,-18.406008,0.9788190939924885,1.0
AC011901.1,-0.026549447,-19.484602,0.9788190939924885,1.0
CASQ2,-0.026549447,-18.82729,0.9788190939924885,1.0
AP001972.4,-0.026549447,-19.360182,0.9788190939924885,1.0
AC091078.2,-0.026549447,-18.825071,0.9788190939924885,1.0
LINC01189,-0.026549447,-18.7889,0.9788190939924885,1.0
LINC00929,-0.026549447,-18.57158,0.9788190939924885,1.0
GOLGA8K,-0.026549447,-19.157108,0.9788190939924885,1.0
AC005753.2,-0.026549447,-19.183588,0.9788190939924885,1.0
AC013460.1,-0.026549447,-18.988178,0.9788190939924885,1.0
AC011747.1,-0.026549447,-19.327421,0.9788190939924885,1.0
LINC01248,-0.026549447,-19.126957,0.9788190939924885,1.0
AL137786.1,-0.026549447,-18.926283,0.9788190939924885,1.0
AC005154.3,-0.026549447,-19.427465,0.9788190939924885,1.0
AC015819.2,-0.026549447,-19.528296,0.9788190939924885,1.0
C2orf50,-0.026549447,-18.869574,0.9788190939924885,1.0
AL353653.1,-0.026549447,-19.03126,0.9788190939924885,1.0
APOBEC3H,-0.026549447,-19.371536,0.9788190939924885,1.0
LINC01805,-0.026549447,-19.346052,0.9788190939924885,1.0
AC004817.3,-0.026549447,-18.961174,0.9788190939924885,1.0
AC090527.3,-0.026549447,-18.908085,0.9788190939924885,1.0
AL355310.1,-0.026549447,-19.044558,0.9788190939924885,1.0
AC099521.1,-0.026549447,-19.103882,0.9788190939924885,1.0
LINC02181,-0.026549447,-19.49059,0.9788190939924885,1.0
AC017100.1,-0.026549447,-19.56447,0.9788190939924885,1.0
OLR1,-0.026549447,-19.117088,0.9788190939924885,1.0
DPPA3,-0.026549447,-19.203114,0.9788190939924885,1.0
AC004801.4,-0.026549447,-19.064106,0.9788190939924885,1.0
SLFN11,-0.026549447,-19.423424,0.9788190939924885,1.0
MMEL1,-0.026549447,-19.287184,0.9788190939924885,1.0
AL590440.1,-0.026549447,-19.148718,0.9788190939924885,1.0
AL360268.2,-0.026549447,-19.039953,0.9788190939924885,1.0
AL161740.1,-0.026549447,-18.983545,0.9788190939924885,1.0
AL136225.1,-0.026549447,-18.95019,0.9788190939924885,1.0
Z97205.2,-0.026549447,-19.044382,0.9788190939924885,1.0
AR,-0.026549447,-18.977276,0.9788190939924885,1.0
AL121992.3,-0.026549447,-19.196867,0.9788190939924885,1.0
AC102953.1,-0.026549447,-19.128244,0.9788190939924885,1.0
AC004832.4,-0.026549447,-18.78341,0.9788190939924885,1.0
CCR5AS,-0.026549447,-19.109547,0.9788190939924885,1.0
AC243830.2,-0.026549447,-19.030853,0.9788190939924885,1.0
TSPAN9-IT1,-0.026549447,-19.135042,0.9788190939924885,1.0
KCNA5,-0.026549447,-19.196005,0.9788190939924885,1.0
U47924.1,-0.026549447,-19.246458,0.9788190939924885,1.0
AC120498.4,-0.026549447,-19.2061,0.9788190939924885,1.0
AC022118.1,-0.026549447,-19.40141,0.9788190939924885,1.0
AC016382.1,-0.026549447,-19.14154,0.9788190939924885,1.0
LINC01425,-0.026549447,-19.587399,0.9788190939924885,1.0
AL592146.2,-0.026549447,-19.35161,0.9788190939924885,1.0
AC027279.2,-0.026549447,-18.99683,0.9788190939924885,1.0
AL157884.2,-0.026549447,-19.19224,0.9788190939924885,1.0
AC008114.1,-0.026549447,-18.929514,0.9788190939924885,1.0
AC245052.7,-0.026549447,-19.280075,0.9788190939924885,1.0
OR5AS1,-0.026549447,-18.681007,0.9788190939924885,1.0
AC121757.1,-0.026549447,-18.875664,0.9788190939924885,1.0
ADGRG1,-0.026549447,-18.338285,0.9788190939924885,1.0
AC093849.2,-0.026549447,-19.193794,0.9788190939924885,1.0
DNTT,-0.026549447,-19.109163,0.9788190939924885,1.0
ITIH1,-0.026549447,-19.44385,0.9788190939924885,1.0
OR4N2,-0.026549447,-18.90822,0.9788190939924885,1.0
OXCT2,-0.026549447,-19.071337,0.9788190939924885,1.0
AC137894.1,-0.026549447,-19.195354,0.9788190939924885,1.0
AC093462.1,-0.026549447,-19.254604,0.9788190939924885,1.0
AP000459.2,-0.026549447,-19.318226,0.9788190939924885,1.0
AC004047.1,-0.026549447,-19.181856,0.9788190939924885,1.0
AC034243.1,-0.026549447,-18.905107,0.9788190939924885,1.0
CPA4,-0.026549447,-19.378998,0.9788190939924885,1.0
DLL4,-0.026549447,-19.02438,0.9788190939924885,1.0
SMIM2,-0.026549447,-19.437693,0.9788190939924885,1.0
GOLGA8J,-0.026549447,-19.290152,0.9788190939924885,1.0
RAB40AL,-0.026549447,-18.939093,0.9788190939924885,1.0
AC105389.1,-0.026549447,-19.345795,0.9788190939924885,1.0
Z99916.3,-0.026549447,-19.20229,0.9788190939924885,1.0
AP002954.2,-0.026549447,-18.870525,0.9788190939924885,1.0
FGF14-AS1,-0.026549447,-19.192055,0.9788190939924885,1.0
AL596325.1,-0.026549447,-19.1613,0.9788190939924885,1.0
HCG9,-0.026556905,0.13288732,0.9788131456981736,1.0
AC078955.1,-0.026568092,0.31433472,0.9788042232589101,1.0
RAB42,-0.026568092,0.3756005,0.9788042232589101,1.0
Z98745.1,-0.026571821,0.29997796,0.9788012491130782,1.0
AC108704.1,-0.02657555,0.06379466,0.978798274967541,1.0
AL162385.2,-0.026586736,0.16780315,0.9787893525326979,1.0
AL133387.2,-0.026590465,0.15947203,0.9787863783883398,1.0
NTNG1,-0.026597923,0.08713437,0.9787804301005084,1.0
ZFP36,-0.026601652,0.15256153,0.9787774559570351,1.0
AL513534.2,-0.02660911,-0.50844145,0.9787715076709738,1.0
LINC01499,-0.026612839,-0.0025075814,0.9787685335283857,1.0
TMEM229B,-0.026627753,-0.2918557,0.9787566369609851,1.0
ITGBL1,-0.026642669,-0.354852,0.9787447403983095,1.0
AC104695.2,-0.026642669,-0.3124979,0.9787447403983095,1.0
APBB1IP,-0.026646398,0.124011286,0.9787417662583792,1.0
AC123023.1,-0.026665041,-0.47736666,0.9787268955631611,1.0
DSC3,-0.026665041,-0.597734,0.9787268955631611,1.0
AC108935.1,-0.0266725,-0.54681295,0.9787209472871435,1.0
AC012213.2,-0.0266725,-0.48583776,0.9787209472871435,1.0
AL109829.1,-0.026679957,-0.5681176,0.9787149990123092,1.0
LINC01924,-0.026687415,-0.47575226,0.9787090507386584,1.0
LINC01162,-0.026687415,-0.5674396,0.9787090507386584,1.0
AL356580.1,-0.026694873,-0.63917094,0.9787031024661915,1.0
AL355474.1,-0.026694873,-0.56198364,0.9787031024661915,1.0
AL078645.1,-0.026698602,0.07951448,0.9787001283304021,1.0
AC027271.1,-0.026702331,-0.5538879,0.9786971541949088,1.0
C19orf38,-0.026702331,0.016330892,0.9786971541949088,1.0
FGF14-AS2,-0.026702331,-0.61154693,0.9786971541949088,1.0
AC116049.2,-0.026717246,-0.7473202,0.9786852576558972,1.0
AP001453.1,-0.026732162,-0.04984635,0.9786733611216265,1.0
TOPAZ1,-0.02673962,-1.4507446,0.9786674128562697,1.0
AC137735.1,-0.026761992,-1.9145621,0.9786495680673178,1.0
AC076968.2,-0.026761992,-1.5181366,0.9786495680673178,1.0
NYAP2,-0.02676945,-0.0043732384,0.9786436198067078,1.0
LINC01111,-0.02676945,-2.2401843,0.9786436198067078,1.0
LINC00924,-0.02676945,-2.280167,0.9786436198067078,1.0
ZNF319,-0.026773179,-0.29466522,0.978640645676848,1.0
AL672291.1,-0.026784366,-1.9859195,0.9786317232890505,1.0
FGF17,-0.02679928,-2.5621507,0.9786198267761459,1.0
AL031848.2,-0.02679928,-2.6433356,0.9786198267761459,1.0
DLX3,-0.02679928,-2.6897664,0.9786198267761459,1.0
AC116348.3,-0.02679928,-2.1417692,0.9786198267761459,1.0
RAB41,-0.026832841,-0.26754424,0.978593059639501,1.0
AP003119.2,-0.026844027,-0.061557908,0.9785841372659744,1.0
AC079062.1,-0.02689996,-0.6685154,0.9785395254385532,1.0
AC012499.1,-0.026914876,0.018031782,0.9785276289625713,1.0
LRP2,-0.026914876,-0.67016727,0.9785276289625713,1.0
U91328.1,-0.026937248,-0.77954865,0.978509784257554,1.0
MESP1,-0.026955893,-0.26228043,0.9784949136782544,1.0
TRAJ47,-0.02700064,-0.23717806,0.9784592243184372,1.0
CEBPB-AS1,-0.027015554,-0.13475987,0.9784473278747434,1.0
PELP1,-0.027078945,-0.009789798,0.9783967680425556,1.0
AC128687.3,-0.027082674,-0.4500627,0.9783937939374806,1.0
C10orf90,-0.027086403,-1.4052352,0.9783908198327059,1.0
SNX11,-0.027090132,0.31353715,0.9783878457282317,1.0
ZBED6,-0.02713115,-0.2738559,0.9783551305988524,1.0
AC133919.2,-0.027168438,-0.26694116,0.9783253896037353,1.0
AC073840.1,-0.027172167,0.07002239,0.9783224155058801,1.0
ZNF175,-0.027179625,-0.1956925,0.9783164673110736,1.0
VXN,-0.027239285,-0.8439515,0.9782688817960544,1.0
FGFBP3,-0.027410813,-0.0068286443,0.9781320738717334,1.0
AL449106.1,-0.027436916,-0.53918415,0.9781112553308433,1.0
WWC2-AS1,-0.027466746,-0.16538884,0.9780874627309405,1.0
MYRF,-0.02751895,-0.34355852,0.9780458257280321,1.0
TMPO-AS1,-0.027533865,-0.5127057,0.9780339294524685,1.0
ARL9,-0.027545052,-0.05765126,0.9780250072490017,1.0
AJ239328.1,-0.027556239,-0.17794007,0.9780160850482842,1.0
AL451080.1,-0.027559968,-0.23347966,0.9780131109819895,1.0
LINC02610,-0.027612172,-0.36658162,0.9779714740859742,1.0
STXBP5-AS1,-0.027627086,-0.10909675,0.9779595778409886,1.0
DNAH10OS,-0.027660646,-0.10252928,0.9779328113076984,1.0
CFAP53,-0.02770912,-0.079000115,0.9778941485812636,1.0
MYO15A,-0.027720308,-0.6784887,0.9778852264209964,1.0
RNFT1-DT,-0.027776241,-0.13037929,0.9778406156611835,1.0
ARHGEF33,-0.027787428,-0.90690625,0.9778316935175334,1.0
AC008761.1,-0.027798614,-0.0819531,0.9778227713766567,1.0
MGAT4C,-0.02791421,-0.13051802,0.9777305760835978,1.0
NCOA7-AS1,-0.027947769,-1.0533727,0.9777038097638601,1.0
CDKN2C,-0.028059633,-0.25137517,0.9776145888795482,1.0
AC023790.2,-0.028067091,-0.3411395,0.9776086408305393,1.0
AC008571.2,-0.02807082,-1.1664262,0.9776056668065017,1.0
AC005046.1,-0.02810065,-1.5647203,0.9775818746254111,1.0
PPM1M,-0.02836167,0.05571583,0.9773736938939428,1.0
SOCS5,-0.028380316,0.09701737,0.9773588239004997,1.0
CEBPG,-0.028536927,-0.12299238,0.9772339162667156,1.0
LINC00618,-0.028551843,-0.13740835,0.9772220203306597,1.0
AC099501.1,-0.028555572,-0.27021435,0.9772190463474372,1.0
CNPY4,-0.028611504,-0.33949062,0.9771744366371228,1.0
AC068193.1,-0.02865625,-1.1908317,0.9771387489202652,1.0
CCDC189,-0.028831506,0.5834259,0.9769989724705157,1.0
DNAL1,-0.02898812,-0.24091013,0.976874066453285,1.0
HEXIM2,-0.029032866,0.10961394,0.9768383791238101,1.0
TEC,-0.029111171,0.047280353,0.9767759264088302,1.0
HEATR6,-0.029111171,-0.043062687,0.9767759264088302,1.0
FEM1A,-0.029152188,-0.19482024,0.9767432131387287,1.0
AC020907.1,-0.029196935,0.6970078,0.9767075259795962,1.0
AL354813.1,-0.029204393,-19.183748,0.9767015781242716,1.0
AC093677.3,-0.029204393,-18.8011,0.9767015781242716,1.0
POTEF,-0.029204393,-19.076883,0.9767015781242716,1.0
KCNS2,-0.029204393,-19.067938,0.9767015781242716,1.0
AC007529.1,-0.029204393,-18.881548,0.9767015781242716,1.0
U47924.3,-0.029204393,-19.119303,0.9767015781242716,1.0
AC010291.1,-0.029204393,-19.383438,0.9767015781242716,1.0
AC006305.3,-0.029204393,-18.950174,0.9767015781242716,1.0
SLAMF7,-0.029204393,-19.286745,0.9767015781242716,1.0
LCN15,-0.029204393,-19.192747,0.9767015781242716,1.0
AC010904.2,-0.029204393,-18.966879,0.9767015781242716,1.0
LINC01381,-0.029204393,-19.288261,0.9767015781242716,1.0
LINC02309,-0.029204393,-18.988214,0.9767015781242716,1.0
C1orf127,-0.029204393,-19.135033,0.9767015781242716,1.0
AC136475.1,-0.029204393,-19.51623,0.9767015781242716,1.0
FNDC4,-0.029204393,-19.200594,0.9767015781242716,1.0
AC092924.2,-0.029204393,-19.411943,0.9767015781242716,1.0
CXCR3,-0.029204393,-19.375963,0.9767015781242716,1.0
HEPH,-0.029204393,-18.971338,0.9767015781242716,1.0
BDKRB2,-0.029204393,-18.507582,0.9767015781242716,1.0
AL590483.1,-0.029204393,-19.42946,0.9767015781242716,1.0
LINC02100,-0.029204393,-19.481752,0.9767015781242716,1.0
ANO3-AS1,-0.029204393,-19.025728,0.9767015781242716,1.0
AC092053.4,-0.029204393,-19.31189,0.9767015781242716,1.0
NETO1,-0.029204393,-19.083908,0.9767015781242716,1.0
AC002375.1,-0.029204393,-19.050676,0.9767015781242716,1.0
LINC01553,-0.029204393,-19.359055,0.9767015781242716,1.0
LINC02831,-0.029204393,-19.288063,0.9767015781242716,1.0
LANCL3,-0.029204393,-19.022678,0.9767015781242716,1.0
AC245014.1,-0.029204393,-19.428959,0.9767015781242716,1.0
AC243547.2,-0.029204393,-19.129614,0.9767015781242716,1.0
TAS1R3,-0.029204393,-19.493254,0.9767015781242716,1.0
LINC00484,-0.029204393,-19.083134,0.9767015781242716,1.0
PRDM7,-0.029204393,-19.606827,0.9767015781242716,1.0
AL137182.1,-0.029204393,-19.081856,0.9767015781242716,1.0
AL513412.1,-0.029204393,-19.519753,0.9767015781242716,1.0
AC091982.3,-0.029204393,-19.416067,0.9767015781242716,1.0
FGF10-AS1,-0.029204393,-19.534254,0.9767015781242716,1.0
AL034550.1,-0.029204393,-19.053556,0.9767015781242716,1.0
AC097713.1,-0.029204393,-19.140108,0.9767015781242716,1.0
AC087741.2,-0.029204393,-19.394386,0.9767015781242716,1.0
TNFSF9,-0.029204393,-19.16689,0.9767015781242716,1.0
ARAP1-AS1,-0.029204393,-19.245344,0.9767015781242716,1.0
TNFRSF10C,-0.029204393,-19.466406,0.9767015781242716,1.0
AC107959.3,-0.029204393,-19.17977,0.9767015781242716,1.0
HIGD2B,-0.029204393,-19.371794,0.9767015781242716,1.0
SLC5A8,-0.029204393,-19.17933,0.9767015781242716,1.0
LINC00482,-0.029204393,-19.468954,0.9767015781242716,1.0
RASAL3,-0.029204393,-19.39963,0.9767015781242716,1.0
AC024597.1,-0.029204393,-19.26585,0.9767015781242716,1.0
COLCA1,-0.029204393,-19.131191,0.9767015781242716,1.0
AL390243.1,-0.029204393,-18.894445,0.9767015781242716,1.0
RXFP2,-0.029204393,-19.251953,0.9767015781242716,1.0
KL,-0.029204393,-19.210646,0.9767015781242716,1.0
ECSCR,-0.029204393,-18.857183,0.9767015781242716,1.0
CADM3,-0.029204393,-19.156397,0.9767015781242716,1.0
MARCH11,-0.029204393,-19.143232,0.9767015781242716,1.0
LINC02027,-0.029204393,-19.24082,0.9767015781242716,1.0
AC068473.2,-0.029204393,-19.11318,0.9767015781242716,1.0
AC018607.1,-0.029204393,-19.403786,0.9767015781242716,1.0
LINC02497,-0.029204393,-19.234318,0.9767015781242716,1.0
AC117944.1,-0.029204393,-19.52783,0.9767015781242716,1.0
ZP2,-0.029204393,-19.328512,0.9767015781242716,1.0
AC068768.1,-0.029204393,-19.104868,0.9767015781242716,1.0
AL354994.1,-0.029204393,-18.922533,0.9767015781242716,1.0
MUCL3,-0.029204393,-18.998114,0.9767015781242716,1.0
AL645933.3,-0.029204393,-19.312653,0.9767015781242716,1.0
LINC02710,-0.029204393,-19.330164,0.9767015781242716,1.0
FAM183A,-0.029204393,-19.593124,0.9767015781242716,1.0
AC004637.1,-0.029204393,-19.307468,0.9767015781242716,1.0
CCDC195,-0.029204393,-18.736826,0.9767015781242716,1.0
TRAPPC3L,-0.029204393,-18.977795,0.9767015781242716,1.0
AC040174.2,-0.029204393,-19.275501,0.9767015781242716,1.0
AC020892.2,-0.029204393,-19.35022,0.9767015781242716,1.0
AC020892.1,-0.029204393,-19.17624,0.9767015781242716,1.0
AL450992.1,-0.029204393,-18.997597,0.9767015781242716,1.0
PIGY-DT,-0.029204393,-19.158838,0.9767015781242716,1.0
AC009654.1,-0.029204393,-19.254957,0.9767015781242716,1.0
SLC36A3,-0.029204393,-19.244549,0.9767015781242716,1.0
AC127029.2,-0.029204393,-19.277092,0.9767015781242716,1.0
TRAJ41,-0.029204393,-18.885098,0.9767015781242716,1.0
AL162311.1,-0.029204393,-19.442062,0.9767015781242716,1.0
ADAM7,-0.029204393,-18.839935,0.9767015781242716,1.0
AC025048.1,-0.029204393,-19.252224,0.9767015781242716,1.0
DHRS2,-0.029204393,-19.370522,0.9767015781242716,1.0
TRAJ39,-0.029204393,-18.977093,0.9767015781242716,1.0
LINC01288,-0.029204393,-19.744402,0.9767015781242716,1.0
LINC02719,-0.029204393,-19.172338,0.9767015781242716,1.0
AC005696.1,-0.029204393,-19.306833,0.9767015781242716,1.0
GPR55,-0.029204393,-19.183428,0.9767015781242716,1.0
AP000345.2,-0.029204393,-19.354696,0.9767015781242716,1.0
AC006398.1,-0.029204393,-18.39262,0.9767015781242716,1.0
LRRC25,-0.029204393,-19.261564,0.9767015781242716,1.0
LBX2,-0.029204393,-19.58574,0.9767015781242716,1.0
GPR83,-0.029204393,-19.194328,0.9767015781242716,1.0
AL133405.1,-0.029204393,-19.247847,0.9767015781242716,1.0
SYCE3,-0.029204393,-19.518879,0.9767015781242716,1.0
AL158211.2,-0.029204393,-19.315126,0.9767015781242716,1.0
AC073987.1,-0.029204393,-19.039482,0.9767015781242716,1.0
MEOX1,-0.029204393,-18.823153,0.9767015781242716,1.0
AL031587.3,-0.029204393,-19.536615,0.9767015781242716,1.0
AC113398.2,-0.029204393,-19.446405,0.9767015781242716,1.0
AC099684.3,-0.029204393,-19.35293,0.9767015781242716,1.0
AC106874.1,-0.029204393,-19.351524,0.9767015781242716,1.0
AL359091.1,-0.029204393,-18.996378,0.9767015781242716,1.0
TNFRSF13B,-0.029204393,-18.742136,0.9767015781242716,1.0
SPIC,-0.029204393,-19.530935,0.9767015781242716,1.0
H19,-0.029204393,-19.43824,0.9767015781242716,1.0
LINC02689,-0.029204393,-19.492107,0.9767015781242716,1.0
ELF5,-0.029204393,-19.696898,0.9767015781242716,1.0
F8A1,-0.029204393,-19.428246,0.9767015781242716,1.0
AC144836.1,-0.029204393,-19.135056,0.9767015781242716,1.0
NPY1R,-0.029204393,-19.246906,0.9767015781242716,1.0
GPR12,-0.029204393,-18.950102,0.9767015781242716,1.0
AC074254.2,-0.029204393,-19.300558,0.9767015781242716,1.0
RIPK4,-0.029204393,-19.204922,0.9767015781242716,1.0
AC095350.1,-0.029204393,-19.25418,0.9767015781242716,1.0
C9orf50,-0.029204393,-19.145916,0.9767015781242716,1.0
AC021088.1,-0.029204393,-19.016417,0.9767015781242716,1.0
AL049629.1,-0.029204393,-18.840088,0.9767015781242716,1.0
AC090398.1,-0.029204393,-18.572353,0.9767015781242716,1.0
AC108448.3,-0.029204393,-18.917398,0.9767015781242716,1.0
AL139234.1,-0.029204393,-19.378408,0.9767015781242716,1.0
SYT6,-0.029204393,-19.36739,0.9767015781242716,1.0
AC008149.1,-0.029204393,-19.057262,0.9767015781242716,1.0
AC026474.1,-0.029204393,-19.120377,0.9767015781242716,1.0
AP001790.1,-0.029204393,-19.059925,0.9767015781242716,1.0
TTTY4B,-0.029204393,-19.25632,0.9767015781242716,1.0
HNF4A-AS1,-0.029204393,-19.544125,0.9767015781242716,1.0
TMPRSS4,-0.029204393,-19.476324,0.9767015781242716,1.0
CLEC17A,-0.029204393,-18.832033,0.9767015781242716,1.0
AP000915.2,-0.029204393,-18.979406,0.9767015781242716,1.0
AL136964.1,-0.029204393,-19.426277,0.9767015781242716,1.0
CLRN2,-0.029204393,-19.592068,0.9767015781242716,1.0
LINC00293,-0.029204393,-19.426714,0.9767015781242716,1.0
CA3-AS1,-0.029204393,-19.44949,0.9767015781242716,1.0
TRPC3,-0.029204393,-18.754086,0.9767015781242716,1.0
FO393415.3,-0.029204393,-19.342087,0.9767015781242716,1.0
PARD6A,-0.029204393,-19.167913,0.9767015781242716,1.0
AL355472.3,-0.029204393,-19.524916,0.9767015781242716,1.0
AC090371.2,-0.029204393,-18.940664,0.9767015781242716,1.0
PGA4,-0.029204393,-19.13013,0.9767015781242716,1.0
AL356317.2,-0.029204393,-19.272827,0.9767015781242716,1.0
LINC02480,-0.029204393,-18.99413,0.9767015781242716,1.0
CWH43,-0.029204393,-19.017567,0.9767015781242716,1.0
AC092943.2,-0.029204393,-19.27968,0.9767015781242716,1.0
AC108860.2,-0.029204393,-18.642017,0.9767015781242716,1.0
LYZL6,-0.029204393,-19.411108,0.9767015781242716,1.0
AL161636.1,-0.029204393,-19.460821,0.9767015781242716,1.0
CSTA,-0.029204393,-19.281786,0.9767015781242716,1.0
LINC01995,-0.029204393,-19.104088,0.9767015781242716,1.0
CALY,-0.029204393,-19.193373,0.9767015781242716,1.0
AC015967.1,-0.029204393,-19.02663,0.9767015781242716,1.0
TNS4,-0.029204393,-19.346107,0.9767015781242716,1.0
AC125257.2,-0.029204393,-18.969868,0.9767015781242716,1.0
AL049649.1,-0.029204393,-19.351295,0.9767015781242716,1.0
AL391807.1,-0.029204393,-19.118856,0.9767015781242716,1.0
AC073573.1,-0.029204393,-19.22804,0.9767015781242716,1.0
PDE1B,-0.029204393,-19.30175,0.9767015781242716,1.0
AC026320.1,-0.029204393,-19.279364,0.9767015781242716,1.0
MED14OS,-0.029204393,-19.280313,0.9767015781242716,1.0
LINC01387,-0.029204393,-19.102121,0.9767015781242716,1.0
AP005900.1,-0.029204393,-19.251514,0.9767015781242716,1.0
AP005209.2,-0.029204393,-19.072104,0.9767015781242716,1.0
AL133244.2,-0.029204393,-19.166601,0.9767015781242716,1.0
AC095059.1,-0.029204393,-18.582682,0.9767015781242716,1.0
IL27,-0.029204393,-19.026817,0.9767015781242716,1.0
LINC02473,-0.029204393,-19.176893,0.9767015781242716,1.0
AC022034.1,-0.029204393,-18.863037,0.9767015781242716,1.0
AC064807.4,-0.029204393,-19.208048,0.9767015781242716,1.0
CRTAM,-0.029204393,-19.292513,0.9767015781242716,1.0
AC244093.3,-0.029204393,-19.056408,0.9767015781242716,1.0
AC008403.2,-0.029204393,-19.022299,0.9767015781242716,1.0
AL031726.2,-0.029204393,-19.016472,0.9767015781242716,1.0
CASC9,-0.029204393,-19.000175,0.9767015781242716,1.0
AC016573.1,-0.029204393,-19.477484,0.9767015781242716,1.0
AL158835.2,-0.029204393,-19.209051,0.9767015781242716,1.0
AC079304.1,-0.029204393,-19.329762,0.9767015781242716,1.0
LINC02832,-0.029234223,0.17237467,0.9766777867159312,1.0
AP001363.2,-0.02924914,0.050158173,0.9766658910195403,1.0
AC091178.2,-0.02924914,0.018618872,0.9766658910195403,1.0
ACAP1,-0.02924914,-0.022964947,0.9766658910195403,1.0
MME,-0.029264053,-0.11520853,0.9766539953283389,1.0
AP005136.4,-0.029286427,-0.37810662,0.9766361518012732,1.0
AL391421.1,-0.029293885,-0.14400691,0.9766302039615157,1.0
AL512427.2,-0.029293885,-0.38266614,0.9766302039615157,1.0
AC087612.1,-0.029301343,-0.31001103,0.9766242561230576,1.0
AC138932.5,-0.029316258,-0.5431374,0.9766123604500407,1.0
TRANK1,-0.029323716,-0.37617335,0.9766064126154829,1.0
AC007848.2,-0.029323716,-0.5629514,0.9766064126154829,1.0
SLC2A5,-0.029338632,-0.7390105,0.9765945169502694,1.0
AC072061.1,-0.029338632,-0.7096254,0.9765945169502694,1.0
AL596087.3,-0.029338632,-0.5794269,0.9765945169502694,1.0
ELAVL4,-0.029346088,-0.71604985,0.9765885691196146,1.0
PLSCR3,-0.029346088,-0.45450136,0.9765885691196146,1.0
LINC01508,-0.029346088,-0.6217265,0.9765885691196146,1.0
AC099796.2,-0.029346088,0.15363619,0.9765885691196146,1.0
TMEM200B,-0.029353546,-0.7566844,0.9765826212902615,1.0
MYOZ3,-0.029353546,-1.0238018,0.9765826212902615,1.0
C5orf17,-0.029361004,-0.7523068,0.9765766734622104,1.0
TUSC1,-0.029383378,-0.96904796,0.9765588299858728,1.0
NTRK2,-0.029398292,-1.8493825,0.9765469343414973,1.0
KLHL33,-0.029398292,-0.16288164,0.9765469343414973,1.0
AC022167.1,-0.029420666,-0.058956064,0.9765290908847151,1.0
SSC5D,-0.029428124,-2.3415613,0.9765231430683973,1.0
AC005993.1,-0.029428124,-2.1667259,0.9765231430683973,1.0
LINC02492,-0.02943558,-2.683716,0.9765171952533848,1.0
AC020978.1,-0.02943558,-1.8500644,0.9765171952533848,1.0
AF274853.1,-0.029443039,-0.37064657,0.976511247439678,1.0
CHRNB3,-0.029457955,-2.6304126,0.9764993518161827,1.0
MYCBPAP,-0.029457955,-2.4075303,0.9764993518161827,1.0
ZACN,-0.029465413,-0.39113763,0.976493404006395,1.0
FAM87B,-0.029487785,-0.11324985,0.9764755605848748,1.0
AC080112.4,-0.029487785,-0.27102128,0.9764755605848748,1.0
TEX49,-0.029495243,-0.43359107,0.9764696127803171,1.0
LINC01950,-0.029525073,-0.26613116,0.9764458215751723,1.0
AC010442.1,-0.029562362,-0.7141357,0.9764160825982108,1.0
PNPLA1,-0.029644398,-1.19049,0.9763506569643476,1.0
AC015917.2,-0.029644398,-1.0865076,0.9763506569643476,1.0
STARD13-AS,-0.0296705,0.049162213,0.9763298397505548,1.0
AC005487.1,-0.029726433,-1.5529885,0.9762852314895911,1.0
AC099791.3,-0.02973389,-1.4843577,0.9762792837270635,1.0
AC011700.1,-0.02980101,-0.4577209,0.9762257539237049,1.0
AC005775.1,-0.029815925,-2.2277558,0.9762138584263795,1.0
AL158835.1,-0.029823381,-2.1100388,0.9762079106797005,1.0
AL807752.2,-0.02983084,-0.5800935,0.9762019629343442,1.0
ZNF264,-0.029856943,-0.20773612,0.9761811458360199,1.0
AP000254.2,-0.029987453,-0.1783095,0.9760770605880309,1.0
AC009248.3,-0.030114233,-1.1573509,0.9759759495943158,1.0
OPRD1,-0.030129148,-0.38733122,0.9759640542086384,1.0
AL606468.1,-0.030166438,-0.39647874,0.9759343157678378,1.0
AC019257.1,-0.03028576,-0.6862424,0.9758391529822749,1.0
AC010186.3,-0.030337965,-0.56702334,0.9757975193716512,1.0
RAB13,-0.030427456,-0.42620695,0.9757261476211937,1.0
AF001548.2,-0.030509492,-0.92313635,0.9756607236873223,1.0
DOC2A,-0.030531865,-0.13246278,0.9756428808246665,1.0
CAVIN4,-0.030658646,-0.3374423,0.9755417715001039,1.0
YTHDF2,-0.030729495,-0.06216642,0.975485269401566,1.0
AL353768.2,-0.030815259,-0.027349677,0.9754168722889994,1.0
TMEM115,-0.030867461,-0.35425922,0.9753752393524283,1.0
AC107993.1,-0.030956954,-0.5067391,0.9753038687601644,1.0
LIME1,-0.030960683,-0.46352074,0.9753008949897737,1.0
WASF1,-0.031258993,-0.034527212,0.9750629944743849,1.0
MBOAT4,-0.03132984,-0.7398827,0.9750064934271864,1.0
SHC4,-0.03145662,-0.3177923,0.9749053866032923,1.0
AP001350.1,-0.031471536,-0.739267,0.9748934917093123,1.0
PHYHD1,-0.031602047,-0.111890756,0.9747894116254538,1.0
NFYA,-0.031669166,-0.2913471,0.9747358848922226,1.0
LINC02054,-0.03168781,0.6129143,0.9747210163753955,1.0
AL355347.1,-0.03169154,-0.47839937,0.9747180426730842,1.0
AL023806.1,-0.031725097,0.45457923,0.9746912793680995,1.0
AC020978.5,-0.03175866,-0.3801458,0.9746645160916093,1.0
AC010201.2,-0.03184815,0.66792244,0.9745931474938374,1.0
ZBTB33,-0.03185188,-0.076453425,0.9745901738066739,1.0
A4GALT,-0.03185561,0.3256105,0.9745872001198637,1.0
FAM66A,-0.03185934,-19.367682,0.9745842264334066,1.0
AP001993.1,-0.03185934,-19.01221,0.9745842264334066,1.0
AC006058.3,-0.03185934,-19.7599,0.9745842264334066,1.0
AL021578.1,-0.03185934,-19.607132,0.9745842264334066,1.0
AC012533.1,-0.03185934,-19.38542,0.9745842264334066,1.0
AL356022.1,-0.03185934,-19.097855,0.9745842264334066,1.0
AC007271.1,-0.03185934,-19.119694,0.9745842264334066,1.0
LINC01637,-0.03185934,-19.345316,0.9745842264334066,1.0
CNGA3,-0.03185934,-19.061167,0.9745842264334066,1.0
MAST4-AS1,-0.03185934,-19.59285,0.9745842264334066,1.0
AC055874.1,-0.03185934,-19.604116,0.9745842264334066,1.0
AC007326.5,-0.03185934,-19.31172,0.9745842264334066,1.0
GABRG1,-0.03185934,-19.725817,0.9745842264334066,1.0
AC136285.3,-0.03185934,-19.172714,0.9745842264334066,1.0
AC243772.2,-0.03185934,-19.417952,0.9745842264334066,1.0
AL354892.2,-0.03185934,-19.493425,0.9745842264334066,1.0
AC100849.2,-0.03185934,-19.188955,0.9745842264334066,1.0
AC022165.1,-0.03185934,-18.782326,0.9745842264334066,1.0
AL445985.2,-0.03185934,-19.394226,0.9745842264334066,1.0
UNC5B-AS1,-0.03185934,-19.436035,0.9745842264334066,1.0
NPTX1,-0.03185934,-19.742867,0.9745842264334066,1.0
AL606516.1,-0.03185934,-19.498278,0.9745842264334066,1.0
DIRAS1,-0.03185934,-19.48036,0.9745842264334066,1.0
AC136628.4,-0.03185934,-19.382175,0.9745842264334066,1.0
AC016598.2,-0.03185934,-19.439865,0.9745842264334066,1.0
NXPE2,-0.03185934,-19.13908,0.9745842264334066,1.0
AC133634.1,-0.03185934,-19.33356,0.9745842264334066,1.0
AC092994.1,-0.03185934,-19.415773,0.9745842264334066,1.0
AL512356.4,-0.03185934,-19.482742,0.9745842264334066,1.0
AL133405.2,-0.03185934,-19.232681,0.9745842264334066,1.0
AC005381.1,-0.03185934,-19.335453,0.9745842264334066,1.0
AC009486.2,-0.03185934,-19.002163,0.9745842264334066,1.0
AC113618.2,-0.03185934,-19.33701,0.9745842264334066,1.0
AC021736.1,-0.03185934,-19.207571,0.9745842264334066,1.0
AC016598.1,-0.03185934,-19.384483,0.9745842264334066,1.0
AP000547.3,-0.03185934,-18.953865,0.9745842264334066,1.0
AC087501.3,-0.03185934,-19.47694,0.9745842264334066,1.0
BSN-DT,-0.03185934,-19.2504,0.9745842264334066,1.0
LINC00381,-0.03185934,-19.574436,0.9745842264334066,1.0
FLG2,-0.03185934,-19.37241,0.9745842264334066,1.0
LINC02351,-0.03185934,-19.46244,0.9745842264334066,1.0
AC026116.1,-0.03185934,-18.976479,0.9745842264334066,1.0
LINC01996,-0.03185934,-19.448248,0.9745842264334066,1.0
AC005394.1,-0.03185934,-19.3452,0.9745842264334066,1.0
STMN2,-0.03185934,-19.555687,0.9745842264334066,1.0
ZNF426-DT,-0.03185934,-19.076681,0.9745842264334066,1.0
AL355053.1,-0.03185934,-19.406446,0.9745842264334066,1.0
OR14J1,-0.03185934,-19.005482,0.9745842264334066,1.0
LINC01516,-0.03185934,-19.40199,0.9745842264334066,1.0
FOXCUT,-0.03185934,-19.466774,0.9745842264334066,1.0
AL354950.1,-0.03185934,-19.049936,0.9745842264334066,1.0
AP000777.1,-0.03185934,-19.246994,0.9745842264334066,1.0
AC103952.1,-0.03185934,-19.351545,0.9745842264334066,1.0
AC093843.2,-0.03185934,-19.537819,0.9745842264334066,1.0
AC131235.2,-0.03185934,-19.530846,0.9745842264334066,1.0
FO393415.1,-0.03185934,-19.231886,0.9745842264334066,1.0
DGKK,-0.03185934,-19.572607,0.9745842264334066,1.0
TRAJ37,-0.03185934,-19.484022,0.9745842264334066,1.0
AL356218.2,-0.03185934,-19.41535,0.9745842264334066,1.0
GUCY2F,-0.03185934,-19.428638,0.9745842264334066,1.0
AC005234.2,-0.03185934,-19.40967,0.9745842264334066,1.0
ATP6V1B1,-0.03185934,-19.663668,0.9745842264334066,1.0
AL357146.1,-0.03185934,-19.288303,0.9745842264334066,1.0
AL359382.2,-0.03185934,-18.670261,0.9745842264334066,1.0
ATXN2-AS,-0.03185934,-19.473904,0.9745842264334066,1.0
AL121581.2,-0.03185934,-19.599815,0.9745842264334066,1.0
ETNPPL,-0.03185934,-19.29657,0.9745842264334066,1.0
CCL17,-0.03185934,-19.293383,0.9745842264334066,1.0
AC010422.1,-0.03185934,-19.430391,0.9745842264334066,1.0
ENTPD2,-0.03185934,-19.680132,0.9745842264334066,1.0
AL356740.2,-0.03185934,-19.403803,0.9745842264334066,1.0
AL160396.1,-0.03185934,-19.343075,0.9745842264334066,1.0
ZNF679,-0.03185934,-19.303635,0.9745842264334066,1.0
AL133410.2,-0.03185934,-19.369917,0.9745842264334066,1.0
AL391704.1,-0.03185934,-19.523859,0.9745842264334066,1.0
AC073172.1,-0.03185934,-19.538618,0.9745842264334066,1.0
AC079949.3,-0.03185934,-19.281446,0.9745842264334066,1.0
AL137003.2,-0.03185934,-18.95885,0.9745842264334066,1.0
LPAR3,-0.03185934,-19.215395,0.9745842264334066,1.0
LINC02218,-0.03185934,-19.445843,0.9745842264334066,1.0
DPPA2,-0.03185934,-19.584002,0.9745842264334066,1.0
AC092916.1,-0.03185934,-19.52522,0.9745842264334066,1.0
NACAD,-0.03185934,-19.550274,0.9745842264334066,1.0
GC,-0.03185934,-19.435171,0.9745842264334066,1.0
OR5AU1,-0.03185934,-19.485975,0.9745842264334066,1.0
NACA2,-0.03185934,-19.659025,0.9745842264334066,1.0
SLC6A7,-0.03185934,-19.018215,0.9745842264334066,1.0
APOBEC3D,-0.03185934,-19.61916,0.9745842264334066,1.0
AC007608.2,-0.03185934,-19.409344,0.9745842264334066,1.0
AC008278.1,-0.03185934,-19.185658,0.9745842264334066,1.0
LINC01793,-0.03185934,-19.17169,0.9745842264334066,1.0
FUT5,-0.03185934,-18.886354,0.9745842264334066,1.0
AL591463.1,-0.03185934,-19.384426,0.9745842264334066,1.0
AC007601.2,-0.03185934,-19.42622,0.9745842264334066,1.0
LINC01740,-0.03185934,-19.480162,0.9745842264334066,1.0
AC010761.5,-0.03185934,-19.576439,0.9745842264334066,1.0
FGF16,-0.03185934,-19.430637,0.9745842264334066,1.0
AC090735.1,-0.03185934,-19.154379,0.9745842264334066,1.0
CCKAR,-0.03185934,-19.44443,0.9745842264334066,1.0
AC091849.2,-0.03185934,-18.857992,0.9745842264334066,1.0
AC011446.2,-0.03185934,-19.397463,0.9745842264334066,1.0
SLC6A18,-0.03185934,-19.380121,0.9745842264334066,1.0
AC009623.3,-0.03185934,-19.176256,0.9745842264334066,1.0
LINC02588,-0.03185934,-19.53847,0.9745842264334066,1.0
AL731533.2,-0.03185934,-19.377502,0.9745842264334066,1.0
Z73429.1,-0.03185934,-18.963795,0.9745842264334066,1.0
AC005838.2,-0.03185934,-19.262262,0.9745842264334066,1.0
CACNA1C-AS4,-0.03185934,-19.35839,0.9745842264334066,1.0
AP003555.2,-0.03185934,-19.087929,0.9745842264334066,1.0
AC124014.1,-0.03185934,-19.071796,0.9745842264334066,1.0
AC073311.1,-0.03185934,-19.587532,0.9745842264334066,1.0
CFHR5,-0.03185934,-19.049143,0.9745842264334066,1.0
AC004257.1,-0.03185934,-19.615074,0.9745842264334066,1.0
AL353719.1,-0.03185934,-19.53963,0.9745842264334066,1.0
AL445648.1,-0.03185934,-19.372515,0.9745842264334066,1.0
CCL23,-0.03185934,-19.136587,0.9745842264334066,1.0
LIMS2,-0.03185934,-19.191612,0.9745842264334066,1.0
AP001178.1,-0.03185934,-19.521276,0.9745842264334066,1.0
LINC02669,-0.03185934,-19.350445,0.9745842264334066,1.0
STPG3-AS1,-0.03185934,-19.125257,0.9745842264334066,1.0
AP001107.7,-0.03185934,-19.450176,0.9745842264334066,1.0
AC008074.2,-0.03185934,-19.47777,0.9745842264334066,1.0
AC027801.4,-0.03185934,-19.40266,0.9745842264334066,1.0
AC020910.5,-0.03185934,-19.461803,0.9745842264334066,1.0
LINC02777,-0.03185934,-19.460096,0.9745842264334066,1.0
AL139081.1,-0.03185934,-19.051186,0.9745842264334066,1.0
LINC01502,-0.03185934,-19.415274,0.9745842264334066,1.0
FAM124B,-0.03185934,-19.036608,0.9745842264334066,1.0
AC011472.3,-0.03185934,-19.241777,0.9745842264334066,1.0
LINC01682,-0.03185934,-19.551298,0.9745842264334066,1.0
AC022023.2,-0.03185934,-19.521711,0.9745842264334066,1.0
AP005120.1,-0.03185934,-19.540438,0.9745842264334066,1.0
APOBEC1,-0.03185934,-19.390503,0.9745842264334066,1.0
L3MBTL4-AS1,-0.03185934,-18.976076,0.9745842264334066,1.0
AC011731.1,-0.03185934,-19.072569,0.9745842264334066,1.0
AC008752.1,-0.03185934,-19.355518,0.9745842264334066,1.0
AC092834.1,-0.03185934,-19.219563,0.9745842264334066,1.0
AL139801.1,-0.03185934,-19.428007,0.9745842264334066,1.0
C12orf50,-0.031863067,0.37257972,0.9745812527473028,1.0
AL356056.1,-0.031870525,0.38155523,0.9745753053761552,1.0
AC087893.2,-0.03187798,-0.0052450113,0.9745693580064213,1.0
AL359764.2,-0.03187798,0.052898757,0.9745693580064213,1.0
OR7C1,-0.031885438,0.046159346,0.9745634106381013,1.0
AC078852.1,-0.031900354,-0.17440791,0.9745515159057041,1.0
FPR1,-0.03190781,-0.15166388,0.9745455685416278,1.0
AC090282.1,-0.03190781,-0.20171385,0.9745455685416278,1.0
AP000542.2,-0.03191527,-0.16008541,0.9745396211789666,1.0
DRP2,-0.031922728,-0.25250036,0.974533673817721,1.0
LINC02067,-0.031922728,-0.29044405,0.974533673817721,1.0
AC016629.2,-0.031926457,0.27319044,0.9745307001376292,1.0
AC005089.1,-0.031930186,0.05006705,0.9745277264578913,1.0
KF456478.1,-0.03195256,-0.44715574,0.9745098843869009,1.0
CAGE1,-0.03195629,0.06259923,0.9745069107096423,1.0
UPK1A-AS1,-0.031960018,-0.38533327,0.9745039370327381,1.0
AF181450.1,-0.031960018,-0.41601536,0.9745039370327381,1.0
DMRT1,-0.03197493,-0.50343484,0.9744920423286655,1.0
C22orf23,-0.03198239,-0.6360562,0.9744860949787563,1.0
AC093425.1,-0.031986117,0.13671479,0.9744831213043336,1.0
AL121750.1,-0.031997304,0.054409392,0.9744742002831938,1.0
AC099518.4,-0.031997304,-0.67351335,0.9744742002831938,1.0
SPATA21,-0.032004762,-0.21954447,0.9744682529375411,1.0
AC025181.2,-0.032004762,-0.5909598,0.9744682529375411,1.0
CACNG1,-0.03201968,-1.1689042,0.9744563582504949,1.0
FAM41C,-0.032042053,-0.04601987,0.9744385162305776,1.0
GLI3,-0.032049507,-1.2913316,0.9744325688934472,1.0
NKX6-2,-0.032049507,-1.6191607,0.9744325688934472,1.0
C5orf47,-0.032056965,-1.0425216,0.9744266215577382,1.0
ZNF454,-0.032056965,-2.0076222,0.9744266215577382,1.0
AC124248.1,-0.032064423,-1.6917944,0.974420674223451,1.0
AL512356.5,-0.032064423,-2.0453246,0.974420674223451,1.0
DOLK,-0.032068152,-0.39585322,0.9744177005568407,1.0
AL358852.1,-0.03207188,-1.8789067,0.9744147268905861,1.0
SLC30A3,-0.03207561,-0.22310469,0.974411753224687,1.0
C22orf34,-0.03207934,-1.9402491,0.9744087795591435,1.0
COX7B2,-0.03207934,-1.8606361,0.9744087795591435,1.0
C3orf18,-0.03207934,-1.886988,0.9744087795591435,1.0
AF129408.1,-0.032086797,-2.6946213,0.9744028322291239,1.0
LINC01303,-0.032086797,-2.3770754,0.9744028322291239,1.0
AC105020.2,-0.032090526,-0.43736872,0.9743998585646477,1.0
AC104663.1,-0.032094255,-2.4190571,0.9743968849005274,1.0
IKZF1,-0.032097984,-0.24694537,0.974393911236763,1.0
AL035587.3,-0.0321129,-0.48886535,0.9743820165852647,1.0
PRKCQ-AS1,-0.032124087,-0.014609022,0.9743730956003797,1.0
SLC26A5,-0.032153916,-0.042100053,0.974349306323029,1.0
ZNF396,-0.032157645,-0.4743891,0.9743463326649641,1.0
RGS19,-0.032161374,-0.12766077,0.9743433590072558,1.0
TMC3-AS1,-0.03217256,-0.62310207,0.9743344380362707,1.0
AC011228.2,-0.032191206,0.023344152,0.974319569758431,1.0
LINC01386,-0.03220612,-0.2096746,0.9743076751425841,1.0
TTC39C-AS1,-0.032247137,-0.8590691,0.9742749649784745,1.0
PYDC1,-0.032262053,-0.9567529,0.9742630703840679,1.0
AC115282.1,-0.032262053,-0.9034436,0.9742630703840679,1.0
FOSB,-0.0322807,-0.34575298,0.9742482021491089,1.0
MKNK1-AS1,-0.032284427,-0.84380007,0.9742452285031907,1.0
SCN1A-AS1,-0.032321714,0.073023155,0.9742154920637048,1.0
ING2,-0.032351546,-0.1129371,0.9741917029379183,1.0
AC233280.1,-0.03237392,-0.2119771,0.9741738611086437,1.0
TRIM21,-0.03240002,-0.43364856,0.9741530456574904,1.0
AC084083.1,-0.032411207,-1.5428576,0.9741441247552414,1.0
PTPRR,-0.03243358,-1.8862782,0.9741262829604477,1.0
AQP7,-0.032463413,-2.0096886,0.9741024939208637,1.0
POU5F2,-0.03247833,0.11703803,0.9740905994097094,1.0
AC017083.2,-0.032485783,-0.43217546,0.9740846521562929,1.0
AC069234.1,-0.032776635,-0.28540716,0.9738527104001671,1.0
PDE9A,-0.032828838,-0.23613177,0.973811080062037,1.0
DBR1,-0.03285121,-0.1974848,0.9737932385103867,1.0
AC073517.1,-0.03285867,-0.6820926,0.9737872913294168,1.0
AC005180.1,-0.032884773,-0.3897588,0.9737664762075012,1.0
HEPHL1,-0.03292579,-0.033229306,0.9737337667663091,1.0
THAP1,-0.032977995,-0.366822,0.9736921366323248,1.0
CLVS1,-0.033007823,-0.27704075,0.9736683480165048,1.0
LURAP1L,-0.033093587,-0.40616232,0.9735999558765719,1.0
CRELD1,-0.0332241,0.042522054,0.9734958812536354,1.0
DGCR9,-0.033343423,-1.2141857,0.9734007277075317,1.0
AC009558.1,-0.033403084,-0.63815516,0.9733531510763634,1.0
CTU1,-0.03348512,0.18030526,0.9732877333633562,1.0
AP000240.1,-0.033917665,-0.68929154,0.9729428065859307,1.0
AL358472.4,-0.033928853,-0.21536247,0.9729338861326754,1.0
AC010531.3,-0.034051903,0.2169613,0.9728357613705716,1.0
PCDH7,-0.034230888,-0.41729462,0.9726930351782441,1.0
SDHAF1,-0.034238346,0.18939081,0.972687088272509,1.0
TUBB8,-0.034305464,-0.47156096,0.9726335661892646,1.0
SAMMSON,-0.034335297,0.23792017,0.9726097786362549,1.0
WIPF3,-0.03445835,-0.071355484,0.9725116552378623,1.0
UBL4A,-0.034499366,0.07507869,0.9724789475307825,1.0
AC098828.2,-0.034514282,-19.108488,0.9724670538305895,1.0
LEMD1-AS1,-0.034514282,-19.63387,0.9724670538305895,1.0
PANCR,-0.034514282,-19.479383,0.9724670538305895,1.0
SPATA3-AS1,-0.034514282,-19.504585,0.9724670538305895,1.0
AC025475.1,-0.034514282,-19.10899,0.9724670538305895,1.0
AC061992.2,-0.034514282,-19.606108,0.9724670538305895,1.0
AC007638.1,-0.034514282,-19.592237,0.9724670538305895,1.0
LINC02169,-0.034514282,-19.460423,0.9724670538305895,1.0
AC009075.1,-0.034514282,-19.335596,0.9724670538305895,1.0
KCNC3,-0.034514282,-19.31739,0.9724670538305895,1.0
SLC22A16,-0.034514282,-19.716547,0.9724670538305895,1.0
AL031055.1,-0.034514282,-19.476513,0.9724670538305895,1.0
SERPINB5,-0.034514282,-19.288946,0.9724670538305895,1.0
BTNL8,-0.034514282,-19.591862,0.9724670538305895,1.0
LY9,-0.034514282,-19.158667,0.9724670538305895,1.0
LINC02030,-0.034514282,-19.486618,0.9724670538305895,1.0
ADAM2,-0.034514282,-19.24431,0.9724670538305895,1.0
AC034236.3,-0.034514282,-19.326754,0.9724670538305895,1.0
AC009054.1,-0.034514282,-19.40489,0.9724670538305895,1.0
ACOT6,-0.034514282,-19.452978,0.9724670538305895,1.0
AC010261.2,-0.034514282,-19.509148,0.9724670538305895,1.0
TDRD1,-0.034514282,-19.115643,0.9724670538305895,1.0
AL157396.1,-0.034514282,-18.98708,0.9724670538305895,1.0
AC011586.1,-0.034514282,-19.996416,0.9724670538305895,1.0
AC009292.1,-0.034514282,-18.944267,0.9724670538305895,1.0
KRTAP5-11,-0.034514282,-19.36158,0.9724670538305895,1.0
AL355981.1,-0.034514282,-19.430502,0.9724670538305895,1.0
AL135818.1,-0.034514282,-19.26111,0.9724670538305895,1.0
GIMD1,-0.034514282,-19.733618,0.9724670538305895,1.0
MIR5689HG,-0.034514282,-19.553185,0.9724670538305895,1.0
AL356055.1,-0.034514282,-19.512428,0.9724670538305895,1.0
AC010969.1,-0.034514282,-19.528507,0.9724670538305895,1.0
GPRC5C,-0.034514282,-19.31122,0.9724670538305895,1.0
AL138767.2,-0.034514282,-19.466587,0.9724670538305895,1.0
COMP,-0.034514282,-19.759315,0.9724670538305895,1.0
DYDC1,-0.034514282,-19.463234,0.9724670538305895,1.0
AL445430.2,-0.034514282,-19.435253,0.9724670538305895,1.0
MPPED1,-0.034514282,-19.486242,0.9724670538305895,1.0
ADGRG4,-0.034514282,-19.075846,0.9724670538305895,1.0
AC011995.2,-0.034514282,-19.577547,0.9724670538305895,1.0
AP000474.2,-0.034514282,-19.466152,0.9724670538305895,1.0
OASL,-0.034514282,-19.471992,0.9724670538305895,1.0
AC063944.3,-0.034514282,-19.467995,0.9724670538305895,1.0
IL10,-0.034514282,-19.616997,0.9724670538305895,1.0
PVRIG,-0.034514282,-19.551977,0.9724670538305895,1.0
ANKS4B,-0.034514282,-19.384632,0.9724670538305895,1.0
AC009093.4,-0.034514282,-19.270319,0.9724670538305895,1.0
TRBV28,-0.034514282,-19.403576,0.9724670538305895,1.0
HMSD,-0.034514282,-19.12122,0.9724670538305895,1.0
TRAJ24,-0.034514282,-19.333332,0.9724670538305895,1.0
AC009558.2,-0.034514282,-18.891752,0.9724670538305895,1.0
GATA5,-0.034514282,-19.740078,0.9724670538305895,1.0
SYTL5,-0.034514282,-19.376554,0.9724670538305895,1.0
AC011591.1,-0.034514282,-19.258371,0.9724670538305895,1.0
AC011990.1,-0.034514282,-19.557587,0.9724670538305895,1.0
TARM1,-0.034514282,-19.541647,0.9724670538305895,1.0
AC013714.1,-0.034514282,-19.276402,0.9724670538305895,1.0
AC092966.1,-0.034514282,-19.449308,0.9724670538305895,1.0
KCNA2,-0.034514282,-19.01785,0.9724670538305895,1.0
LINC01749,-0.034514282,-19.058315,0.9724670538305895,1.0
PLPP2,-0.034514282,-19.868711,0.9724670538305895,1.0
AC011498.2,-0.034514282,-19.405376,0.9724670538305895,1.0
LINC01661,-0.034514282,-19.248875,0.9724670538305895,1.0
AC005899.3,-0.034514282,-19.440598,0.9724670538305895,1.0
LINC00906,-0.034514282,-19.275774,0.9724670538305895,1.0
AC092574.1,-0.034514282,-19.684555,0.9724670538305895,1.0
AL356747.1,-0.034514282,-19.417543,0.9724670538305895,1.0
LINC02808,-0.034514282,-19.55891,0.9724670538305895,1.0
AC090503.1,-0.034514282,-19.337454,0.9724670538305895,1.0
AC020900.1,-0.034514282,-19.43437,0.9724670538305895,1.0
AC232271.3,-0.034514282,-19.075523,0.9724670538305895,1.0
AC000124.1,-0.034514282,-19.58919,0.9724670538305895,1.0
SYCP1,-0.034514282,-19.639597,0.9724670538305895,1.0
FO680682.1,-0.034514282,-19.66593,0.9724670538305895,1.0
AC096647.1,-0.034514282,-19.509329,0.9724670538305895,1.0
S100A10,-0.034514282,-19.514854,0.9724670538305895,1.0
COL2A1,-0.034514282,-19.792337,0.9724670538305895,1.0
HYAL4,-0.034514282,-18.978142,0.9724670538305895,1.0
GHSR,-0.034514282,-19.292765,0.9724670538305895,1.0
ZNF560,-0.034514282,-19.392826,0.9724670538305895,1.0
BSPH1,-0.034514282,-19.318596,0.9724670538305895,1.0
AC106870.1,-0.034514282,-19.350359,0.9724670538305895,1.0
SIGLEC1,-0.034514282,-19.37001,0.9724670538305895,1.0
AC025031.2,-0.034514282,-18.87869,0.9724670538305895,1.0
Z94057.1,-0.034514282,-19.73336,0.9724670538305895,1.0
LINC01324,-0.034514282,-19.324167,0.9724670538305895,1.0
AL034348.1,-0.034514282,-19.197031,0.9724670538305895,1.0
UGT2B17,-0.034514282,-19.114614,0.9724670538305895,1.0
AC022217.2,-0.034514282,-19.419682,0.9724670538305895,1.0
AC110792.4,-0.034514282,-19.42861,0.9724670538305895,1.0
AC134508.2,-0.034514282,-19.347773,0.9724670538305895,1.0
AL035661.1,-0.034514282,-19.060308,0.9724670538305895,1.0
AC099677.4,-0.034514282,-19.22248,0.9724670538305895,1.0
ZNF197-AS1,-0.034514282,-19.504559,0.9724670538305895,1.0
AL162632.1,-0.034514282,-19.576185,0.9724670538305895,1.0
AC108690.1,-0.034514282,-19.385572,0.9724670538305895,1.0
AP006248.6,-0.034514282,-19.51562,0.9724670538305895,1.0
AP002518.1,-0.034514282,-19.63965,0.9724670538305895,1.0
AL662791.1,-0.034514282,-19.602678,0.9724670538305895,1.0
HORMAD1,-0.034514282,-19.307129,0.9724670538305895,1.0
AC016722.1,-0.034514282,-19.773914,0.9724670538305895,1.0
LINC01243,-0.034514282,-19.583933,0.9724670538305895,1.0
LINC01139,-0.034514282,-19.472397,0.9724670538305895,1.0
PTGS2,-0.034514282,-19.81378,0.9724670538305895,1.0
SCNN1G,-0.034514282,-19.484325,0.9724670538305895,1.0
LINC01594,-0.034514282,-19.24865,0.9724670538305895,1.0
ULBP3,-0.034514282,-19.355673,0.9724670538305895,1.0
AL442067.2,-0.034514282,-19.263151,0.9724670538305895,1.0
LONRF3,-0.034514282,-19.715029,0.9724670538305895,1.0
WNT2,-0.034514282,-19.398441,0.9724670538305895,1.0
AL357140.2,-0.034514282,-19.36723,0.9724670538305895,1.0
FOXD4L6,-0.034514282,-19.677845,0.9724670538305895,1.0
IDH1-AS1,-0.034514282,-19.407366,0.9724670538305895,1.0
CCDC68,-0.034514282,-19.613358,0.9724670538305895,1.0
AC136424.1,-0.034514282,-19.435356,0.9724670538305895,1.0
AC009802.1,-0.034514282,-19.759607,0.9724670538305895,1.0
AL139340.1,-0.034514282,-19.715092,0.9724670538305895,1.0
AC097716.1,-0.034514282,-19.355202,0.9724670538305895,1.0
MANCR,-0.034514282,-19.55956,0.9724670538305895,1.0
AL049795.1,-0.034514282,-19.33946,0.9724670538305895,1.0
Z93930.3,-0.034514282,-19.486658,0.9724670538305895,1.0
AC094105.2,-0.034514282,-19.642962,0.9724670538305895,1.0
AC008875.1,-0.034514282,-19.673655,0.9724670538305895,1.0
RGPD4-AS1,-0.034514282,-19.40121,0.9724670538305895,1.0
AC006213.5,-0.034514282,-19.474213,0.9724670538305895,1.0
AL360182.2,-0.034514282,-19.359423,0.9724670538305895,1.0
KNG1,-0.034514282,-19.513884,0.9724670538305895,1.0
AL589765.6,-0.034514282,-19.297655,0.9724670538305895,1.0
ZSCAN4,-0.034514282,-19.50229,0.9724670538305895,1.0
LINC01564,-0.034514282,-19.636698,0.9724670538305895,1.0
PRDM12,-0.034514282,-19.67656,0.9724670538305895,1.0
LINC01832,-0.034514282,0.3409789,0.9724670538305895,1.0
LINC01020,-0.034514282,-19.326715,0.9724670538305895,1.0
HLA-DOA,-0.034514282,-19.675886,0.9724670538305895,1.0
SPATA22,-0.034514282,-19.573267,0.9724670538305895,1.0
AL662844.4,-0.034536656,-0.009490294,0.9724492132917812,1.0
AC089984.1,-0.034536656,0.011929333,0.9724492132917812,1.0
AC117453.1,-0.034536656,0.05093297,0.9724492132917812,1.0
AP003385.3,-0.034544114,0.053038895,0.9724432664485747,1.0
FREM2-AS1,-0.034551572,-0.2052348,0.9724373196069003,1.0
AC115989.1,-0.034551572,0.106194906,0.9724373196069003,1.0
PTGIS,-0.034559026,-0.09332694,0.9724313727667582,1.0
AC003956.1,-0.034566484,-0.25346237,0.9724254259281487,1.0
AC000032.1,-0.0345814,-0.37949523,0.9724135322555293,1.0
APOBEC4,-0.0345814,-0.19746228,0.9724135322555293,1.0
AC111182.2,-0.03458886,-0.2613794,0.97240758542152,1.0
AC097532.2,-0.03458886,-0.54086936,0.97240758542152,1.0
ANGPT1,-0.03458886,-0.26726952,0.97240758542152,1.0
AC096759.1,-0.034596317,-0.2819754,0.9724016385890446,1.0
AL096677.1,-0.034603775,-0.5721304,0.9723956917581036,1.0
NPFFR1,-0.034611233,-0.40496734,0.9723897449286971,1.0
CSNK2A3,-0.034611233,-0.5075556,0.9723897449286971,1.0
AC073210.3,-0.03461869,-0.5067081,0.9723837981008258,1.0
AC005013.1,-0.03462615,-0.5130748,0.9723778512744897,1.0
ASMT,-0.03462615,0.19119012,0.9723778512744897,1.0
AP000692.2,-0.03462615,-0.53746915,0.9723778512744897,1.0
ELAC1,-0.034633607,0.1118389,0.9723719044496894,1.0
TCP11,-0.034641065,-0.6695232,0.972365957626425,1.0
AC092159.2,-0.03464852,-0.7005608,0.9723600108046969,1.0
MGAM2,-0.034655977,-0.6998574,0.9723540639845055,1.0
DNAJC5G,-0.034655977,-0.6614717,0.9723540639845055,1.0
AL354760.1,-0.034670893,-1.1077611,0.9723421703487339,1.0
NALT1,-0.034674622,-0.24989046,0.972339196940752,1.0
EFNA2,-0.034693267,-1.2685037,0.9723243299066098,1.0
AC005909.2,-0.034693267,-0.24658021,0.9723243299066098,1.0
COL4A2-AS1,-0.034730554,-1.4516561,0.9722945958671798,1.0
NUTM2E,-0.03474547,-2.4543078,0.9722827022621875,1.0
LINC02026,-0.034752928,-2.052284,0.9722767554620025,1.0
AL034349.1,-0.034752928,-2.4224417,0.9722767554620025,1.0
SLC27A3,-0.034760386,-2.444394,0.9722708086633589,1.0
PCDHB5,-0.034760386,-2.655353,0.9722708086633589,1.0
C4orf50,-0.034767844,-2.8551176,0.9722648618662569,1.0
AL512791.2,-0.034767844,-2.6362307,0.9722648618662569,1.0
AC135893.1,-0.03478276,-0.39882576,0.972252968276679,1.0
SQOR,-0.034834962,-0.36527544,0.9722113407617654,1.0
CFAP65,-0.03484242,-0.584882,0.9722053939800976,1.0
AC007216.1,-0.03488717,-0.792269,0.9721697133225524,1.0
KLHL1,-0.034894627,-0.8093645,0.9721637665517083,1.0
AC090921.1,-0.03490954,-0.041275345,0.9721518730146629,1.0
OGFOD2,-0.03490954,-0.12722096,0.9721518730146629,1.0
TAS2R43,-0.034924455,-0.12305678,0.9721399794838104,1.0
ETV3L,-0.034924455,-0.9869214,0.9721399794838104,1.0
ZNF326,-0.034931913,-0.07020974,0.9721340327207073,1.0
SUSD2,-0.034935642,0.0015528293,0.9721310593397366,1.0
CES3,-0.03494683,-0.951111,0.9721221391991489,1.0
LRRC31,-0.034969203,-0.9013909,0.9721042989284363,1.0
AC020765.2,-0.03500649,-1.0868199,0.9720745651749367,1.0
SLC45A1,-0.035021406,-1.3842237,0.9720626716844021,1.0
AP000356.2,-0.035028864,-0.46188828,0.9720567249414644,1.0
PGPEP1,-0.03503632,-0.13571584,0.9720507782000802,1.0
AC074351.1,-0.035051238,-0.57398075,0.9720388847219735,1.0
PPP1R2,-0.035066154,-0.048040934,0.972026991250085,1.0
NDRG4,-0.03510717,0.26499197,0.971994284234474,1.0
AC007342.1,-0.035178017,-0.76069385,0.9719377904093841,1.0
HSPA9,-0.035196662,-0.048682746,0.9719229236366977,1.0
TAF9B,-0.03520039,-0.0027734502,0.971919950283331,1.0
AC078883.2,-0.03520412,-0.11780839,0.9719169769303546,1.0
MTOR-AS1,-0.035233952,-0.13450244,0.9718931901205978,1.0
THAP7,-0.035386834,-0.2210049,0.9717712831134537,1.0
LEFTY1,-0.03546141,-0.3406409,0.9717118165198507,1.0
HIGD2A,-0.035610564,-0.02768838,0.971592883804772,1.0
AC067863.1,-0.035737347,-0.87199664,0.9714917914935295,1.0
C19orf71,-0.035744805,-0.26688316,0.9714858449012339,1.0
C3orf33,-0.03575972,-0.51363456,0.9714739517213986,1.0
TMEM18,-0.036192268,-0.20883857,0.9711290522763167,1.0
NFATC4,-0.03631159,-0.26865867,0.97103390854925,1.0
LMLN,-0.03644956,0.22287977,0.9709238991288076,1.0
MRFAP1,-0.036643457,-0.033388495,0.9707692922302503,1.0
PDGFRB,-0.03683363,0.33810687,0.9706176596082665,1.0
SRD5A3,-0.036878377,-0.20424703,0.9705819814984267,1.0
AL031666.2,-0.03689702,-0.19010408,0.970567115636699,1.0
ZNF114-AS1,-0.03692312,0.31566173,0.9705463034474617,1.0
DALRD3,-0.0369716,-0.007957484,0.9705076522921046,1.0
LEKR1,-0.037120752,0.20255789,0.9703887260951084,1.0
BRWD1-IT1,-0.03715804,0.38203296,0.9703589946486404,1.0
AC091912.3,-0.037169226,-19.522865,0.9703500752227311,1.0
CD22,-0.037169226,-19.416183,0.9703500752227311,1.0
AC004687.1,-0.037169226,-19.88072,0.9703500752227311,1.0
AC010999.2,-0.037169226,-19.547848,0.9703500752227311,1.0
AC092448.1,-0.037169226,-19.68039,0.9703500752227311,1.0
LINCADL,-0.037169226,-19.25242,0.9703500752227311,1.0
AC092546.1,-0.037169226,-19.594154,0.9703500752227311,1.0
AC104984.1,-0.037169226,-19.673113,0.9703500752227311,1.0
CD244,-0.037169226,-19.434391,0.9703500752227311,1.0
LINC02149,-0.037169226,-19.72099,0.9703500752227311,1.0
AC026780.1,-0.037169226,-19.541187,0.9703500752227311,1.0
AC044802.1,-0.037169226,-18.963116,0.9703500752227311,1.0
C1orf87,-0.037169226,-19.912645,0.9703500752227311,1.0
AL121809.1,-0.037169226,-19.60156,0.9703500752227311,1.0
AC006043.1,-0.037169226,-19.507627,0.9703500752227311,1.0
BCAN,-0.037169226,-19.778378,0.9703500752227311,1.0
AC006116.9,-0.037169226,-19.40821,0.9703500752227311,1.0
PTCRA,-0.037169226,-19.796604,0.9703500752227311,1.0
AL731567.1,-0.037169226,-19.952715,0.9703500752227311,1.0
AC005736.2,-0.037169226,-19.346947,0.9703500752227311,1.0
AC025284.1,-0.037169226,-19.539268,0.9703500752227311,1.0
AC063980.1,-0.037169226,-19.39351,0.9703500752227311,1.0
AC008406.2,-0.037169226,-19.713512,0.9703500752227311,1.0
DPT,-0.037169226,-19.601141,0.9703500752227311,1.0
AC113355.1,-0.037169226,-19.715082,0.9703500752227311,1.0
CALML3-AS1,-0.037169226,-19.249567,0.9703500752227311,1.0
LRRC52,-0.037169226,-19.764711,0.9703500752227311,1.0
SLFN5,-0.037169226,-19.691845,0.9703500752227311,1.0
SNHG18,-0.037169226,-19.46818,0.9703500752227311,1.0
AL365256.1,-0.037169226,-19.505705,0.9703500752227311,1.0
AL049839.3,-0.037169226,-19.464478,0.9703500752227311,1.0
AC026495.2,-0.037169226,-19.62562,0.9703500752227311,1.0
AL022316.1,-0.037169226,-19.638498,0.9703500752227311,1.0
AC016575.1,-0.037169226,-19.811348,0.9703500752227311,1.0
TMEM179,-0.037169226,-19.488876,0.9703500752227311,1.0
FAM153B,-0.037169226,-19.283525,0.9703500752227311,1.0
AC139491.4,-0.037169226,-19.92298,0.9703500752227311,1.0
AC104459.1,-0.037169226,-19.493807,0.9703500752227311,1.0
AC068473.3,-0.037169226,-19.444946,0.9703500752227311,1.0
NAV2-AS1,-0.037169226,-19.48013,0.9703500752227311,1.0
ARHGAP26-AS1,-0.037169226,-19.691519,0.9703500752227311,1.0
AL163932.1,-0.037169226,-19.136547,0.9703500752227311,1.0
AC007240.3,-0.037169226,-19.622543,0.9703500752227311,1.0
VAV3-AS1,-0.037169226,-19.837933,0.9703500752227311,1.0
AP002812.5,-0.037169226,-19.398117,0.9703500752227311,1.0
IFI44L,-0.037169226,-19.601831,0.9703500752227311,1.0
RASSF6,-0.037169226,-19.610031,0.9703500752227311,1.0
CD14,-0.037169226,-19.698801,0.9703500752227311,1.0
DENND1C,-0.037169226,-19.560398,0.9703500752227311,1.0
AP006219.3,-0.037169226,-19.540241,0.9703500752227311,1.0
AL033543.1,-0.037169226,-19.58928,0.9703500752227311,1.0
TRAJ31,-0.037169226,-19.149015,0.9703500752227311,1.0
PADI6,-0.037169226,-19.804499,0.9703500752227311,1.0
LINC02810,-0.037169226,-19.789085,0.9703500752227311,1.0
AC091938.1,-0.037169226,-19.526365,0.9703500752227311,1.0
LINC02126,-0.037169226,-19.753746,0.9703500752227311,1.0
AL118511.4,-0.037169226,-19.671722,0.9703500752227311,1.0
FOCAD-AS1,-0.037169226,-19.20103,0.9703500752227311,1.0
B3GNT3,-0.037169226,-19.680408,0.9703500752227311,1.0
GRXCR1,-0.037169226,-19.42779,0.9703500752227311,1.0
AMHR2,-0.037169226,-19.910028,0.9703500752227311,1.0
TRIML2,-0.037169226,-19.345938,0.9703500752227311,1.0
AC008083.2,-0.037169226,-19.271488,0.9703500752227311,1.0
AC099343.4,-0.037169226,-19.475092,0.9703500752227311,1.0
AL049712.1,-0.037169226,-19.545834,0.9703500752227311,1.0
HK3,-0.037169226,-19.4198,0.9703500752227311,1.0
AC008567.2,-0.037169226,-19.56105,0.9703500752227311,1.0
LINC01467,-0.037169226,-19.317387,0.9703500752227311,1.0
MUCL1,-0.037169226,-19.831266,0.9703500752227311,1.0
AC004771.3,-0.037169226,-19.322605,0.9703500752227311,1.0
C17orf100,-0.037169226,-19.78688,0.9703500752227311,1.0
SP5,-0.037169226,-19.650776,0.9703500752227311,1.0
AC062004.1,-0.037169226,-19.447653,0.9703500752227311,1.0
AC021504.1,-0.037169226,-19.451834,0.9703500752227311,1.0
AL121894.2,-0.037169226,-19.735865,0.9703500752227311,1.0
AC006213.7,-0.037169226,-19.498573,0.9703500752227311,1.0
AC006449.5,-0.037169226,-19.686024,0.9703500752227311,1.0
AC114489.1,-0.037169226,-19.60277,0.9703500752227311,1.0
AL355304.1,-0.037169226,-19.777042,0.9703500752227311,1.0
CD34,-0.037169226,-19.575338,0.9703500752227311,1.0
AC136777.1,-0.037169226,-19.516567,0.9703500752227311,1.0
ZNF492,-0.037169226,-19.49675,0.9703500752227311,1.0
OTOP3,-0.037169226,-19.7036,0.9703500752227311,1.0
AP002957.1,-0.037169226,-19.763931,0.9703500752227311,1.0
SPINK7,-0.037169226,-19.732065,0.9703500752227311,1.0
LINC00114,-0.037169226,-19.202337,0.9703500752227311,1.0
AC066580.1,-0.037169226,-19.409212,0.9703500752227311,1.0
KIF1A,-0.037169226,-19.860048,0.9703500752227311,1.0
ASPA,-0.037169226,-19.400496,0.9703500752227311,1.0
AC092375.2,-0.037169226,-19.693495,0.9703500752227311,1.0
AP001207.3,-0.037169226,-19.993843,0.9703500752227311,1.0
AC091196.1,-0.037169226,-19.855444,0.9703500752227311,1.0
AC092058.1,-0.037169226,-19.651167,0.9703500752227311,1.0
DTX4,-0.037169226,-19.571735,0.9703500752227311,1.0
NCBP2L,-0.037169226,-19.470427,0.9703500752227311,1.0
SLC13A1,-0.037169226,-19.537853,0.9703500752227311,1.0
AC010336.2,-0.037169226,-19.52724,0.9703500752227311,1.0
FAM92B,-0.037169226,-19.059816,0.9703500752227311,1.0
AL031676.1,-0.037169226,-19.45614,0.9703500752227311,1.0
LINC02188,-0.037169226,-19.232769,0.9703500752227311,1.0
AC092376.3,-0.037169226,-19.764208,0.9703500752227311,1.0
GHRH,-0.037169226,-19.394024,0.9703500752227311,1.0
AL133419.1,-0.037169226,-19.67074,0.9703500752227311,1.0
AC084346.1,-0.037169226,-19.27051,0.9703500752227311,1.0
AL137847.1,-0.037169226,-19.06117,0.9703500752227311,1.0
AC010931.2,-0.037169226,-19.839745,0.9703500752227311,1.0
AC007029.1,-0.037169226,-19.500484,0.9703500752227311,1.0
AL359091.5,-0.037169226,-19.514565,0.9703500752227311,1.0
AL022318.5,-0.037169226,-19.686203,0.9703500752227311,1.0
SYNGR4,-0.037169226,-19.473362,0.9703500752227311,1.0
C1R,-0.037169226,-19.956017,0.9703500752227311,1.0
LINC01551,-0.037169226,-19.290869,0.9703500752227311,1.0
LINC00671,-0.037169226,-19.359255,0.9703500752227311,1.0
LINC01789,-0.037169226,-19.506025,0.9703500752227311,1.0
AC136469.1,-0.037169226,-19.877077,0.9703500752227311,1.0
AC113410.4,-0.037169226,-19.371677,0.9703500752227311,1.0
AL110115.1,-0.037169226,-19.588512,0.9703500752227311,1.0
CT70,-0.037169226,-19.420973,0.9703500752227311,1.0
AC124017.1,-0.037169226,-19.49265,0.9703500752227311,1.0
AL161421.1,-0.037169226,-19.993721,0.9703500752227311,1.0
ZNF233,-0.03718414,0.10007662,0.9703381826606212,1.0
AC005840.4,-0.03718787,0.14223225,0.9703352095211243,1.0
AL591686.2,-0.037202787,-0.2042256,0.9703233169672597,1.0
VSTM4,-0.037210245,-0.050050028,0.9703173706928019,1.0
KLC2,-0.037217703,-0.18168983,0.9703114244199942,1.0
AC018742.1,-0.03722516,-0.18573788,0.9703054781488369,1.0
ADAM18,-0.03724753,-0.42073545,0.9702876393452711,1.0
CXCL14,-0.03724753,-0.48502618,0.9702876393452711,1.0
AL035670.1,-0.03725499,-0.41520455,0.9702816930807189,1.0
AP003680.1,-0.03725499,-0.50288886,0.9702816930807189,1.0
AC114341.2,-0.03725499,-0.44637793,0.9702816930807189,1.0
CHADL,-0.03725499,-0.42413265,0.9702816930807189,1.0
AC080013.6,-0.03725499,-0.49879304,0.9702816930807189,1.0
AC092490.2,-0.03728482,-0.61523074,0.9702579080390343,1.0
AL391832.4,-0.037307195,-0.95181626,0.9702400692751305,1.0
LINC00616,-0.037307195,-0.9420527,0.9702400692751305,1.0
ZC3H12D,-0.037310924,-0.14173183,0.9702370961492606,1.0
TLR7,-0.037314653,-0.94299835,0.9702341230238043,1.0
PSMC2,-0.037314653,-0.1445493,0.9702341230238043,1.0
ST8SIA5,-0.03735567,-0.24952583,0.9702014186710973,1.0
CLDN19,-0.037359398,-1.6202114,0.970198445550608,1.0
AC244035.4,-0.037359398,-1.2486203,0.970198445550608,1.0
LINC00334,-0.037381772,-1.3785777,0.970180606836371,1.0
AL133406.2,-0.037381772,-2.0027266,0.970180606836371,1.0
ELFN1-AS1,-0.03738923,-2.0855749,0.970174660601607,1.0
C20orf173,-0.037396688,-2.7265728,0.9701687143685009,1.0
SHLD3,-0.037400417,-0.26819396,0.9701657412525698,1.0
GPX5,-0.037404146,-2.2894526,0.9701627681370534,1.0
ZNF524,-0.037411604,-1.9009645,0.9701568219072644,1.0
AC011753.2,-0.03745262,-0.54006004,0.9701241176730894,1.0
ESPNL,-0.037478723,-0.14942764,0.97010330591386,1.0
TTLL2,-0.03748991,-0.10791724,0.9700943865947076,1.0
AC009975.2,-0.037497368,-0.6976909,0.9700884403840174,1.0
TMEM107,-0.037497368,-0.3359867,0.9700884403840174,1.0
SAMD1,-0.037523467,-0.16842821,0.9700676286596988,1.0
AC009141.1,-0.03754584,-0.66086334,0.9700497900550774,1.0
AC026120.3,-0.037579402,-0.87216204,0.9700230321762446,1.0
CYP2J2,-0.037594315,-0.8539594,0.9700111397964825,1.0
ATF7IP2,-0.03761669,-0.028437747,0.9699933012393434,1.0
TF,-0.037732285,-0.5443223,0.969901135600154,1.0
AC022819.1,-0.03776957,0.031955745,0.9698714048344963,1.0
AC018442.2,-0.037780758,-2.156345,0.9698624856129621,1.0
AC004921.2,-0.037795674,-2.1523678,0.9698505933234473,1.0
ALAS2,-0.037836693,-0.22937603,0.9698178895618574,1.0
LINC01091,-0.037859064,-0.15401281,0.9698000511678339,1.0
AC244502.1,-0.038097713,-1.1631827,0.9696097759068552,1.0
AC104964.3,-0.038183477,-0.68815124,0.9695413961569399,1.0
CANT1,-0.038220763,-0.20900662,0.969511665900705,1.0
TRAPPC5,-0.038284153,0.085848056,0.9694611245623703,1.0
AC005520.2,-0.038284153,-1.6334895,0.9694611245623703,1.0
AC013726.1,-0.03845195,-0.39381987,0.9693273392593763,1.0
TIMM50,-0.038463138,-0.13400096,0.9693184202698268,1.0
TMEM250,-0.038630936,-0.21716219,0.9691846358877174,1.0
RNF167,-0.038709246,-0.21186782,0.9691222034726181,1.0
LCMT2,-0.039164163,-0.4270008,0.9687595046259615,1.0
NLRC5,-0.039253656,-0.15320647,0.9686881547914575,1.0
ZNF451-AS1,-0.039264843,-0.038189765,0.9686792360797564,1.0
DPH1,-0.0392723,-0.3545064,0.9686732902741318,1.0
AL590807.1,-0.039384168,-0.7136957,0.9685841033989188,1.0
SMCO4,-0.039387897,-0.14001395,0.9685811305098394,1.0
AP000962.3,-0.039428912,0.26259717,0.9685484287587924,1.0
HEBP2,-0.03959671,-0.059619755,0.9684146494194652,1.0
PKD1L1,-0.03974214,0.30372986,0.9682987080442377,1.0
AC022509.1,-0.039809257,0.17685544,0.9682451968661425,1.0
AL627422.2,-0.039824173,-19.20104,0.9682333055126411,1.0
AL731702.1,-0.039824173,-19.351208,0.9682333055126411,1.0
AC092811.1,-0.039824173,-19.502235,0.9682333055126411,1.0
AC019254.1,-0.039824173,-19.95538,0.9682333055126411,1.0
ANGPTL8,-0.039824173,-19.633429,0.9682333055126411,1.0
AC006076.1,-0.039824173,-19.619736,0.9682333055126411,1.0
LINC02217,-0.039824173,-19.72154,0.9682333055126411,1.0
SHANK2-AS3,-0.039824173,-19.963419,0.9682333055126411,1.0
MAL,-0.039824173,-19.852114,0.9682333055126411,1.0
AP005271.1,-0.039824173,-20.18302,0.9682333055126411,1.0
AC093599.1,-0.039824173,-19.950382,0.9682333055126411,1.0
SLC25A30-AS1,-0.039824173,-19.96203,0.9682333055126411,1.0
PRSS56,-0.039824173,-19.39479,0.9682333055126411,1.0
AL359198.1,-0.039824173,-19.924843,0.9682333055126411,1.0
PRR23A,-0.039824173,-19.744133,0.9682333055126411,1.0
AL139022.2,-0.039824173,-19.730286,0.9682333055126411,1.0
AC097369.2,-0.039824173,-19.31342,0.9682333055126411,1.0
AP003396.5,-0.039824173,-19.76971,0.9682333055126411,1.0
HHLA1,-0.039824173,-19.602055,0.9682333055126411,1.0
AP001198.1,-0.039824173,-19.6761,0.9682333055126411,1.0
AC016987.1,-0.039824173,-19.631254,0.9682333055126411,1.0
TAFA5,-0.039824173,0.11738968,0.9682333055126411,1.0
AC087491.1,-0.039824173,-20.006706,0.9682333055126411,1.0
CD79A,-0.039824173,-19.626677,0.9682333055126411,1.0
ASPG,-0.039824173,-19.86571,0.9682333055126411,1.0
AL359732.1,-0.039824173,-19.82244,0.9682333055126411,1.0
AC104791.1,-0.039824173,-19.693285,0.9682333055126411,1.0
AL357552.2,-0.039824173,-19.53424,0.9682333055126411,1.0
AL359881.1,-0.039824173,-19.240648,0.9682333055126411,1.0
RAB20,-0.039824173,-19.906666,0.9682333055126411,1.0
GJB1,-0.039824173,-19.839231,0.9682333055126411,1.0
AP000769.2,-0.039824173,-19.6052,0.9682333055126411,1.0
AC004241.3,-0.039824173,-19.79949,0.9682333055126411,1.0
AC004882.3,-0.039824173,-19.735647,0.9682333055126411,1.0
AP003559.1,-0.039824173,-19.55866,0.9682333055126411,1.0
TRAJ22,-0.039824173,-19.723091,0.9682333055126411,1.0
AC002347.1,-0.039824173,-19.491352,0.9682333055126411,1.0
LINC00433,-0.039824173,-19.612139,0.9682333055126411,1.0
TUBB2B,-0.039824173,-19.965612,0.9682333055126411,1.0
AL031667.3,-0.039824173,-19.59122,0.9682333055126411,1.0
MAFB,-0.039824173,-19.79461,0.9682333055126411,1.0
G6PC2,-0.039824173,-19.8071,0.9682333055126411,1.0
AC016586.1,-0.039824173,-19.655329,0.9682333055126411,1.0
FAM9C,-0.039824173,-19.819147,0.9682333055126411,1.0
AL139327.2,-0.039824173,-19.74336,0.9682333055126411,1.0
CYP26C1,-0.039824173,-19.756758,0.9682333055126411,1.0
AC012414.5,-0.039824173,-19.62456,0.9682333055126411,1.0
LINC01501,-0.039824173,-19.859692,0.9682333055126411,1.0
LINC00242,-0.039824173,-20.223492,0.9682333055126411,1.0
DYDC2,-0.039824173,-19.882692,0.9682333055126411,1.0
EIF5AL1,-0.039824173,-20.08524,0.9682333055126411,1.0
AC069234.5,-0.039824173,-19.889387,0.9682333055126411,1.0
AC105118.1,-0.039824173,-19.767187,0.9682333055126411,1.0
AC240565.2,-0.039824173,-19.46037,0.9682333055126411,1.0
TRIM75P,-0.039824173,-19.439833,0.9682333055126411,1.0
VENTX,-0.039824173,-19.116257,0.9682333055126411,1.0
FOXB1,-0.039824173,-19.509966,0.9682333055126411,1.0
AC009630.4,-0.039824173,-19.595495,0.9682333055126411,1.0
AC115282.2,-0.039824173,-19.831497,0.9682333055126411,1.0
AL358334.3,-0.039824173,-19.29995,0.9682333055126411,1.0
AC234917.1,-0.039824173,-19.419775,0.9682333055126411,1.0
AC010145.1,-0.039824173,-19.519592,0.9682333055126411,1.0
LINC02236,-0.039824173,-19.776064,0.9682333055126411,1.0
GFI1,-0.039824173,-19.540209,0.9682333055126411,1.0
AC106782.5,-0.039824173,-19.571705,0.9682333055126411,1.0
AL359924.1,-0.039824173,-19.755419,0.9682333055126411,1.0
AC074031.1,-0.039824173,-19.597288,0.9682333055126411,1.0
AC079848.1,-0.039824173,-19.583805,0.9682333055126411,1.0
IGFALS,-0.039824173,-19.581017,0.9682333055126411,1.0
FAM181B,-0.039824173,-19.598974,0.9682333055126411,1.0
LINC00604,-0.039824173,-19.758263,0.9682333055126411,1.0
KCNJ5,-0.039824173,-19.43304,0.9682333055126411,1.0
LINC02098,-0.039824173,-19.572002,0.9682333055126411,1.0
CACNA1C-AS2,-0.039824173,-19.666166,0.9682333055126411,1.0
AC009315.1,-0.039824173,-19.984001,0.9682333055126411,1.0
AC103855.3,-0.039824173,-19.565207,0.9682333055126411,1.0
AL627095.2,-0.039824173,-19.98171,0.9682333055126411,1.0
AC122129.1,-0.039824173,-19.778545,0.9682333055126411,1.0
AC113194.1,-0.039824173,-19.133574,0.9682333055126411,1.0
AC130456.3,-0.039824173,-19.936287,0.9682333055126411,1.0
AC104695.4,-0.039824173,-19.708061,0.9682333055126411,1.0
AC079610.1,-0.039824173,-19.756,0.9682333055126411,1.0
AC145146.1,-0.039824173,-19.741928,0.9682333055126411,1.0
AC112907.3,-0.039824173,-19.792856,0.9682333055126411,1.0
AC006159.1,-0.039824173,-19.78083,0.9682333055126411,1.0
AL451048.1,-0.039824173,-19.372423,0.9682333055126411,1.0
AL445207.1,-0.039824173,-19.755919,0.9682333055126411,1.0
DIPK2B,-0.039824173,-19.785715,0.9682333055126411,1.0
AC016526.1,-0.039824173,0.043796435,0.9682333055126411,1.0
AC019118.1,-0.039824173,-19.3412,0.9682333055126411,1.0
DUOX2,-0.039824173,-19.83365,0.9682333055126411,1.0
LINC00968,-0.039824173,-19.286755,0.9682333055126411,1.0
AL161785.1,-0.039824173,-19.707016,0.9682333055126411,1.0
STK24-AS1,-0.039824173,-19.894115,0.9682333055126411,1.0
AF111167.2,-0.039824173,-19.455036,0.9682333055126411,1.0
AC009518.1,-0.039824173,-19.510727,0.9682333055126411,1.0
AL121890.2,-0.039824173,-19.480042,0.9682333055126411,1.0
AC006238.2,-0.039824173,-19.861027,0.9682333055126411,1.0
GPR132,-0.039824173,-19.8353,0.9682333055126411,1.0
AC010907.2,-0.039824173,-19.701817,0.9682333055126411,1.0
AC087857.1,-0.039824173,-19.544115,0.9682333055126411,1.0
UBA7,-0.039824173,-19.836538,0.9682333055126411,1.0
AL008726.1,-0.039824173,-19.608965,0.9682333055126411,1.0
AL121985.1,-0.039824173,-19.79091,0.9682333055126411,1.0
AC069148.1,-0.039824173,-19.65996,0.9682333055126411,1.0
AC000123.1,-0.039824173,-19.579039,0.9682333055126411,1.0
LINC00939,-0.039824173,-19.93794,0.9682333055126411,1.0
GCSAML,-0.039824173,-19.576664,0.9682333055126411,1.0
LINC02505,-0.039824173,-19.60368,0.9682333055126411,1.0
AC211433.2,-0.039824173,-19.937145,0.9682333055126411,1.0
AP003306.2,-0.039824173,-19.915348,0.9682333055126411,1.0
TEPP,-0.039824173,-19.43395,0.9682333055126411,1.0
ITIH6,-0.039824173,-19.693121,0.9682333055126411,1.0
DCXR-DT,-0.039824173,-19.71841,0.9682333055126411,1.0
AC073352.1,-0.039824173,-19.815107,0.9682333055126411,1.0
AC119800.1,-0.039824173,-19.761555,0.9682333055126411,1.0
LINC02061,-0.039824173,-19.659374,0.9682333055126411,1.0
LINC01691,-0.039824173,-19.609447,0.9682333055126411,1.0
AL359555.1,-0.039824173,-19.640585,0.9682333055126411,1.0
AC027801.3,-0.039824173,-19.550903,0.9682333055126411,1.0
AC009396.1,-0.039824173,-19.416183,0.9682333055126411,1.0
AC007132.1,-0.03983163,-0.049535766,0.968227359838539,1.0
AL731571.1,-0.03983163,0.03870914,0.968227359838539,1.0
EPHA3,-0.039854,-0.18087336,0.968209522826831,1.0
AC079790.2,-0.039868917,0.04762521,0.9681976314945278,1.0
AC037450.1,-0.03989875,-0.6559058,0.9681738488511377,1.0
LINC02405,-0.03989875,-0.5837522,0.9681738488511377,1.0
PRB2,-0.039928578,-0.09212565,0.968150066236054,1.0
AC034102.3,-0.039943494,-0.038836684,0.9681381749391337,1.0
AL445493.2,-0.039943494,-0.5480845,0.9681381749391337,1.0
ZNF433-AS1,-0.039947223,-0.08851279,0.9681352021160105,1.0
TMEM229A,-0.03995841,-0.8599965,0.9681262836492979,1.0
AC005034.6,-0.03996214,-0.6686715,0.9681233108279462,1.0
WFDC8,-0.039965868,-0.9707985,0.9681203380070376,1.0
RPUSD2,-0.0399957,-0.13290678,0.9680965554557205,1.0
HTR2C,-0.0399957,0.039631065,0.9680965554557205,1.0
AL451123.2,-0.04000316,-0.28696474,0.9680906098223241,1.0
RFTN2,-0.0400218,-0.21640591,0.9680757457465938,1.0
AL009177.1,-0.04002553,-1.5475274,0.9680727729327786,1.0
CDK5,-0.04002553,0.04576884,0.9680727729327786,1.0
EPHA1,-0.040032987,-0.2959341,0.9680668273064792,1.0
LINC02142,-0.040032987,-1.5040923,0.9680668273064792,1.0
AC079772.1,-0.040032987,-1.7808409,0.9680668273064792,1.0
PAN3-AS1,-0.040047903,-0.28223822,0.968054936059206,1.0
AL359715.3,-0.040047903,-0.1257195,0.968054936059206,1.0
LY6G5C,-0.040047903,-0.470148,0.968054936059206,1.0
LINC00880,-0.04006282,-2.7043457,0.9680430448190358,1.0
CPA3,-0.040085193,-2.4979734,0.9680252079721045,1.0
GLYAT,-0.040107563,-0.49733603,0.9680073711411697,1.0
DBNDD2,-0.04011502,-0.029867928,0.9680014255344145,1.0
MAPT-AS1,-0.04011502,-0.49967968,0.9680014255344145,1.0
LINC01816,-0.04012248,-0.5801136,0.967995479929438,1.0
AC020558.6,-0.04015231,-0.08511213,0.9679716975273258,1.0
HPD,-0.040197056,-0.5886727,0.9679360239775755,1.0
FAM71F2,-0.040241804,-0.45226607,0.96790035049199,1.0
LAT,-0.04025672,0.014006586,0.9678884593443993,1.0
FADD,-0.04026045,-0.07590928,0.9678854865586171,1.0
AC091057.2,-0.040353667,-0.26091865,0.9678111670592151,1.0
LRTOMT,-0.040372312,-0.09326866,0.9677963031928631,1.0
SHISA9,-0.0403835,-0.045586757,0.9677873848784221,1.0
KIAA0319,-0.040390957,-1.4372711,0.9677814393376996,1.0
AL450322.2,-0.040458076,-0.19936132,0.9677279295518285,1.0
ANO9,-0.040458076,-1.6750166,0.9677279295518285,1.0
AL135937.1,-0.04047672,0.10673833,0.967713065748197,1.0
AC090510.2,-0.04057367,-1.0414047,0.9676357741502497,1.0
GLDN,-0.04070418,-1.0984143,0.9675317282486451,1.0
SIRT7,-0.04105842,-0.16739482,0.9672493207355538,1.0
PNKD,-0.0411591,0.021411508,0.967169058295667,1.0
SH2D5,-0.041181475,-0.2156937,0.9671512222430532,1.0
FAM229A,-0.041233677,-0.12817264,0.9671096048508772,1.0
AP001885.3,-0.04126351,-0.18809071,0.9670858235241335,1.0
TRAPPC1,-0.041270968,-0.22691976,0.9670798781970207,1.0
AC000403.1,-0.041278426,-0.2929811,0.9670739328717377,1.0
AC009812.3,-0.04129334,-0.48339942,0.9670620422266628,1.0
UBXN1,-0.041304525,0.005879597,0.9670531242476625,1.0
TBP,-0.041334357,-0.056280617,0.9670293429904768,1.0
AD001527.1,-0.04146487,-1.3256787,0.9669253003353452,1.0
LINC01198,-0.04155436,-0.2713922,0.966853957125701,1.0
HNRNPH3,-0.041696057,-0.044519737,0.9667409975865888,1.0
LRAT,-0.04171843,-0.45967096,0.9667231619308362,1.0
CWC15,-0.04178182,-0.18031994,0.966672627663304,1.0
AC092279.1,-0.041904874,0.01862418,0.9665745321144728,1.0
AC013472.1,-0.041968264,-0.40408581,0.9665239982411765,1.0
LEXM,-0.042091314,-0.46021792,0.9664259034593288,1.0
DCTN5,-0.042095043,-0.10843255,0.9664229308981057,1.0
CCN6,-0.042225555,0.07752896,0.9663188915495475,1.0
ZNF136,-0.04230759,-0.10128923,0.9662534956809431,1.0
AL354811.1,-0.04239708,-0.3927076,0.9661821549922467,1.0
AC104779.1,-0.042419456,0.06549962,0.9661643198623443,1.0
TMCO4,-0.04243437,0.4393141,0.9661524297851458,1.0
AC004938.2,-0.042475387,0.23057982,0.9661197321116615,1.0
AC117395.1,-0.042475387,-0.0648315,0.9661197321116615,1.0
AC074139.1,-0.042479116,-19.789825,0.9661167595987142,1.0
LINC01353,-0.042479116,-19.888453,0.9661167595987142,1.0
AC104836.1,-0.042479116,-19.64028,0.9661167595987142,1.0
AC023510.1,-0.042479116,-19.9018,0.9661167595987142,1.0
AC020922.2,-0.042479116,-19.709173,0.9661167595987142,1.0
SPTSSB,-0.042479116,-20.17359,0.9661167595987142,1.0
TRPM2,-0.042479116,-19.791407,0.9661167595987142,1.0
AC000099.1,-0.042479116,-19.753899,0.9661167595987142,1.0
AL161909.2,-0.042479116,-19.89904,0.9661167595987142,1.0
AC126177.3,-0.042479116,-19.741068,0.9661167595987142,1.0
FABP2,-0.042479116,-19.697613,0.9661167595987142,1.0
CD163L1,-0.042479116,-19.825926,0.9661167595987142,1.0
AC009570.1,-0.042479116,-19.55806,0.9661167595987142,1.0
AC073648.7,-0.042479116,-19.763378,0.9661167595987142,1.0
LINC02176,-0.042479116,-19.96014,0.9661167595987142,1.0
DNASE1L3,-0.042479116,-19.6434,0.9661167595987142,1.0
EPN3,-0.042479116,-19.799582,0.9661167595987142,1.0
AC010307.2,-0.042479116,-19.576778,0.9661167595987142,1.0
AC018685.2,-0.042479116,-19.937445,0.9661167595987142,1.0
AC093151.8,-0.042479116,-19.713911,0.9661167595987142,1.0
AC026150.1,-0.042479116,-19.568579,0.9661167595987142,1.0
AC127496.3,-0.042479116,-19.782894,0.9661167595987142,1.0
RDH16,-0.042479116,-19.67793,0.9661167595987142,1.0
AC002407.1,-0.042479116,-20.18419,0.9661167595987142,1.0
CIRBP-AS1,-0.042479116,-19.987417,0.9661167595987142,1.0
AC022601.1,-0.042479116,-20.216345,0.9661167595987142,1.0
IL21R-AS1,-0.042479116,-19.569487,0.9661167595987142,1.0
AC126121.2,-0.042479116,-19.677893,0.9661167595987142,1.0
CAPN5,-0.042479116,-19.558271,0.9661167595987142,1.0
LINC02251,-0.042479116,-20.0684,0.9661167595987142,1.0
HSPA1L,-0.042479116,-19.709137,0.9661167595987142,1.0
FOXA3,-0.042479116,-19.79235,0.9661167595987142,1.0
ANXA2R,-0.042479116,-19.74166,0.9661167595987142,1.0
PRR19,-0.042479116,-19.942848,0.9661167595987142,1.0
CASTOR1,-0.042479116,-19.78958,0.9661167595987142,1.0
C10orf55,-0.042479116,-19.710655,0.9661167595987142,1.0
CYP17A1,-0.042479116,-19.717163,0.9661167595987142,1.0
PCDHA1,-0.042479116,-19.682983,0.9661167595987142,1.0
ICAM2,-0.042479116,-19.871807,0.9661167595987142,1.0
AC025048.7,-0.042479116,-19.608295,0.9661167595987142,1.0
AC135050.5,-0.042479116,-19.843945,0.9661167595987142,1.0
MARCH10-DT,-0.042479116,-19.558836,0.9661167595987142,1.0
OTP,-0.042479116,-20.118856,0.9661167595987142,1.0
AL132656.3,-0.042479116,-19.576942,0.9661167595987142,1.0
CYTOR,-0.042479116,-19.677952,0.9661167595987142,1.0
AL139287.1,-0.042479116,-19.82069,0.9661167595987142,1.0
AC068616.2,-0.042479116,-19.811928,0.9661167595987142,1.0
AMMECR1-IT1,-0.042479116,-19.662357,0.9661167595987142,1.0
AC107079.1,-0.042479116,-19.628841,0.9661167595987142,1.0
SCN4A,-0.042479116,-19.657955,0.9661167595987142,1.0
IL7R,-0.042479116,-19.81981,0.9661167595987142,1.0
LINC01102,-0.042479116,-19.991325,0.9661167595987142,1.0
AL355835.1,-0.042479116,-19.75877,0.9661167595987142,1.0
LINC02315,-0.042479116,-19.84479,0.9661167595987142,1.0
INSYN1,-0.042479116,-19.923946,0.9661167595987142,1.0
AL450326.3,-0.042479116,-19.717607,0.9661167595987142,1.0
AL133216.1,-0.042479116,-19.48332,0.9661167595987142,1.0
VPS13A-AS1,-0.042479116,-19.873323,0.9661167595987142,1.0
ADGRL3-AS1,-0.042479116,-19.97701,0.9661167595987142,1.0
AC009137.2,-0.042479116,-19.863895,0.9661167595987142,1.0
LINC02136,-0.042479116,-19.673439,0.9661167595987142,1.0
LINC00385,-0.042479116,-19.875006,0.9661167595987142,1.0
HID1,-0.042479116,-19.55514,0.9661167595987142,1.0
AFF2-IT1,-0.042479116,-19.52432,0.9661167595987142,1.0
LINC01348,-0.042479116,-19.499527,0.9661167595987142,1.0
ZNF365,-0.042479116,-19.638863,0.9661167595987142,1.0
MRVI1-AS1,-0.042479116,-19.443844,0.9661167595987142,1.0
AL359682.1,-0.042479116,-19.56637,0.9661167595987142,1.0
MMRN1,-0.042479116,-19.524122,0.9661167595987142,1.0
GBP4,-0.042479116,-20.021751,0.9661167595987142,1.0
AC079921.2,-0.042479116,-19.871157,0.9661167595987142,1.0
SCEL,-0.042479116,-19.84076,0.9661167595987142,1.0
ALOXE3,-0.042479116,-20.066126,0.9661167595987142,1.0
AC135048.2,-0.042479116,-19.918083,0.9661167595987142,1.0
AC021192.1,-0.042479116,-19.581263,0.9661167595987142,1.0
LINC01917,-0.042479116,-19.792273,0.9661167595987142,1.0
AC090377.1,-0.042479116,-19.50917,0.9661167595987142,1.0
AC009248.2,-0.042479116,-19.670805,0.9661167595987142,1.0
CIDEA,-0.042479116,-19.704351,0.9661167595987142,1.0
AC093388.1,-0.042479116,-19.796137,0.9661167595987142,1.0
RIC3-DT,-0.042479116,-19.819227,0.9661167595987142,1.0
AP003774.1,-0.042479116,-19.967564,0.9661167595987142,1.0
AC093206.1,-0.042479116,-19.999014,0.9661167595987142,1.0
ADSSL1,-0.042479116,-20.13554,0.9661167595987142,1.0
AC003950.1,-0.042479116,-19.794428,0.9661167595987142,1.0
AC002401.2,-0.042479116,-19.763355,0.9661167595987142,1.0
AL390839.1,-0.042479116,-19.763746,0.9661167595987142,1.0
AL139288.1,-0.042479116,-19.363258,0.9661167595987142,1.0
AC104564.4,-0.042479116,-19.914396,0.9661167595987142,1.0
ARL14EPL,-0.042479116,-19.796122,0.9661167595987142,1.0
PTN,-0.042479116,-19.771605,0.9661167595987142,1.0
CYP4F3,-0.042479116,-20.116947,0.9661167595987142,1.0
IGLVIVOR22-1,-0.042479116,-19.972237,0.9661167595987142,1.0
AC089987.2,-0.042479116,-19.826403,0.9661167595987142,1.0
AL391294.1,-0.042479116,-19.164524,0.9661167595987142,1.0
GAD2,-0.042479116,-19.602148,0.9661167595987142,1.0
AC025253.2,-0.042479116,-19.813574,0.9661167595987142,1.0
IL2RB,-0.042479116,-19.535896,0.9661167595987142,1.0
AL162586.2,-0.042479116,-19.617062,0.9661167595987142,1.0
AL353795.2,-0.042479116,-19.939264,0.9661167595987142,1.0
AC108457.1,-0.042479116,-19.873957,0.9661167595987142,1.0
GPR3,-0.042479116,-19.900158,0.9661167595987142,1.0
AL354771.1,-0.042479116,-19.563572,0.9661167595987142,1.0
FGFR3,-0.042479116,-20.01931,0.9661167595987142,1.0
LINC02712,-0.042479116,-19.57443,0.9661167595987142,1.0
AOC3,-0.042479116,-20.006443,0.9661167595987142,1.0
AP001619.2,-0.042479116,-19.73876,0.9661167595987142,1.0
BX293535.1,-0.042479116,-19.204693,0.9661167595987142,1.0
AC004771.1,-0.042479116,-19.497917,0.9661167595987142,1.0
SMTNL2,-0.042479116,-20.028019,0.9661167595987142,1.0
AC008083.3,-0.042479116,-19.86836,0.9661167595987142,1.0
AC006333.1,-0.042520132,-0.37187952,0.9660840619873783,1.0
FER1L5,-0.04253132,0.0832334,0.9660751444669088,1.0
KDM2B-DT,-0.042535048,-0.37136343,0.9660721719610285,1.0
LINC02743,-0.042542506,-0.41910163,0.9660662269506821,1.0
AC005730.3,-0.042549964,-0.39361808,0.9660602819422219,1.0
AC025160.1,-0.042579796,-0.625246,0.9660365019272497,1.0
AC064875.1,-0.042602167,-0.7884702,0.9660186669358414,1.0
AC037486.1,-0.042602167,-0.867535,0.9660186669358414,1.0
CCDC93,-0.042613354,-0.09469012,0.9660097494465115,1.0
AL050320.1,-0.04262454,-1.1132863,0.9660008319614325,1.0
AL353801.3,-0.04262454,-0.78084475,0.9660008319614325,1.0
AP005210.1,-0.04266183,-1.4979429,0.9659711070418847,1.0
AL031259.1,-0.04266183,-1.076514,0.9659711070418847,1.0
ZNF668,-0.04266556,-0.31655034,0.96596813455253,1.0
AC138207.2,-0.042676747,-1.384651,0.9659592170873034,1.0
ERN2,-0.042684205,-1.5820433,0.9659532721128508,1.0
AP005136.3,-0.04269166,-1.582167,0.9659473271402906,1.0
AC026888.1,-0.042706575,-2.3429763,0.9659354372008488,1.0
AL161662.1,-0.042714033,-0.10285902,0.965929492233968,1.0
ADGB,-0.04272149,-2.101785,0.9659235472689809,1.0
MYT1,-0.04272149,-2.8934412,0.9659235472689809,1.0
RNF222,-0.04272522,-0.45271042,0.9659205747871976,1.0
LINC00866,-0.04272895,-2.77973,0.9659176023058879,1.0
SLC2A9,-0.04272895,-0.48255405,0.9659176023058879,1.0
AC068389.1,-0.04272895,0.035798352,0.9659176023058879,1.0
AP000424.1,-0.042751323,-2.5672414,0.9658997674279767,1.0
ZNF726,-0.04279234,-0.29460526,0.9658670701961177,1.0
PTH2R,-0.042855732,-0.049052473,0.9658165382234223,1.0
SATB1,-0.042863186,-0.5266648,0.9658105932944794,1.0
KDM8,-0.042900477,-0.18052343,0.9657808686782768,1.0
SALL4,-0.042978782,-1.0600189,0.965718447139077,1.0
AL360091.3,-0.04305336,-0.05824577,0.9656589982494306,1.0
AC004217.1,-0.043116752,-0.61325055,0.9656084668432958,1.0
GSTM2,-0.04320997,-0.40679914,0.9655341562028745,1.0
AF279873.4,-0.043221157,-0.9241656,0.9655252389461262,1.0
PYGO2,-0.043224886,-0.16328017,0.9655222665281681,1.0
QTRT1,-0.04330692,0.032937564,0.9654568734543743,1.0
CCL5,-0.04331065,-1.0541983,0.9654539010474457,1.0
AC107398.3,-0.043359127,-0.6098347,0.9654152598010739,1.0
AL391863.1,-0.043362856,0.010741457,0.9654122874008698,1.0
NOTCH3,-0.04350828,-0.3123469,0.9652963641681972,1.0
PORCN,-0.04351201,0.15289195,0.9652933917872499,1.0
ALDH1B1,-0.043597773,0.1274826,0.9652250271586529,1.0
AC100830.2,-0.043750655,-0.11438206,0.9651031604115468,1.0
ZNF225,-0.04376557,-0.10932497,0.9650912710164007,1.0
AC072022.1,-0.044078793,-0.2085912,0.9648415955152311,1.0
AC022395.1,-0.04408625,-0.04495327,0.9648356509023587,1.0
FAM209A,-0.044220492,-0.958377,0.9647286482051921,1.0
AC087362.1,-0.044261508,-0.33498502,0.964695953063217,1.0
AC124283.1,-0.04428388,-0.15262361,0.9646781193744274,1.0
TANGO2,-0.04438456,-0.26897985,0.9645978679936575,1.0
PHF5A,-0.044429306,0.0018258359,0.9645622008283766,1.0
AC064871.2,-0.044466596,-0.41906992,0.9645324782448051,1.0
AJ003147.2,-0.044474054,-1.0409592,0.9645265337340035,1.0
ANGPTL4,-0.04464931,-0.12946373,0.9643868382984635,1.0
AC099332.1,-0.044664226,0.27515468,0.9643749493756404,1.0
ANKRD13B,-0.044761177,-0.07601473,0.9642976715704635,1.0
LINC01597,-0.044981178,0.081183024,0.9641223116422524,1.0
FLYWCH2,-0.04506694,0.19915451,0.9640539514619093,1.0
ZNF563,-0.04510423,0.1068298,0.9640242297267517,1.0
PODNL1,-0.04510423,0.1897941,0.9640242297267517,1.0
GAS6-AS1,-0.045126602,0.338931,0.9640063967096488,1.0
Z98885.2,-0.04513406,-19.864588,0.9640004523746151,1.0
AC092354.1,-0.04513406,-19.687027,0.9640004523746151,1.0
AC011322.1,-0.04513406,-19.808273,0.9640004523746151,1.0
FAM167A-AS1,-0.04513406,-19.981306,0.9640004523746151,1.0
LINC01980,-0.04513406,-19.697807,0.9640004523746151,1.0
PGR-AS1,-0.04513406,-19.928854,0.9640004523746151,1.0
AC010525.1,-0.04513406,-19.87781,0.9640004523746151,1.0
RBPJL,-0.04513406,-20.023886,0.9640004523746151,1.0
MIR3976HG,-0.04513406,-19.807655,0.9640004523746151,1.0
ZFP92,-0.04513406,-19.778824,0.9640004523746151,1.0
AC066612.2,-0.04513406,-19.805944,0.9640004523746151,1.0
AC092807.3,-0.04513406,-19.670748,0.9640004523746151,1.0
CLCA1,-0.04513406,-19.670538,0.9640004523746151,1.0
AC004528.2,-0.04513406,-20.064404,0.9640004523746151,1.0
AL122008.4,-0.04513406,-19.921793,0.9640004523746151,1.0
LRRC74A,-0.04513406,-20.002634,0.9640004523746151,1.0
AC010834.1,-0.04513406,-19.654493,0.9640004523746151,1.0
CPA1,-0.04513406,-20.055712,0.9640004523746151,1.0
AC127521.1,-0.04513406,-19.987757,0.9640004523746151,1.0
PHYHIP,-0.04513406,-19.617592,0.9640004523746151,1.0
AC100793.4,-0.04513406,-20.18919,0.9640004523746151,1.0
AC121333.1,-0.04513406,-19.6807,0.9640004523746151,1.0
MIR497HG,-0.04513406,-19.802061,0.9640004523746151,1.0
AC073530.1,-0.04513406,-19.467974,0.9640004523746151,1.0
AC024243.1,-0.04513406,-19.62396,0.9640004523746151,1.0
AC002470.1,-0.04513406,-20.127722,0.9640004523746151,1.0
AC104462.1,-0.04513406,-19.618078,0.9640004523746151,1.0
HDC,-0.04513406,-19.87198,0.9640004523746151,1.0
AC010609.1,-0.04513406,-20.02906,0.9640004523746151,1.0
NOX3,-0.04513406,-19.857758,0.9640004523746151,1.0
AC020656.2,-0.04513406,-19.951834,0.9640004523746151,1.0
TENT5B,-0.04513406,-19.796026,0.9640004523746151,1.0
AC010271.2,-0.04513406,-20.283947,0.9640004523746151,1.0
AL645941.3,-0.04513406,-20.067081,0.9640004523746151,1.0
CCDC155,-0.04513406,-20.143549,0.9640004523746151,1.0
AC243829.2,-0.04513406,-19.973938,0.9640004523746151,1.0
FAM71E2,-0.04513406,-19.863646,0.9640004523746151,1.0
C12orf77,-0.04513406,-19.58902,0.9640004523746151,1.0
GACAT3,-0.04513406,-19.847672,0.9640004523746151,1.0
SPATA48,-0.04513406,-20.018858,0.9640004523746151,1.0
AL359397.1,-0.04513406,-19.727938,0.9640004523746151,1.0
AC010148.1,-0.04513406,-19.829865,0.9640004523746151,1.0
LILRA6,-0.04513406,-19.91561,0.9640004523746151,1.0
AL138799.4,-0.04513406,-19.905838,0.9640004523746151,1.0
USP26,-0.04513406,-19.642885,0.9640004523746151,1.0
CIB4,-0.04513406,-19.540237,0.9640004523746151,1.0
TNIP3,-0.04513406,-19.93805,0.9640004523746151,1.0
PLBD1-AS1,-0.04513406,-19.776955,0.9640004523746151,1.0
PSMA8,-0.04513406,-19.742962,0.9640004523746151,1.0
KLF8,-0.04513406,-19.793997,0.9640004523746151,1.0
LINC02701,-0.04513406,-20.06462,0.9640004523746151,1.0
UTS2,-0.04513406,-19.824862,0.9640004523746151,1.0
LINC01163,-0.04513406,-19.866484,0.9640004523746151,1.0
AC135012.1,-0.04513406,-19.864004,0.9640004523746151,1.0
NUTM2F,-0.04513406,-19.747063,0.9640004523746151,1.0
AC027801.1,-0.04513406,-19.795366,0.9640004523746151,1.0
THOC7-AS1,-0.04513406,-19.719034,0.9640004523746151,1.0
AC046168.1,-0.04513406,-19.867075,0.9640004523746151,1.0
MZB1,-0.04513406,-19.671833,0.9640004523746151,1.0
CD70,-0.04513406,-20.059803,0.9640004523746151,1.0
C1orf229,-0.04513406,-19.93948,0.9640004523746151,1.0
CLIC6,-0.04513406,-20.079588,0.9640004523746151,1.0
AC092068.2,-0.04513406,-19.79764,0.9640004523746151,1.0
AC024084.1,-0.04513406,-19.884304,0.9640004523746151,1.0
LINC02277,-0.04513406,-19.957129,0.9640004523746151,1.0
AC126283.1,-0.04513406,-19.901997,0.9640004523746151,1.0
AC008572.1,-0.04513406,-19.610954,0.9640004523746151,1.0
AC064843.1,-0.04513406,-19.622501,0.9640004523746151,1.0
COPZ2,-0.04513406,-19.862951,0.9640004523746151,1.0
AP000977.1,-0.04513406,-19.70547,0.9640004523746151,1.0
AC090376.1,-0.04513406,-20.112402,0.9640004523746151,1.0
LINC02493,-0.04513406,-19.640703,0.9640004523746151,1.0
LINC01309,-0.04513406,-19.946936,0.9640004523746151,1.0
NMBR,-0.04513406,-19.61973,0.9640004523746151,1.0
AL603839.1,-0.04513406,-19.83374,0.9640004523746151,1.0
AL031590.1,-0.04513406,-19.978382,0.9640004523746151,1.0
AL021026.1,-0.04513406,-19.748358,0.9640004523746151,1.0
AC096772.1,-0.04513406,-19.49031,0.9640004523746151,1.0
AC004690.2,-0.04513406,-19.846495,0.9640004523746151,1.0
DHDH,-0.04513406,-20.017956,0.9640004523746151,1.0
SPEF1,-0.04513406,-19.692001,0.9640004523746151,1.0
SIGLEC5,-0.04513406,-19.62122,0.9640004523746151,1.0
AL121772.2,-0.04513406,-20.094084,0.9640004523746151,1.0
AC005695.3,-0.04513406,-20.036552,0.9640004523746151,1.0
AL023583.1,-0.04513406,-20.172104,0.9640004523746151,1.0
SLC6A1,-0.04513406,-20.027668,0.9640004523746151,1.0
LINC02161,-0.04513406,-19.823734,0.9640004523746151,1.0
BEGAIN,-0.04513406,-19.88082,0.9640004523746151,1.0
KHDC1L,-0.04513406,-19.985483,0.9640004523746151,1.0
LPGAT1-AS1,-0.04513406,-19.989294,0.9640004523746151,1.0
C3orf79,-0.04513406,-19.996794,0.9640004523746151,1.0
MUC17,-0.04513406,-19.518614,0.9640004523746151,1.0
AC008781.3,-0.04513406,-19.618263,0.9640004523746151,1.0
MS4A7,-0.04513406,-20.010124,0.9640004523746151,1.0
XXYLT1-AS1,-0.04513406,-19.77894,0.9640004523746151,1.0
CAPN9,-0.04513406,-19.923851,0.9640004523746151,1.0
THSD7B,-0.045141518,0.059404794,0.9639945080415822,1.0
AC008532.1,-0.045163892,-0.23263708,0.9639766750544919,1.0
AL353576.1,-0.04517881,0.004407455,0.963964786406442,1.0
AL606923.2,-0.045186266,-0.31640068,0.963958842085421,1.0
FBXW7-AS1,-0.045186266,-0.35700598,0.963958842085421,1.0
RUNX2-AS1,-0.045193724,0.032648083,0.9639528977664034,1.0
AC007610.5,-0.04520118,-0.53944695,0.9639469534493891,1.0
AC008946.1,-0.045223553,0.0056981635,0.9639291205103705,1.0
EFCAB9,-0.04523101,-0.76825637,0.9639231762013735,1.0
AC007100.2,-0.04523847,-0.67387325,0.9639172318943816,1.0
BTBD3,-0.045286942,-0.1753678,0.9638785939478322,1.0
AL121956.6,-0.04529067,-0.45467323,0.9638756218016098,1.0
PCAT4,-0.04529813,-0.0054917512,0.9638696775106708,1.0
AC091074.2,-0.045313045,-0.11230451,0.9638577889348175,1.0
AC023794.6,-0.04536525,-1.7969681,0.9638161789826244,1.0
AC092979.1,-0.04536525,-0.4566159,0.9638161789826244,1.0
ENPP2,-0.045387622,-1.9803239,0.9637983461761297,1.0
APH1A,-0.045402538,-0.0874634,0.9637864576485262,1.0
TEX48,-0.045409996,-0.13356742,0.9637805133877435,1.0
COL12A1,-0.045417454,-0.60319334,0.9637745691289737,1.0
ZPLD1,-0.045417454,-0.57266384,0.9637745691289737,1.0
AL121932.2,-0.045454744,-0.7331244,0.9637448478653323,1.0
AC005726.2,-0.0454622,-0.16325219,0.9637389036186479,1.0
BTG3-AS1,-0.045469657,-0.059738614,0.9637329593739787,1.0
SALL2,-0.04549949,-0.8302721,0.9637091824154623,1.0
IGBP1-AS1,-0.045514405,-0.797593,0.963697293948305,1.0
GBP1,-0.04555169,-0.77350575,0.9636675728157263,1.0
STAT1,-0.045671016,-0.23127112,0.9635724655309237,1.0
AC023908.3,-0.045738135,-1.3996673,0.9635189679109029,1.0
FGFRL1,-0.04586119,0.014647698,0.9634208893675875,1.0
ANKRD18A,-0.045894746,-0.49809468,0.9633941407699536,1.0
AL359921.2,-0.045961868,-0.34188795,0.9633406436983111,1.0
LINC00562,-0.04601034,-0.56150675,0.9633020070269704,1.0
FMO1,-0.046036445,-0.36869,0.9632812027011668,1.0
AC068790.7,-0.04604763,-0.22265683,0.9632722865691886,1.0
SLC25A27,-0.046088647,-0.09316532,0.9632395941245715,1.0
BACH1-IT2,-0.046200514,-0.31547222,0.9631504332262625,1.0
AC012645.2,-0.046297465,-0.5589081,0.9630731608204277,1.0
JUNB,-0.04631238,-0.24330515,0.9630612727887581,1.0
AC104009.1,-0.046491366,-0.17712739,0.9629186170500036,1.0
DDX56,-0.046524923,-0.07159524,0.962891869231004,1.0
CHKA,-0.046610687,-0.025857931,0.9628235138833694,1.0
AL391863.2,-0.046662893,-0.1342192,0.9627819064142134,1.0
AL021328.1,-0.04699476,-0.04130915,0.9625174041638012,1.0
XRCC1,-0.047080524,-0.16535868,0.9624490503192562,1.0
LINC01411,-0.04709544,-0.9167866,0.9624371627222776,1.0
ZNF398,-0.04711781,-0.053850744,0.9624193313424676,1.0
HERC3,-0.047132727,-0.18307483,0.96240744376637,1.0
AK1,-0.047207303,-0.18975131,0.96234800601129,1.0
NECTIN2,-0.047274422,-0.01681505,0.9622945122106218,1.0
MMADHC,-0.04731544,-0.16403992,0.9622618216382015,1.0
AL132655.2,-0.04744968,0.1965785,0.9621548347541574,1.0
F8,-0.047565274,-0.26039428,0.9620627077055546,1.0
ZBTB11,-0.047569003,-0.11762584,0.962059735873704,1.0
ELAC2,-0.047591377,-0.04258729,0.9620419048936718,1.0
AC068888.2,-0.047665954,-0.12389305,0.9619824684307349,1.0
FERMT3,-0.047669683,-0.071169205,0.9619794966131314,1.0
ZNF526,-0.047692057,-0.26887494,0.9619616657186058,1.0
PECAM1,-0.047721885,0.05631968,0.961937891222169,1.0
TLCD3A,-0.047729343,-0.053015396,0.9619319476033472,1.0
TMEM150C,-0.04774053,-0.34167942,0.9619230321790816,1.0
ZNF620,-0.047751717,-0.101808496,0.9619141167595772,1.0
AC090993.1,-0.047762904,0.4036091,0.9619052013448351,1.0
AC005740.5,-0.047770362,0.12407061,0.9618992577376535,1.0
HTR4,-0.04778528,-0.054030236,0.9618873705296429,1.0
CASC20,-0.047789007,-19.954935,0.961884398728964,1.0
AL359555.4,-0.047789007,-19.967186,0.961884398728964,1.0
AC027243.1,-0.047789007,-20.077682,0.961884398728964,1.0
AC090125.1,-0.047789007,-19.937675,0.961884398728964,1.0
COL6A5,-0.047789007,-19.96079,0.961884398728964,1.0
AC010834.2,-0.047789007,-19.902052,0.961884398728964,1.0
AC009899.1,-0.047789007,-19.989017,0.961884398728964,1.0
ELDR,-0.047789007,-19.853046,0.961884398728964,1.0
AC012368.2,-0.047789007,-19.499355,0.961884398728964,1.0
AP006287.2,-0.047789007,-19.694246,0.961884398728964,1.0
AL445255.1,-0.047789007,-19.858706,0.961884398728964,1.0
AC092681.3,-0.047789007,-19.876097,0.961884398728964,1.0
LAPTM4A-DT,-0.047789007,-20.179092,0.961884398728964,1.0
AC145098.1,-0.047789007,-19.924139,0.961884398728964,1.0
ATP1A2,-0.047789007,-19.983416,0.961884398728964,1.0
GDPD2,-0.047789007,-20.048746,0.961884398728964,1.0
AC105760.1,-0.047789007,-19.619959,0.961884398728964,1.0
AL353596.1,-0.047789007,-20.0988,0.961884398728964,1.0
AC026471.2,-0.047789007,-19.889261,0.961884398728964,1.0
AC009387.1,-0.047789007,-19.62962,0.961884398728964,1.0
DOCK9-DT,-0.047789007,-20.112585,0.961884398728964,1.0
ATP6V1FNB,-0.047789007,-20.193127,0.961884398728964,1.0
CITED4,-0.047789007,-20.443407,0.961884398728964,1.0
CLEC9A,-0.047789007,-20.111248,0.961884398728964,1.0
MYRF-AS1,-0.047789007,-19.763979,0.961884398728964,1.0
AP000477.3,-0.047789007,-19.99992,0.961884398728964,1.0
AC010913.1,-0.047789007,-20.293743,0.961884398728964,1.0
XK,-0.047789007,-19.805073,0.961884398728964,1.0
TYR,-0.047789007,-19.923859,0.961884398728964,1.0
ST3GAL5-AS1,-0.047789007,-20.02301,0.961884398728964,1.0
AC092364.1,-0.047789007,-19.833643,0.961884398728964,1.0
FAM242A,-0.047789007,-19.427992,0.961884398728964,1.0
AP000786.1,-0.047789007,-19.768824,0.961884398728964,1.0
LINC02713,-0.047789007,-19.782276,0.961884398728964,1.0
AL138724.1,-0.047789007,-19.531746,0.961884398728964,1.0
AC015688.6,-0.047789007,-19.849678,0.961884398728964,1.0
AL121956.1,-0.047789007,-20.061419,0.961884398728964,1.0
CNFN,-0.047789007,-20.328386,0.961884398728964,1.0
AC243967.2,-0.047789007,-19.796057,0.961884398728964,1.0
AC105020.5,-0.047789007,-19.939552,0.961884398728964,1.0
AL606804.1,-0.047789007,-19.66237,0.961884398728964,1.0
FAM169B,-0.047789007,-20.11395,0.961884398728964,1.0
AL138966.2,-0.047789007,-20.121742,0.961884398728964,1.0
MTRNR2L3,-0.047789007,-19.901726,0.961884398728964,1.0
AC009107.1,-0.047789007,-20.058552,0.961884398728964,1.0
AL139819.1,-0.047789007,-20.162449,0.961884398728964,1.0
CYP2C19,-0.047789007,-20.099419,0.961884398728964,1.0
SERPINI2,-0.047789007,-20.16141,0.961884398728964,1.0
AC016737.1,-0.047789007,-19.911608,0.961884398728964,1.0
C16orf86,-0.047789007,-19.921774,0.961884398728964,1.0
ELSPBP1,-0.047789007,-19.86841,0.961884398728964,1.0
TPO,-0.047789007,-20.229252,0.961884398728964,1.0
AP001412.1,-0.047789007,-20.300087,0.961884398728964,1.0
BTG4,-0.047789007,-19.818844,0.961884398728964,1.0
ASB9,-0.047789007,-19.938118,0.961884398728964,1.0
MAGEB10,-0.047789007,-19.881533,0.961884398728964,1.0
LINC01994,-0.047789007,-20.21579,0.961884398728964,1.0
AC124290.2,-0.047789007,-19.803528,0.961884398728964,1.0
AC005165.1,-0.047789007,-19.90095,0.961884398728964,1.0
ACTL6B,-0.047789007,-19.805643,0.961884398728964,1.0
AL023553.1,-0.047789007,-20.292542,0.961884398728964,1.0
AC012313.8,-0.047789007,-20.036057,0.961884398728964,1.0
FAM242E,-0.047789007,-20.000748,0.961884398728964,1.0
AC010149.1,-0.047789007,-19.864977,0.961884398728964,1.0
AL356234.2,-0.047789007,-20.04065,0.961884398728964,1.0
LYPD2,-0.047789007,-20.21095,0.961884398728964,1.0
CIDEC,-0.047789007,-20.20724,0.961884398728964,1.0
AL021937.4,-0.047789007,-20.009134,0.961884398728964,1.0
AL022313.2,-0.047789007,-20.27789,0.961884398728964,1.0
LHX2,-0.047789007,-19.832912,0.961884398728964,1.0
AL359313.1,-0.047789007,-19.844639,0.961884398728964,1.0
AC069368.2,-0.047789007,-20.137482,0.961884398728964,1.0
AC046143.2,-0.047789007,-19.84878,0.961884398728964,1.0
AC107029.2,-0.047789007,-19.850569,0.961884398728964,1.0
GCK,-0.047789007,-19.849157,0.961884398728964,1.0
AL157400.4,-0.047789007,-19.722832,0.961884398728964,1.0
LINC01030,-0.047789007,-19.542223,0.961884398728964,1.0
AP001527.2,-0.047789007,-19.987906,0.961884398728964,1.0
AC084125.3,-0.047789007,-20.164438,0.961884398728964,1.0
AC009090.3,-0.047789007,-20.018768,0.961884398728964,1.0
PHOX2B,-0.047789007,-20.010124,0.961884398728964,1.0
TBX20,-0.047789007,-20.26142,0.961884398728964,1.0
LINC00165,-0.047789007,-20.248138,0.961884398728964,1.0
TRAJ5,-0.047789007,-19.76351,0.961884398728964,1.0
AC015674.1,-0.047789007,-19.666264,0.961884398728964,1.0
AC068707.1,-0.047789007,-20.025454,0.961884398728964,1.0
AC104472.4,-0.047789007,-20.10202,0.961884398728964,1.0
AC005921.4,-0.047789007,-19.760897,0.961884398728964,1.0
AC129807.1,-0.047789007,-19.801348,0.961884398728964,1.0
WIF1,-0.047789007,-19.742538,0.961884398728964,1.0
AC012456.2,-0.047789007,-20.011753,0.961884398728964,1.0
AL138963.1,-0.047789007,-19.898098,0.961884398728964,1.0
AC097375.3,-0.047789007,-20.011524,0.961884398728964,1.0
AC010719.1,-0.047789007,-19.761868,0.961884398728964,1.0
AC067817.1,-0.047789007,-19.723103,0.961884398728964,1.0
AL589645.1,-0.047789007,-19.923431,0.961884398728964,1.0
AC097521.1,-0.047789007,-19.850958,0.961884398728964,1.0
AL022329.2,-0.047789007,-19.885237,0.961884398728964,1.0
LINC00448,-0.047789007,-19.838991,0.961884398728964,1.0
DMRTA2,-0.047789007,-19.860243,0.961884398728964,1.0
AC244453.1,-0.047789007,-20.02963,0.961884398728964,1.0
AC134312.1,-0.047789007,-19.577812,0.961884398728964,1.0
MS4A14,-0.047789007,-19.534252,0.961884398728964,1.0
AC084030.1,-0.047789007,-20.020367,0.961884398728964,1.0
AC010531.4,-0.047789007,-19.806957,0.961884398728964,1.0
AC007541.1,-0.047792733,-0.05781534,0.9618814269288146,1.0
AL512328.1,-0.04780765,-0.06940557,0.9618695397335137,1.0
AL121782.1,-0.047830023,-0.43894342,0.9618517089564564,1.0
AL451050.2,-0.04784121,0.02277188,0.9618427935750825,1.0
AL138767.3,-0.04787477,-0.5128356,0.9618160474595933,1.0
AC017037.5,-0.047889683,-0.66558385,0.9618041603109453,1.0
SLC25A31,-0.04789714,-0.7151779,0.9617982167398051,1.0
OR2G6,-0.04790087,-0.19702537,0.9617952449550313,1.0
CFAP47,-0.04790087,-0.18601155,0.9617952449550313,1.0
UFSP1,-0.0479046,-0.79986316,0.9617922731707882,1.0
AL451165.2,-0.0479046,-0.16568269,0.9617922731707882,1.0
SHROOM4,-0.047915787,-0.09949599,0.9617833578212441,1.0
ST20-AS1,-0.047926974,-1.027795,0.9617744424764788,1.0
TMEM78,-0.04793443,-1.1633931,0.9617684989159574,1.0
NOD2,-0.04793443,-1.0406412,0.9617684989159574,1.0
UPP1,-0.04793443,-1.2766246,0.9617684989159574,1.0
COL8A2,-0.04793816,-0.27462688,0.9617655271364933,1.0
AC068700.2,-0.04794189,-1.0113083,0.9617625553575606,1.0
AC087289.2,-0.047949348,-1.0026178,0.9617566118012889,1.0
AC080038.1,-0.047953077,-0.279752,0.96175364002395,1.0
HM13-IT1,-0.047956806,-1.1063756,0.9617506682471425,1.0
AC011379.1,-0.047964264,-0.07276593,0.9617447246951218,1.0
AC005062.1,-0.047971718,-1.3572049,0.9617387811452273,1.0
GLYATL1,-0.047975447,-0.07355147,0.9617358093710773,1.0
AC105206.1,-0.047979176,-1.6280174,0.961732837597459,1.0
LINC02213,-0.047979176,-1.3139613,0.961732837597459,1.0
LHX6,-0.047986634,-0.19222172,0.9617268940518174,1.0
AL353604.1,-0.047994092,-1.413807,0.9617209505083029,1.0
DNASE1L1,-0.04800901,0.011880535,0.9617090634276562,1.0
AP003065.2,-0.04800901,-1.949835,0.9617090634276562,1.0
AC027514.2,-0.04800901,-1.9068382,0.9617090634276562,1.0
SMOX,-0.048031382,-2.2102811,0.961691232822647,1.0
AC103858.3,-0.0480463,-2.8449407,0.9616793457632853,1.0
LINC02528,-0.0480463,-2.6843827,0.9616793457632853,1.0
CFAP100,-0.048050027,0.19533229,0.9616763739997758,1.0
LINC-ROR,-0.048050027,-0.52982414,0.9616763739997758,1.0
AL583804.1,-0.048050027,-0.40394208,0.9616763739997758,1.0
CHRFAM7A,-0.048053753,-3.2188704,0.9616734022367988,1.0
AL359697.1,-0.04815816,-0.25676763,0.961590193089786,1.0
FAM122A,-0.04826257,-0.20010611,0.9615069843611558,1.0
LINC02503,-0.04826257,-0.5209852,0.9615069843611558,1.0
FNBP4,-0.048284944,-0.0016636958,0.9614891539738257,1.0
BTN2A1,-0.048381895,-0.152558,0.9614118891847584,1.0
AC004232.1,-0.048385624,-0.37156644,0.961408917469335,1.0
AC022509.5,-0.048404265,-0.41369477,0.9613940589002614,1.0
PCDHGC3,-0.048449013,-0.6518351,0.9613583983892043,1.0
LINC01829,-0.048475116,0.060214862,0.9613375964601181,1.0
LINC01364,-0.048475116,-0.38653055,0.9613375964601181,1.0
AC011396.2,-0.0484863,-0.76788527,0.9613286813557091,1.0
TIMP1,-0.048508674,-0.03513936,0.9613108511613987,1.0
RAMP2-AS1,-0.04857952,-0.4669416,0.9612543890071206,1.0
LRRIQ4,-0.048639186,-0.23901692,0.9612068420805489,1.0
HPCA,-0.048676472,-0.6115218,0.9611771253214967,1.0
LINC01358,-0.04872868,-0.6829691,0.961135521949449,1.0
HNRNPUL2,-0.048773423,-0.05866037,0.9610998620004944,1.0
MGRN1,-0.04878088,-0.07580599,0.961093918683233,1.0
EHD1,-0.04882563,-0.08632926,0.9610582588250814,1.0
METTL9,-0.048922576,-0.10264411,0.96098099606645,1.0
SNF8,-0.048933763,-0.0690106,0.9609720811563295,1.0
SHB,-0.049056817,-0.050240986,0.9608740174673299,1.0
AL022341.2,-0.04914631,-1.0529191,0.9608026987925127,1.0
AL158077.2,-0.04915004,-0.6366235,0.9607997271878651,1.0
TOMM40L,-0.04917614,-0.18821499,0.9607789259705843,1.0
SUGP2,-0.04917614,-0.03810876,0.9607789259705843,1.0
SLC44A5,-0.04925072,-0.6753509,0.9607194940683829,1.0
RALGDS,-0.049317837,-0.108642325,0.9606660055430314,1.0
MTERF4,-0.049384955,-0.028603936,0.9606125171947365,1.0
AC006213.3,-0.049474448,-0.056686964,0.9605411996728467,1.0
AC068286.2,-0.049511738,0.23508583,0.9605114841318876,1.0
CMBL,-0.04963479,-0.1219099,0.9604134232361883,1.0
AMACR,-0.049701907,-0.25045526,0.9603599357272412,1.0
AC109466.1,-0.049757842,-0.37045178,0.9603153629394107,1.0
MEIS1-AS2,-0.04988462,-0.49410212,0.9602143317464737,1.0
SMCR8,-0.049940556,-0.046854146,0.9601697593643889,1.0
KLHL4,-0.04998157,-0.42188892,0.9601370730299817,1.0
AC092650.1,-0.050168015,-0.086457655,0.9599884996280492,1.0
DUSP22,-0.050264966,-0.087520726,0.9599112420079159,1.0
ZNF252P-AS1,-0.05040666,0.45719913,0.9597983277020826,1.0
LINC00526,-0.05041412,-0.06533845,0.9597923848662013,1.0
AL354920.1,-0.050421577,0.06873897,0.9597864420325544,1.0
AP003472.1,-0.050436493,0.18166405,0.9597745563719648,1.0
AL110115.2,-0.050436493,0.072235,0.9597745563719648,1.0
AC114752.1,-0.05044395,-19.952953,0.9597686135450229,1.0
NARF-IT1,-0.05044395,-20.311485,0.9597686135450229,1.0
AL136295.6,-0.05044395,-20.131037,0.9597686135450229,1.0
LITAFD,-0.05044395,-19.903667,0.9597686135450229,1.0
AL022069.3,-0.05044395,-19.774042,0.9597686135450229,1.0
AC005871.2,-0.05044395,-19.663418,0.9597686135450229,1.0
AC006946.2,-0.05044395,-19.912167,0.9597686135450229,1.0
SLC13A2,-0.05044395,-19.812141,0.9597686135450229,1.0
AC073869.3,-0.05044395,-20.037148,0.9597686135450229,1.0
FCRL5,-0.05044395,-20.090199,0.9597686135450229,1.0
GRIN1,-0.05044395,-20.454573,0.9597686135450229,1.0
AC006942.1,-0.05044395,-19.96923,0.9597686135450229,1.0
SLC1A6,-0.05044395,-19.969082,0.9597686135450229,1.0
GOLGA8Q,-0.05044395,-20.369572,0.9597686135450229,1.0
LINC01480,-0.05044395,-19.826714,0.9597686135450229,1.0
SLC22A15,-0.05044395,-20.167152,0.9597686135450229,1.0
AC133552.5,-0.05044395,-20.095686,0.9597686135450229,1.0
AC007032.1,-0.05044395,-20.19331,0.9597686135450229,1.0
CCDC71L,-0.05044395,-20.328415,0.9597686135450229,1.0
AL109653.3,-0.05044395,-19.966244,0.9597686135450229,1.0
NGF,-0.05044395,-20.159023,0.9597686135450229,1.0
CILP2,-0.05044395,-20.17579,0.9597686135450229,1.0
AC097487.1,-0.05044395,-20.131954,0.9597686135450229,1.0
AP000777.2,-0.05044395,-20.173662,0.9597686135450229,1.0
AC073534.2,-0.05044395,-19.985302,0.9597686135450229,1.0
LINC02206,-0.05044395,-20.100817,0.9597686135450229,1.0
LINC01983,-0.05044395,-20.091347,0.9597686135450229,1.0
LINC01865,-0.05044395,-19.372805,0.9597686135450229,1.0
AC093639.3,-0.05044395,-19.884378,0.9597686135450229,1.0
AL031600.2,-0.05044395,-19.831394,0.9597686135450229,1.0
AC015563.1,-0.05044395,-19.707438,0.9597686135450229,1.0
AP003168.2,-0.05044395,-19.983454,0.9597686135450229,1.0
AP001351.1,-0.05044395,-20.155294,0.9597686135450229,1.0
ADGRG7,-0.05044395,-19.92246,0.9597686135450229,1.0
AC084871.3,-0.05044395,-19.803596,0.9597686135450229,1.0
FBLN2,-0.05044395,-20.152697,0.9597686135450229,1.0
MRVI1,-0.05044395,-19.933186,0.9597686135450229,1.0
AL354950.3,-0.05044395,-20.04547,0.9597686135450229,1.0
LINC01677,-0.05044395,-19.84249,0.9597686135450229,1.0
AL139099.2,-0.05044395,-19.995584,0.9597686135450229,1.0
AC111194.2,-0.05044395,-20.178013,0.9597686135450229,1.0
AC124242.3,-0.05044395,-19.721735,0.9597686135450229,1.0
DUOXA1,-0.05044395,-20.27709,0.9597686135450229,1.0
AC048344.1,-0.05044395,-20.046326,0.9597686135450229,1.0
CA8,-0.05044395,-19.901379,0.9597686135450229,1.0
TMC3,-0.05044395,-20.15321,0.9597686135450229,1.0
HNF1B,-0.05044395,-20.364235,0.9597686135450229,1.0
AC107214.2,-0.05044395,-20.06646,0.9597686135450229,1.0
LINC01709,-0.05044395,-20.011951,0.9597686135450229,1.0
IGSF5,-0.05044395,-20.131765,0.9597686135450229,1.0
TREH,-0.05044395,-20.151352,0.9597686135450229,1.0
FGF10,-0.05044395,-20.150595,0.9597686135450229,1.0
TMEM202,-0.05044395,-20.246256,0.9597686135450229,1.0
AC011445.2,-0.05044395,-20.134338,0.9597686135450229,1.0
AC092933.2,-0.05044395,-20.412086,0.9597686135450229,1.0
AL450327.1,-0.05044395,-19.917341,0.9597686135450229,1.0
AC004449.1,-0.05044395,-19.8387,0.9597686135450229,1.0
AC002331.1,-0.05044395,-20.1776,0.9597686135450229,1.0
AC009413.2,-0.05044395,-19.939373,0.9597686135450229,1.0
GPR182,-0.05044395,-19.674513,0.9597686135450229,1.0
AC090617.10,-0.05044395,-20.175158,0.9597686135450229,1.0
LINC01179,-0.05044395,-19.783594,0.9597686135450229,1.0
VPREB3,-0.05044395,-20.22034,0.9597686135450229,1.0
AC017053.1,-0.05044395,-19.975616,0.9597686135450229,1.0
AC245164.2,-0.05044395,-19.647291,0.9597686135450229,1.0
MIR3142HG,-0.05044395,-19.788311,0.9597686135450229,1.0
AC091534.1,-0.05044395,-20.085405,0.9597686135450229,1.0
FAM180B,-0.05044395,-19.94673,0.9597686135450229,1.0
AC008662.1,-0.05044395,-20.046759,0.9597686135450229,1.0
KCNK9,-0.05044395,-20.01592,0.9597686135450229,1.0
ZMAT1,-0.05044395,-20.242275,0.9597686135450229,1.0
NRK,-0.05044395,-20.009375,0.9597686135450229,1.0
ISLR2,-0.05044395,-20.144217,0.9597686135450229,1.0
LINC01351,-0.05044395,-20.096304,0.9597686135450229,1.0
AL158167.1,-0.05044395,-19.701643,0.9597686135450229,1.0
LINC01035,-0.05044395,-20.070312,0.9597686135450229,1.0
AC068338.2,-0.05044395,-20.209286,0.9597686135450229,1.0
GNA14-AS1,-0.05044395,-20.26272,0.9597686135450229,1.0
SCUBE1,-0.05044395,-20.007057,0.9597686135450229,1.0
AL355075.2,-0.05044395,-19.97828,0.9597686135450229,1.0
WDR87,-0.05044395,-19.933369,0.9597686135450229,1.0
AC095050.1,-0.05044395,-20.043036,0.9597686135450229,1.0
AL022323.5,-0.05044395,-19.989433,0.9597686135450229,1.0
LINC02174,-0.05044395,-19.918633,0.9597686135450229,1.0
AC016526.4,-0.05044395,-19.990904,0.9597686135450229,1.0
SLC5A1,-0.05044395,-20.140827,0.9597686135450229,1.0
RNF185-AS1,-0.05044395,-19.872366,0.9597686135450229,1.0
AC079163.2,-0.05044395,-19.983639,0.9597686135450229,1.0
AC092634.4,-0.05044395,-19.882778,0.9597686135450229,1.0
CLCN1,-0.05044395,-19.94336,0.9597686135450229,1.0
TRAJ14,-0.05044395,-19.718307,0.9597686135450229,1.0
KLRB1,-0.05045141,-0.18718189,0.9597626707203166,1.0
GFOD1-AS1,-0.05047378,-0.3744163,0.9597448422596151,1.0
IL15RA,-0.050496154,-0.38871515,0.9597270138190465,1.0
SPRN,-0.050496154,-0.4079131,0.9597270138190465,1.0
KDM7A-DT,-0.050496154,-0.6033971,0.9597270138190465,1.0
M1AP,-0.05050734,-0.09035063,0.9597180996063148,1.0
AC023644.1,-0.050533444,-0.49291044,0.9596972997961961,1.0
LINC01808,-0.0505409,-0.6499712,0.9596913569983435,1.0
CT69,-0.05057073,-0.8603559,0.9596675858293363,1.0
CYB561D1,-0.050581917,-0.1568975,0.9596586716502027,1.0
KLHL6,-0.050593104,-1.1953806,0.9596497574761131,1.0
EIPR1-IT1,-0.050600562,-1.193269,0.9596438146961894,1.0
GBP3,-0.05060802,-0.13418452,0.9596378719185084,1.0
AC011586.2,-0.050622936,-1.2017708,0.9596259863698754,1.0
DNAH5,-0.050622936,-1.3676457,0.9596259863698754,1.0
NPIPB3,-0.050630394,-0.09209553,0.959620043598924,1.0
AC013549.3,-0.05064531,-0.17305708,0.9596081580637535,1.0
ACVR1C,-0.05064531,-1.1770478,0.9596081580637535,1.0
TTR,-0.05067514,-1.9740429,0.95958438702035,1.0
AL445426.1,-0.05067514,-1.8636652,0.95958438702035,1.0
LINC01864,-0.05067514,-0.0598706,0.95958438702035,1.0
IQCC,-0.05067514,-0.07819817,0.95958438702035,1.0
LINC01609,-0.050690055,-0.3067161,0.9595725015121221,1.0
AC007277.1,-0.050697513,0.0012387144,0.9595665587613779,1.0
HS3ST2,-0.050697513,-3.138131,0.9595665587613779,1.0
AC087762.1,-0.05071243,-3.1465611,0.9595546732666305,1.0
AL118558.3,-0.050727345,-2.9879997,0.9595427877808731,1.0
AC007686.4,-0.050727345,-0.57820255,0.9595427877808731,1.0
ZNF503-AS1,-0.050742257,-0.2851698,0.9595309023041085,1.0
TM4SF19-AS1,-0.050749715,-0.7762959,0.9595249595690993,1.0
AC005332.1,-0.050757173,-0.67910284,0.9595190168363394,1.0
FAHD1,-0.050783277,-0.16960424,0.9594982172893965,1.0
AC079354.3,-0.050794464,-0.6921306,0.9594893032062889,1.0
AC090517.2,-0.050861582,-1.0060519,0.9594358188140489,1.0
PRPF38B,-0.0508765,-0.032685515,0.9594239334183381,1.0
AC004593.3,-0.050880227,-0.05745035,0.9594209620708196,1.0
AC126696.3,-0.050891414,-0.2517494,0.9594120480316465,1.0
AL583810.1,-0.0509287,-0.49600863,0.9593823346043936,1.0
AC036176.1,-0.0509287,-1.2018821,0.9593823346043936,1.0
AL513314.2,-0.05093616,-0.44853854,0.959376391925713,1.0
GRIK5,-0.051018193,-0.30327412,0.9593110226092891,1.0
AC011491.3,-0.051048025,-1.7627646,0.9592872520165798,1.0
EFCAB10,-0.051048025,-0.04056897,0.9592872520165798,1.0
PRDM1,-0.051100228,-2.377754,0.9592456535664527,1.0
AC010624.3,-0.051122602,-1.7770207,0.959227825693219,1.0
RIPPLY3,-0.051219553,-0.86748487,0.9591505718116167,1.0
TTC33,-0.05132396,-0.024520652,0.9590673757527793,1.0
CCDC28B,-0.05132396,-0.76568455,0.9590673757527793,1.0
RS1,-0.051428366,-1.4287714,0.9589841801397577,1.0
FAM83A,-0.05151413,0.4543897,0.9589158412203493,1.0
AP000721.2,-0.051566336,-0.0036388845,0.9588742437650218,1.0
AL031710.1,-0.05158871,-0.08717848,0.9588564163184399,1.0
AL139142.1,-0.051599894,-1.7202759,0.9588475026028644,1.0
DUSP6,-0.051726677,-0.5266552,0.9587464808528717,1.0
ZBTB32,-0.05187583,-1.1941106,0.9586276325835319,1.0
PLAGL1,-0.05187583,-0.32169357,0.9586276325835319,1.0
ESD,-0.0520138,-0.060734574,0.9585176987530516,1.0
SLC30A5,-0.052159224,0.0064838044,0.9584018234074214,1.0
PWWP2B,-0.052192785,-0.11692779,0.9583750830677765,1.0
LCMT1-AS1,-0.052446347,-0.141343,0.958173046461975,1.0
C19orf53,-0.052506007,0.020789403,0.9581255088270622,1.0
BMP2,-0.05253584,0.12090173,0.9581017400654387,1.0
PPP1R26,-0.05255075,-0.11674611,0.9580898556985945,1.0
AC005070.3,-0.052606687,-0.26592064,0.9580452894059132,1.0
E2F3-IT1,-0.052703638,-0.21296148,0.9579680414759867,1.0
AC007638.2,-0.0527633,-0.30899194,0.9579205044844794,1.0
H1FX-AS1,-0.052875165,0.21542689,0.9578313730288724,1.0
AC084855.2,-0.05294974,0.1878135,0.9577719523512899,1.0
AC129510.2,-0.0529833,0.04258227,0.9577452131229099,1.0
CCDC28A,-0.05301313,-0.21435532,0.9577214449598191,1.0
ZNF414,-0.05307652,-0.43272734,0.9576709377380798,1.0
AP004609.3,-0.053098895,-20.46183,0.9576531117003808,1.0
MIR194-2HG,-0.053098895,-19.923296,0.9576531117003808,1.0
AC174065.1,-0.053098895,-19.957703,0.9576531117003808,1.0
TEX26-AS1,-0.053098895,-20.209166,0.9576531117003808,1.0
AC026333.3,-0.053098895,-19.590183,0.9576531117003808,1.0
PXDN,-0.053098895,-20.234138,0.9576531117003808,1.0
AL135838.1,-0.053098895,-20.22214,0.9576531117003808,1.0
LINC01063,-0.053098895,-20.26704,0.9576531117003808,1.0
TMEM52,-0.053098895,-20.235167,0.9576531117003808,1.0
AL139020.1,-0.053098895,-20.296085,0.9576531117003808,1.0
AC008663.1,-0.053098895,-20.306065,0.9576531117003808,1.0
AC136944.2,-0.053098895,-20.287733,0.9576531117003808,1.0
MAOB,-0.053098895,-20.260668,0.9576531117003808,1.0
SH2D4A,-0.053098895,-20.198795,0.9576531117003808,1.0
AC078962.1,-0.053098895,-20.421156,0.9576531117003808,1.0
LPA,-0.053098895,-19.920643,0.9576531117003808,1.0
AC120042.2,-0.053098895,-19.993431,0.9576531117003808,1.0
ALG1L,-0.053098895,-20.056782,0.9576531117003808,1.0
REV3L-IT1,-0.053098895,-19.619392,0.9576531117003808,1.0
AC068792.1,-0.053098895,-20.271883,0.9576531117003808,1.0
AC011005.4,-0.053098895,-19.773388,0.9576531117003808,1.0
AC005808.1,-0.053098895,-20.117392,0.9576531117003808,1.0
AC022613.2,-0.053098895,-19.904018,0.9576531117003808,1.0
AC005520.3,-0.053098895,-20.094479,0.9576531117003808,1.0
AL359237.1,-0.053098895,-19.87495,0.9576531117003808,1.0
AC004946.1,-0.053098895,-20.052837,0.9576531117003808,1.0
ZAR1L,-0.053098895,-20.154903,0.9576531117003808,1.0
AC068014.1,-0.053098895,-20.21826,0.9576531117003808,1.0
TLX1NB,-0.053098895,-20.183144,0.9576531117003808,1.0
IZUMO1,-0.053098895,-20.371822,0.9576531117003808,1.0
SIGLEC11,-0.053098895,-20.018162,0.9576531117003808,1.0
LINC01905,-0.053098895,-19.487803,0.9576531117003808,1.0
FAM71F1,-0.053098895,-20.33588,0.9576531117003808,1.0
MIR7-3HG,-0.053098895,-20.282463,0.9576531117003808,1.0
AL591848.2,-0.053098895,-19.796503,0.9576531117003808,1.0
AL132655.1,-0.053098895,-19.917643,0.9576531117003808,1.0
ZBP1,-0.053098895,-19.949327,0.9576531117003808,1.0
IL17REL,-0.053098895,-19.593431,0.9576531117003808,1.0
LINC02600,-0.053098895,-20.240168,0.9576531117003808,1.0
AP006565.1,-0.053098895,-20.067062,0.9576531117003808,1.0
SEC14L3,-0.053098895,-20.035496,0.9576531117003808,1.0
AC107208.1,-0.053098895,-20.140627,0.9576531117003808,1.0
AP002768.1,-0.053098895,-20.054014,0.9576531117003808,1.0
NPC1L1,-0.053098895,-20.236078,0.9576531117003808,1.0
LINC01972,-0.053098895,-20.29393,0.9576531117003808,1.0
AL024508.2,-0.053098895,-20.259407,0.9576531117003808,1.0
AC096585.1,-0.053098895,-20.167042,0.9576531117003808,1.0
AL031710.2,-0.053098895,-20.286083,0.9576531117003808,1.0
AC090617.3,-0.053098895,-20.007238,0.9576531117003808,1.0
KLF4,-0.053098895,-20.059673,0.9576531117003808,1.0
LINC02320,-0.053098895,-20.022604,0.9576531117003808,1.0
LINC01901,-0.053098895,-19.969522,0.9576531117003808,1.0
PRDM14,-0.053098895,-20.101732,0.9576531117003808,1.0
LPP-AS2,-0.053098895,-20.106144,0.9576531117003808,1.0
CPN1,-0.053098895,-20.40581,0.9576531117003808,1.0
AC008592.4,-0.053098895,-20.126945,0.9576531117003808,1.0
AC007614.1,-0.053098895,-20.284164,0.9576531117003808,1.0
SP140L,-0.053098895,-20.27138,0.9576531117003808,1.0
LINC00351,-0.053098895,-19.972137,0.9576531117003808,1.0
DHRS7C,-0.053098895,-20.289398,0.9576531117003808,1.0
AC064836.2,-0.053098895,-20.27732,0.9576531117003808,1.0
AC093725.2,-0.053098895,-20.116995,0.9576531117003808,1.0
CATIP,-0.053098895,-19.984352,0.9576531117003808,1.0
AC106736.1,-0.053098895,-19.936438,0.9576531117003808,1.0
AC002044.1,-0.053098895,-20.23289,0.9576531117003808,1.0
C1RL,-0.053098895,-20.029123,0.9576531117003808,1.0
AC068759.1,-0.053098895,-20.117552,0.9576531117003808,1.0
ZNF667,-0.053098895,-20.083744,0.9576531117003808,1.0
LINC00376,-0.053098895,-19.96334,0.9576531117003808,1.0
C20orf203,-0.053098895,-20.283876,0.9576531117003808,1.0
HMGCLL1,-0.053098895,-19.943348,0.9576531117003808,1.0
LINC01965,-0.053098895,-20.478428,0.9576531117003808,1.0
AL391645.1,-0.053098895,-19.994387,0.9576531117003808,1.0
SLC25A21-AS1,-0.053098895,-20.031013,0.9576531117003808,1.0
AC116158.2,-0.053098895,-19.999868,0.9576531117003808,1.0
BX324167.1,-0.053098895,-20.283773,0.9576531117003808,1.0
SYNPR-AS1,-0.053098895,-19.825283,0.9576531117003808,1.0
LINC00927,-0.053098895,-19.789885,0.9576531117003808,1.0
AL355297.3,-0.053098895,-20.021524,0.9576531117003808,1.0
SOX2,-0.05311008,-0.22776097,0.9576441986894721,1.0
CXorf58,-0.05311008,-0.28029597,0.9576441986894721,1.0
WAS,-0.053136185,0.06440478,0.9576234016846138,1.0
GRHL3,-0.05314737,-0.6611347,0.9576144886913609,1.0
TDRKH-AS1,-0.053162284,-0.6213089,0.9576026047086001,1.0
LINC01568,-0.05318466,-0.62973654,0.9575847787521284,1.0
LYZL4,-0.053192116,-0.62795806,0.957578836771351,1.0
PARP3,-0.053248048,-0.0053693024,0.9575342719906769,1.0
AC034228.1,-0.053262964,-0.15789306,0.9575223880715742,1.0
AL596257.1,-0.053266693,-1.6023384,0.9575194170932736,1.0
TMEM59L,-0.053266693,-1.2127796,0.9575194170932736,1.0
DEPDC1-AS1,-0.053285338,-0.12769374,0.9575045622106231,1.0
CYP8B1,-0.053289067,-1.4858768,0.9575015912358638,1.0
AC016526.2,-0.0533189,-1.6904579,0.9574778234590453,1.0
LCK,-0.053363644,-2.8698888,0.9574421718647063,1.0
AC003682.1,-0.053367373,-0.74067134,0.957439200902353,1.0
LINC02008,-0.053397205,-0.7856759,0.9574154332248144,1.0
GLRA3,-0.053419575,-0.7034333,0.9573976074915043,1.0
PTGDR2,-0.053427033,-0.21541587,0.9573916655851348,1.0
RBSN,-0.053460594,-0.10187955,0.957364927035775,1.0
RSPH9,-0.05347178,0.06460129,0.9573560141966475,1.0
JAK3,-0.053509068,-0.9671732,0.9573263047713994,1.0
AC090971.1,-0.05357246,-0.5486967,0.9572757988845435,1.0
AC133961.1,-0.05357619,-1.1273761,0.957272827955362,1.0
AC007736.1,-0.053650767,-0.31648844,0.9572134094964262,1.0
AC073365.1,-0.05366941,-0.24379979,0.9571985549188262,1.0
SERPINH1,-0.05367314,-0.107187405,0.9571955840050898,1.0
FUT2,-0.05367314,-1.507649,0.9571955840050898,1.0
BRSK2,-0.053676866,-0.27305615,0.9571926130919478,1.0
ARL13B,-0.053758904,-0.034596406,0.9571272531533426,1.0
TSPEAR-AS2,-0.053785004,-2.0795836,0.9571064568696677,1.0
AL627171.2,-0.053945344,-0.17747487,0.9569787089110017,1.0
OAZ3,-0.053952802,-1.2055285,0.9569727671723491,1.0
AC092295.1,-0.05399382,-0.29455236,0.9569400876525036,1.0
SCTR,-0.054019924,-0.97845316,0.9569192916320994,1.0
AC012485.1,-0.05425857,0.0877729,0.9567291579498084,1.0
AC104590.1,-0.054333147,-0.3701205,0.9566697416784781,1.0
NMNAT2,-0.054340605,-0.2906548,0.9566638000645812,1.0
GORAB,-0.054497216,-0.028538791,0.956539026729472,1.0
HINT3,-0.05480671,-0.22863793,0.9562924539875552,1.0
DRC1,-0.054985695,0.2564127,0.956149859610339,1.0
LAMP2,-0.05500434,-0.19916378,0.9561350061100058,1.0
FAM122B,-0.0550379,-0.27517945,0.9561082698477952,1.0
SLAIN1,-0.055052817,0.019148182,0.9560963870804401,1.0
LINC00662,-0.055254173,-0.002015927,0.9559359706772236,1.0
HCCS,-0.05549282,-0.5914792,0.9557458498443231,1.0
OLIG2,-0.05572401,0.046340965,0.9555616726883394,1.0
DRICH1,-0.05572401,-0.14205249,0.9555616726883394,1.0
EDNRB-AS1,-0.055738926,-0.14693032,0.9555497903725507,1.0
AL590714.1,-0.055746384,-0.05174915,0.9555438492183607,1.0
GAL3ST1,-0.05575384,-20.194239,0.9555379080666405,1.0
LINC01672,-0.05575384,-20.399279,0.9555379080666405,1.0
OR11G2,-0.05575384,-20.29146,0.9555379080666405,1.0
SOX15,-0.05575384,-20.299118,0.9555379080666405,1.0
PLAC4,-0.05575384,-20.144503,0.9555379080666405,1.0
AC073912.2,-0.05575384,-19.999647,0.9555379080666405,1.0
CASC16,-0.05575384,-20.024836,0.9555379080666405,1.0
THSD8,-0.05575384,-0.26715693,0.9555379080666405,1.0
AL360181.2,-0.05575384,-20.359224,0.9555379080666405,1.0
HTATIP2,-0.05575384,-20.136913,0.9555379080666405,1.0
PRDM16,-0.05575384,-20.070898,0.9555379080666405,1.0
AC009158.1,-0.05575384,-20.263716,0.9555379080666405,1.0
LINC02261,-0.05575384,-20.27057,0.9555379080666405,1.0
AL592402.1,-0.05575384,-20.220722,0.9555379080666405,1.0
AC110597.3,-0.05575384,-19.960491,0.9555379080666405,1.0
HSPA1A,-0.05575384,-19.785345,0.9555379080666405,1.0
AC100778.2,-0.05575384,-20.115923,0.9555379080666405,1.0
C20orf78,-0.05575384,-20.145983,0.9555379080666405,1.0
NKX3-1,-0.05575384,-20.343063,0.9555379080666405,1.0
JPH4,-0.05575384,-20.197958,0.9555379080666405,1.0
CD84,-0.05575384,-19.994627,0.9555379080666405,1.0
CYP4Z1,-0.05575384,-19.96065,0.9555379080666405,1.0
LIF-AS1,-0.05575384,-20.390963,0.9555379080666405,1.0
AC005776.2,-0.05575384,-20.157448,0.9555379080666405,1.0
AC005996.1,-0.05575384,-19.893087,0.9555379080666405,1.0
BEND2,-0.05575384,-20.028955,0.9555379080666405,1.0
LINC02520,-0.05575384,-20.2215,0.9555379080666405,1.0
CCL25,-0.05575384,-20.242271,0.9555379080666405,1.0
TGFA,-0.05575384,-20.194529,0.9555379080666405,1.0
AL139124.1,-0.05575384,-20.319378,0.9555379080666405,1.0
AC108676.1,-0.05575384,-20.064829,0.9555379080666405,1.0
AC131944.1,-0.05575384,-20.361012,0.9555379080666405,1.0
UBE2L5,-0.05575384,-20.319834,0.9555379080666405,1.0
LINC02457,-0.05575384,-20.02707,0.9555379080666405,1.0
AP003900.1,-0.05575384,-19.879929,0.9555379080666405,1.0
AC105219.4,-0.05575384,-20.20105,0.9555379080666405,1.0
MSLNL,-0.05575384,-20.249802,0.9555379080666405,1.0
FAM90A1,-0.05575384,-20.27012,0.9555379080666405,1.0
AL442636.1,-0.05575384,-20.108814,0.9555379080666405,1.0
AL352979.2,-0.05575384,-20.113749,0.9555379080666405,1.0
AC092979.2,-0.05575384,-20.214405,0.9555379080666405,1.0
ARHGDIB,-0.05575384,-19.757881,0.9555379080666405,1.0
TSPYL6,-0.05575384,-20.254892,0.9555379080666405,1.0
ANGPTL6,-0.05575384,-20.048473,0.9555379080666405,1.0
AL122003.2,-0.05575384,-20.224325,0.9555379080666405,1.0
CCDC151,-0.05575384,-20.105759,0.9555379080666405,1.0
SILC1,-0.05575384,-20.095552,0.9555379080666405,1.0
TNFAIP6,-0.05575384,-20.035519,0.9555379080666405,1.0
AC010336.3,-0.05575384,-19.956553,0.9555379080666405,1.0
LINC02819,-0.05575384,-20.249327,0.9555379080666405,1.0
TRIM42,-0.05575384,-20.258938,0.9555379080666405,1.0
AC069200.1,-0.05575384,-19.96499,0.9555379080666405,1.0
AL513548.4,-0.05575384,-20.00828,0.9555379080666405,1.0
PTOV1-AS2,-0.05575384,-19.966146,0.9555379080666405,1.0
CHRDL2,-0.05575384,-20.285368,0.9555379080666405,1.0
AC022140.1,-0.05575384,-19.837185,0.9555379080666405,1.0
AC096537.1,-0.05575384,-20.519611,0.9555379080666405,1.0
AC010973.1,-0.05575384,-20.173464,0.9555379080666405,1.0
AC005162.2,-0.05575384,-19.911957,0.9555379080666405,1.0
SPEGNB,-0.05575384,-20.265068,0.9555379080666405,1.0
TTC9B,-0.05575384,-20.005661,0.9555379080666405,1.0
LINC02262,-0.05575384,-20.206553,0.9555379080666405,1.0
LINC00634,-0.05575384,-20.25002,0.9555379080666405,1.0
ADAT3,-0.05575384,-20.383135,0.9555379080666405,1.0
AL031767.2,-0.05575384,-20.001616,0.9555379080666405,1.0
LINC01804,-0.05575384,-20.272884,0.9555379080666405,1.0
TGFBI,-0.05575384,-20.106657,0.9555379080666405,1.0
AC007663.2,-0.05575384,-20.06696,0.9555379080666405,1.0
ADAP1,-0.05575384,-20.204891,0.9555379080666405,1.0
BCAS1,-0.05575384,-20.192192,0.9555379080666405,1.0
HUS1B,-0.05575384,-20.28952,0.9555379080666405,1.0
AC091691.3,-0.055761296,-0.048570566,0.9555319669173908,1.0
ANKRD30A,-0.055768754,-0.27849144,0.9555260257706116,1.0
COL11A2,-0.055768754,-0.3670381,0.9555260257706116,1.0
AL157778.1,-0.05578367,-0.3664044,0.9555141434844666,1.0
SCNN1D,-0.05578367,-0.52841705,0.9555141434844666,1.0
ZNF471,-0.05579113,-0.4833236,0.9555082023451015,1.0
MS4A1,-0.055798586,-0.38575104,0.9555022612082081,1.0
LINC02157,-0.05582096,-0.7626906,0.9554844378123633,1.0
AC012511.2,-0.05582842,-0.24905321,0.9554784966853611,1.0
LINC01231,-0.055835877,-0.6845657,0.9554725555608325,1.0
AC025244.1,-0.05584333,-0.7151387,0.9554666144387779,1.0
FAM225A,-0.055895537,-0.3962723,0.9554250266536931,1.0
AL606537.1,-0.055902995,-0.9550427,0.9554190855514417,1.0
AC093835.1,-0.055910453,-1.2476453,0.9554131444516673,1.0
AC078980.1,-0.055910453,-1.1058425,0.9554131444516673,1.0
GABRB2,-0.055932824,-0.40977693,0.9553953211672086,1.0
AK3,-0.055932824,-0.058909666,0.9553953211672086,1.0
ANOS1,-0.05594774,-1.7045226,0.9553834389899599,1.0
AL035427.2,-0.05597757,-1.6601171,0.9553596746652118,1.0
SMIM11B,-0.055999946,-2.2526672,0.9553418514476915,1.0
KIAA1211L,-0.056007404,-2.1709495,0.9553359103801466,1.0
EFHC2,-0.056007404,-2.191067,0.9553359103801466,1.0
AC109460.4,-0.056022316,-2.7412395,0.9553240282525017,1.0
AC117377.1,-0.056029774,-2.7785711,0.9553180871924024,1.0
LINC01010,-0.056029774,-2.8806276,0.9553180871924024,1.0
MSRB1,-0.056037232,-2.4316716,0.9553121461347855,1.0
AL360181.1,-0.056059606,-0.16871539,0.9552943229768333,1.0
JMJD1C-AS1,-0.0561491,-0.516263,0.9552230305686561,1.0
EXD1,-0.056171473,-0.8735307,0.9552052075225642,1.0
WASF2,-0.056193843,-0.10439148,0.9551873844988712,1.0
AC108169.1,-0.05620876,-0.47996438,0.955175502495524,1.0
AC006504.7,-0.056260966,-0.36642948,0.9551339155622736,1.0
AC022075.1,-0.056283336,-0.31894404,0.9551160926282645,1.0
LINC00639,-0.056290794,-1.5366253,0.9551101516552485,1.0
NELFE,-0.05636164,-0.13100852,0.9550537125360317,1.0
AC092422.1,-0.05649961,-0.3661675,0.9549438054245751,1.0
AC004039.1,-0.05650707,-0.0035995943,0.9549378645240195,1.0
LINC01909,-0.05653317,-0.13269752,0.9549170713917924,1.0
AC019294.2,-0.056648765,-0.6233347,0.9548249878895159,1.0
TSPAN16,-0.056686055,-0.44857982,0.9547952836625127,1.0
MOAP1,-0.05670097,-0.33225965,0.9547834019892893,1.0
P3H3,-0.056775548,-0.09501953,0.9547239937739541,1.0
FSTL5,-0.05683148,0.22669974,0.9546794377775097,1.0
AC018511.2,-0.057017922,-0.16034704,0.9545309188130396,1.0
IRF9,-0.05702911,-0.31806928,0.9545220077253271,1.0
MAPK8,-0.057107415,-0.008541942,0.9544596302705791,1.0
CDYL,-0.05729013,-0.011547405,0.9543140839616006,1.0
ZIK1,-0.05729386,-0.65009373,0.9543111136446113,1.0
AC245140.2,-0.057297587,-0.09778213,0.9543081433282565,1.0
AC020911.2,-0.057319958,-1.2125821,0.9542903214434567,1.0
ARRDC4,-0.057323687,0.2309954,0.9542873511315453,1.0
DMTN,-0.057394534,-0.8902319,0.9542309153259063,1.0
PDXK,-0.057394534,-0.07132229,0.9542309153259063,1.0
C2orf76,-0.057435554,-0.041268308,0.954198242069618,1.0
AP001042.1,-0.0575064,-0.66420543,0.9541418066264522,1.0
AP003352.1,-0.057532504,-0.32905433,0.9541210146790207,1.0
CCP110,-0.057558607,-0.32071245,0.9541002227628126,1.0
AMN,-0.057663012,0.16314037,0.9540170554104979,1.0
ABALON,-0.05770776,-0.18387643,0.9539814124127303,1.0
KCNAB1,-0.057983696,-0.14985858,0.9537616159629763,1.0
AC026771.1,-0.0580359,-0.68080205,0.9537200332459457,1.0
PIGV,-0.058106747,0.20108807,0.9536635997600772,1.0
SHISA5,-0.058311835,-0.48295715,0.9535002409800412,1.0
AL096865.1,-0.058375224,0.05630237,0.9534497486611326,1.0
ROCR,-0.058375224,-0.14938335,0.9534497486611326,1.0
ZBTB48,-0.058382683,-0.09037144,0.9534438084005998,1.0
SNTG2,-0.058405057,-0.117004365,0.9534259876345209,1.0
LINC02177,-0.058408786,-20.16334,0.9534230175091049,1.0
AL627171.1,-0.058408786,-20.211056,0.9534230175091049,1.0
AC092803.1,-0.058408786,-20.427406,0.9534230175091049,1.0
PIANP,-0.058408786,-20.341383,0.9534230175091049,1.0
ZNF831,-0.058408786,-19.94399,0.9534230175091049,1.0
LRRC74B,-0.058408786,-20.1945,0.9534230175091049,1.0
IZUMO2,-0.058408786,-20.153,0.9534230175091049,1.0
AC011388.1,-0.058408786,-20.584978,0.9534230175091049,1.0
AL121583.1,-0.058408786,-20.104448,0.9534230175091049,1.0
AL133268.4,-0.058408786,-20.282103,0.9534230175091049,1.0
UBE2U,-0.058408786,-19.991983,0.9534230175091049,1.0
FCER2,-0.058408786,-20.06739,0.9534230175091049,1.0
AC104689.2,-0.058408786,-20.248968,0.9534230175091049,1.0
Z99716.2,-0.058408786,-20.297379,0.9534230175091049,1.0
AL162386.2,-0.058408786,-20.203302,0.9534230175091049,1.0
PANTR1,-0.058408786,-20.148638,0.9534230175091049,1.0
AL078644.2,-0.058408786,-20.376228,0.9534230175091049,1.0
AJAP1,-0.058408786,-19.92851,0.9534230175091049,1.0
AC091231.1,-0.058408786,-20.23144,0.9534230175091049,1.0
SMC2-AS1,-0.058408786,-20.66178,0.9534230175091049,1.0
LINC02839,-0.058408786,-20.37668,0.9534230175091049,1.0
TTLL10,-0.058408786,-20.261097,0.9534230175091049,1.0
BTLA,-0.058408786,-20.048182,0.9534230175091049,1.0
OOSP4B,-0.058408786,-20.290121,0.9534230175091049,1.0
AC008243.1,-0.058408786,-20.041763,0.9534230175091049,1.0
DAND5,-0.058408786,-20.307545,0.9534230175091049,1.0
AC068790.6,-0.058408786,-20.314142,0.9534230175091049,1.0
AL137798.1,-0.058408786,-20.118431,0.9534230175091049,1.0
CCDC85A,-0.058408786,-19.990265,0.9534230175091049,1.0
CCL24,-0.058408786,-20.288021,0.9534230175091049,1.0
MXRA8,-0.058408786,-20.224255,0.9534230175091049,1.0
OTUD6A,-0.058408786,-20.18245,0.9534230175091049,1.0
AC072039.2,-0.058408786,-19.666222,0.9534230175091049,1.0
AL356133.2,-0.058408786,-20.15485,0.9534230175091049,1.0
AL365255.1,-0.058408786,-20.151829,0.9534230175091049,1.0
LINC02634,-0.058408786,-20.181509,0.9534230175091049,1.0
Z98742.4,-0.058408786,-20.16031,0.9534230175091049,1.0
AL512641.1,-0.058408786,-20.491371,0.9534230175091049,1.0
PCAT19,-0.058408786,-20.245184,0.9534230175091049,1.0
TRAJ27,-0.058408786,-20.025362,0.9534230175091049,1.0
STMND1,-0.058408786,-20.01285,0.9534230175091049,1.0
AC105213.1,-0.058408786,-20.189993,0.9534230175091049,1.0
AC108721.2,-0.058408786,-20.201857,0.9534230175091049,1.0
AL035252.2,-0.058408786,-20.15601,0.9534230175091049,1.0
RBM46,-0.058408786,-20.36011,0.9534230175091049,1.0
LINC02463,-0.058408786,-20.322979,0.9534230175091049,1.0
AC098656.1,-0.058408786,-20.061363,0.9534230175091049,1.0
AC097375.5,-0.058408786,-20.122082,0.9534230175091049,1.0
AL445623.1,-0.058408786,-20.34759,0.9534230175091049,1.0
AC069280.2,-0.058408786,-20.194315,0.9534230175091049,1.0
AC004471.1,-0.058408786,-20.12621,0.9534230175091049,1.0
GALNT6,-0.058408786,-20.510431,0.9534230175091049,1.0
AC016687.2,-0.058408786,-20.273748,0.9534230175091049,1.0
AL731559.1,-0.058408786,-20.271019,0.9534230175091049,1.0
PRRX2,-0.058408786,-20.259434,0.9534230175091049,1.0
AC090948.3,-0.058408786,-20.260248,0.9534230175091049,1.0
AC012557.1,-0.058408786,-20.23887,0.9534230175091049,1.0
CELA1,-0.058408786,-20.362423,0.9534230175091049,1.0
WNT3A,-0.058408786,-20.462727,0.9534230175091049,1.0
AC106729.1,-0.058408786,-20.158596,0.9534230175091049,1.0
CT62,-0.058408786,-20.074003,0.9534230175091049,1.0
AC005912.2,-0.058408786,-20.224487,0.9534230175091049,1.0
MSX1,-0.058408786,-20.286041,0.9534230175091049,1.0
AC004461.2,-0.058408786,-20.020857,0.9534230175091049,1.0
AC105430.1,-0.058408786,-20.540346,0.9534230175091049,1.0
ADGRF5,-0.058408786,-20.255457,0.9534230175091049,1.0
AC024940.1,-0.058408786,-20.198828,0.9534230175091049,1.0
AC006483.2,-0.058408786,-20.303364,0.9534230175091049,1.0
SPATA3,-0.058408786,-20.404,0.9534230175091049,1.0
FEZ1,-0.05842743,-0.15003274,0.9534081668917285,1.0
AL669831.2,-0.058434885,-0.35818374,0.9534022266493074,1.0
PWRN1,-0.058438614,-0.055734135,0.9533992565290675,1.0
AC087235.1,-0.058472175,-0.58339906,0.9533725254760386,1.0
AC090469.1,-0.05849455,-0.7650996,0.9533547048031589,1.0
DNAI2,-0.05854675,-0.9743644,0.9533131233238182,1.0
AC021739.3,-0.058576584,-0.21509281,0.9532893625355335,1.0
LINC01099,-0.058576584,-0.20885135,0.9532893625355335,1.0
CFAP300,-0.058584042,-1.349104,0.9532834223449489,1.0
RAB3A,-0.058584042,-0.24825716,0.9532834223449489,1.0
CFAP221,-0.0585915,-1.5410237,0.9532774821569596,1.0
AL645937.4,-0.05861387,-1.8976315,0.9532596616085666,1.0
SMG1,-0.05862133,-0.012045181,0.9532537214309618,1.0
C12orf42,-0.058636244,-1.9210778,0.953241841083543,1.0
AC008770.3,-0.058639973,-0.5090482,0.9532388709983118,1.0
MIR22HG,-0.058643702,-1.7815082,0.9532359009137299,1.0
AC011933.3,-0.05865862,-2.2958472,0.9532240205818978,1.0
LINC02043,-0.05865862,-2.5729666,0.9532240205818978,1.0
AC006059.5,-0.058669806,-0.6336474,0.9532151103398449,1.0
GSPT2,-0.058673535,-0.26191977,0.95321214026046,1.0
AL157400.1,-0.058680993,-0.21778135,0.9532062001036398,1.0
VWF,-0.058680993,-0.19475712,0.9532062001036398,1.0
EPN1,-0.058699634,-0.24648294,0.953191349722963,1.0
CITED2,-0.058707092,-0.7838712,0.9531854095752428,1.0
FER1L6,-0.058707092,-0.73948324,0.9531854095752428,1.0
AL139035.2,-0.058722008,-0.8301551,0.9531735292876047,1.0
OSR1,-0.05875184,-0.80895823,0.9531497687435476,1.0
XRN2,-0.058763027,-0.018239373,0.9531408585502611,1.0
OR1A1,-0.058789127,-0.9744298,0.9531200681220393,1.0
STAMBPL1,-0.058792856,0.004129052,0.9531170980634688,1.0
BPNT1,-0.058796585,-0.16700955,0.9531141280055493,1.0
NIBAN3,-0.058796585,-1.1016959,0.9531141280055493,1.0
ITGA2,-0.05881896,-1.1890112,0.9530963076717088,1.0
AC008758.2,-0.058867432,-0.54344314,0.9530576970288491,1.0
CELF5,-0.058930825,-0.3210636,0.9530072063544475,1.0
NUTM1,-0.058990486,-1.4476409,0.9529596858920121,1.0
ZNF460-AS1,-0.059005402,-0.2667556,0.952947805802529,1.0
AC245123.1,-0.059020318,-1.6699417,0.9529359257235014,1.0
AC026329.1,-0.059065063,-0.38204852,0.9529002855491783,1.0
CDPF1,-0.05913591,-0.8023485,0.9528438554658363,1.0
AP003469.4,-0.05916947,-0.052151844,0.95281712550886,1.0
AC021660.4,-0.059217945,-1.026221,0.9527785156647188,1.0
AC011383.1,-0.059221674,-0.5145325,0.9527755456812975,1.0
CHAC1,-0.05929998,-0.9374251,0.952713176181017,1.0
POGLUT3,-0.059471507,-0.22108723,0.9525765582881787,1.0
AC026979.1,-0.059475236,-0.7575153,0.9525735883494495,1.0
AC015726.1,-0.059549816,-0.856819,0.9525141897132386,1.0
GLOD4,-0.059553545,0.04789374,0.9525112197883498,1.0
LINC01081,-0.05955727,-0.6966761,0.9525082498641206,1.0
AC096586.1,-0.059620664,-0.20339149,0.9524577612531704,1.0
IFFO2,-0.059643034,-0.5725934,0.952439941788971,1.0
FAM221B,-0.05975863,-1.1304808,0.9523478749362717,1.0
AVPI1,-0.05991151,-0.7781824,0.9522261100758262,1.0
Z69720.1,-0.060027108,-0.14778234,0.9521340447021115,1.0
AC005253.1,-0.060295586,0.009221214,0.951920217913997,1.0
LINC01191,-0.060306773,-0.18924274,0.951911308539503,1.0
MYH13,-0.060347788,-0.33186784,0.9518786408844566,1.0
ZNF888,-0.060399994,-0.11740257,0.9518370639859,1.0
AC068631.1,-0.06043355,-0.12947693,0.951810336048905,1.0
IQCJ-SCHIP1-AS1,-0.060452197,-0.7186284,0.9517954872184401,1.0
NBPF9,-0.060515586,-0.22002143,0.9517450013200749,1.0
AC084024.3,-0.060590167,-0.38576415,0.9516856063934931,1.0
GALNT16,-0.060892202,0.21757454,0.9514450596888168,1.0
MOSPD2,-0.06093322,-0.20869341,0.9514123931930849,1.0
PEX10,-0.060974237,-0.07891418,0.9513797267789971,1.0
CNOT10,-0.060977966,-0.08832046,0.9513767571090395,1.0
C8orf82,-0.06099661,-0.19284493,0.9513619087693808,1.0
AANAT,-0.06100407,0.034145158,0.9513559694382451,1.0
LINC02552,-0.061018985,0.14306588,0.9513440907840802,1.0
AL355816.1,-0.061026443,0.19389196,0.9513381514610519,1.0
LINC01704,-0.06106373,-20.53959,0.9513084548864629,1.0
AC116651.1,-0.06106373,-20.446104,0.9513084548864629,1.0
AL135791.1,-0.06106373,-20.300455,0.9513084548864629,1.0
AC097478.1,-0.06106373,-20.229265,0.9513084548864629,1.0
AC107021.2,-0.06106373,-20.357183,0.9513084548864629,1.0
GATA4,-0.06106373,-20.29243,0.9513084548864629,1.0
ZNF662,-0.06106373,-19.965433,0.9513084548864629,1.0
AC104187.1,-0.06106373,-20.374722,0.9513084548864629,1.0
AC090365.1,-0.06106373,-20.137983,0.9513084548864629,1.0
ITCH-IT1,-0.06106373,-20.239147,0.9513084548864629,1.0
GNLY,-0.06106373,-20.581219,0.9513084548864629,1.0
AC010834.3,-0.06106373,-20.255417,0.9513084548864629,1.0
AC009133.2,-0.06106373,-20.249945,0.9513084548864629,1.0
AC099568.2,-0.06106373,-20.243721,0.9513084548864629,1.0
VWC2,-0.06106373,-20.576136,0.9513084548864629,1.0
CD6,-0.06106373,-20.405533,0.9513084548864629,1.0
LINC02248,-0.06106373,-20.256714,0.9513084548864629,1.0
AC005208.1,-0.06106373,-20.02035,0.9513084548864629,1.0
RNF43,-0.06106373,-20.322472,0.9513084548864629,1.0
LINC01143,-0.06106373,-20.20147,0.9513084548864629,1.0
AL158828.1,-0.06106373,-20.499859,0.9513084548864629,1.0
HIPK1-AS1,-0.06106373,-20.529053,0.9513084548864629,1.0
CASP10,-0.06106373,-20.297945,0.9513084548864629,1.0
AL161756.3,-0.06106373,-20.199663,0.9513084548864629,1.0
COX7A1,-0.06106373,-20.327974,0.9513084548864629,1.0
AC011474.1,-0.06106373,-20.417206,0.9513084548864629,1.0
AC022762.1,-0.06106373,-20.359936,0.9513084548864629,1.0
AC074050.4,-0.06106373,-20.183481,0.9513084548864629,1.0
BANF2,-0.06106373,-20.466496,0.9513084548864629,1.0
ZNRF3-IT1,-0.06106373,-20.193468,0.9513084548864629,1.0
AL139316.1,-0.06106373,-20.231304,0.9513084548864629,1.0
PDZD4,-0.06106373,-20.124596,0.9513084548864629,1.0
AL353689.2,-0.06106373,-20.243494,0.9513084548864629,1.0
AC099066.1,-0.06106373,-20.340723,0.9513084548864629,1.0
ACE,-0.06106373,-20.31316,0.9513084548864629,1.0
AC032011.1,-0.06106373,-20.31179,0.9513084548864629,1.0
KPNA7,-0.06106373,-20.093237,0.9513084548864629,1.0
ZNF687-AS1,-0.06106373,-20.693193,0.9513084548864629,1.0
AC016571.1,-0.06106373,-20.245306,0.9513084548864629,1.0
AC008056.3,-0.06106373,-20.331171,0.9513084548864629,1.0
AL390755.1,-0.06106373,-20.498379,0.9513084548864629,1.0
AC130415.1,-0.06106373,-20.188072,0.9513084548864629,1.0
AC009908.1,-0.06106373,-20.60999,0.9513084548864629,1.0
PPM1K-DT,-0.06106373,-20.218754,0.9513084548864629,1.0
FXYD3,-0.06106373,-20.533285,0.9513084548864629,1.0
CHAT,-0.06106373,-20.480562,0.9513084548864629,1.0
AC000068.2,-0.06106373,-20.579567,0.9513084548864629,1.0
GLOD5,-0.06106373,-20.052109,0.9513084548864629,1.0
AL355597.1,-0.06106373,-20.22098,0.9513084548864629,1.0
TRPV6,-0.06106373,-19.498047,0.9513084548864629,1.0
ALB,-0.06106373,-20.112589,0.9513084548864629,1.0
GFPT2,-0.06106373,-20.485065,0.9513084548864629,1.0
AC008655.2,-0.06106373,-20.460674,0.9513084548864629,1.0
AL390860.1,-0.06106373,-19.987095,0.9513084548864629,1.0
CYP2C8,-0.06106373,-20.3516,0.9513084548864629,1.0
LINC02643,-0.06106373,-20.277578,0.9513084548864629,1.0
CPS1-IT1,-0.06106373,-20.292042,0.9513084548864629,1.0
DLEU2L,-0.06109356,-0.1589929,0.9512846976754749,1.0
LINC00603,-0.06110102,-0.6447506,0.9512787583794922,1.0
AP001554.1,-0.061130848,-0.82058746,0.9512550012226285,1.0
MRPL53,-0.061145764,-0.76290995,0.9512431226604415,1.0
AL157871.1,-0.061153222,-0.77029437,0.9512371833834103,1.0
TAS2R20,-0.06116068,-0.82442546,0.951231244109088,1.0
CFAP97D1,-0.061205424,-0.43410137,0.9511956085200541,1.0
SIAH2-AS1,-0.061205424,-1.1681243,0.9511956085200541,1.0
AL590822.2,-0.0612278,-1.3571122,0.951177790762131,1.0
AC093607.1,-0.061235256,-1.2525531,0.9511718515149136,1.0
LINC00964,-0.06125763,-1.7353029,0.9511540337895362,1.0
C1orf137,-0.06125763,-1.3678218,0.9511540337895362,1.0
AL133335.1,-0.06125763,-1.4075276,0.9511540337895362,1.0
IL5RA,-0.06126509,-1.6113404,0.95114809455317,1.0
CEP290,-0.061272547,-0.06828303,0.9511421553195172,1.0
FRRS1L,-0.06128746,-2.3386714,0.951130276860354,1.0
DUSP9,-0.061294917,-0.28210166,0.9511243376348442,1.0
ST8SIA6,-0.061302375,-2.314497,0.9511183984120493,1.0
PCDHA10,-0.06131729,-2.785674,0.9511065199746056,1.0
MAGIX,-0.06132475,-2.0745196,0.9511005807599574,1.0
AC006547.3,-0.061332207,-1.9369873,0.9510946415480256,1.0
AC124854.1,-0.061339665,-3.0441794,0.9510887023388103,1.0
RGSL1,-0.061339665,-2.8997052,0.9510887023388103,1.0
AC145423.3,-0.061339665,-2.8757844,0.9510887023388103,1.0
AC010487.2,-0.06136204,-3.0014958,0.9510708847274671,1.0
GPRC5A,-0.06141424,-0.8768305,0.9510293103961417,1.0
SLC5A5,-0.061496276,-1.3145624,0.9509639795734022,1.0
LINC02035,-0.061593227,-0.087186076,0.950886770844206,1.0
MSANTD3,-0.061608143,-0.14503905,0.9508748926190792,1.0
MINPP1,-0.061608143,-0.04002654,0.9508748926190792,1.0
PCDH9,-0.061720006,-0.003705027,0.9507858062787267,1.0
MAGOH,-0.061727464,-0.13777763,0.9507798672112271,1.0
AL031658.1,-0.06174984,-2.584745,0.9507620500251338,1.0
AC009831.3,-0.06174984,-2.299934,0.9507620500251338,1.0
AC079779.2,-0.061824415,-0.97817826,0.9507026595826484,1.0
RASSF7,-0.061891537,-1.0140979,0.950649208418527,1.0
PARS2,-0.061921366,-0.60528415,0.9506254524168426,1.0
AC102953.2,-0.06204815,-0.21757089,0.9505244898994887,1.0
SCIMP,-0.062063064,-0.29294676,0.9505126120084546,1.0
SAMD12-AS1,-0.0621451,-0.014520254,0.950447283804379,1.0
AF131215.5,-0.062152553,-0.2809047,0.9504413448932438,1.0
AC009005.1,-0.06216747,-0.8512005,0.9504294670792323,1.0
AC010884.1,-0.06250307,-0.47719538,0.9501622191807175,1.0
RASL10A,-0.0625329,-0.6282711,0.9501384640828078,1.0
AP000248.1,-0.062607475,-0.24287213,0.9500790765319483,1.0
SRCAP,-0.062771544,-0.07894731,0.9499484248965635,1.0
PAXX,-0.06306985,-0.17530064,0.9497108799183454,1.0
TRAPPC3,-0.06309968,-0.25682804,0.9496871256659818,1.0
VASH1,-0.06321528,0.12331884,0.9495950783605914,1.0
IMP4,-0.06324138,-0.20056112,0.9495742935782256,1.0
AL031432.4,-0.06333833,-1.2676449,0.9494970932585087,1.0
AC022893.1,-0.06337189,-0.19724396,0.9494703701813281,1.0
IQCB1,-0.063405454,-0.06905295,0.9494436471609804,1.0
AC005096.1,-0.063412905,-0.7167835,0.9494377087197353,1.0
TMEM67,-0.063424096,-0.13395675,0.9494288010631335,1.0
NFKB2,-0.0635024,0.036732573,0.9493664476439421,1.0
CFAP46,-0.06355461,0.04865002,0.9493248788700458,1.0
CLDN4,-0.06364037,-0.023221457,0.9492565876123891,1.0
AL121790.1,-0.063662745,0.109084696,0.9492387725629762,1.0
LINC02652,-0.063714944,0.04907468,0.9491972042130403,1.0
LINC02096,-0.06371868,-20.313015,0.9491942350504771,1.0
HAPLN1,-0.06371868,-20.475782,0.9491942350504771,1.0
AL591846.2,-0.06371868,-20.522024,0.9491942350504771,1.0
LIVAR,-0.06371868,-20.305454,0.9491942350504771,1.0
AC025442.1,-0.06371868,-20.371729,0.9491942350504771,1.0
AC010857.1,-0.06371868,-20.155272,0.9491942350504771,1.0
IYD,-0.06371868,-20.13651,0.9491942350504771,1.0
FP671120.7,-0.06371868,-20.249187,0.9491942350504771,1.0
AC048337.1,-0.06371868,-20.439861,0.9491942350504771,1.0
CD2BP2-DT,-0.06371868,-20.557148,0.9491942350504771,1.0
C4orf17,-0.06371868,-20.442087,0.9491942350504771,1.0
GRM3,-0.06371868,-20.370241,0.9491942350504771,1.0
MAP1LC3B2,-0.06371868,-20.063122,0.9491942350504771,1.0
LINC00635,-0.06371868,-20.351679,0.9491942350504771,1.0
PTH1R,-0.06371868,-20.351933,0.9491942350504771,1.0
AC138761.1,-0.06371868,-20.401615,0.9491942350504771,1.0
LINC00477,-0.06371868,-20.167435,0.9491942350504771,1.0
EREG,-0.06371868,-20.126614,0.9491942350504771,1.0
CYP19A1,-0.06371868,-20.350475,0.9491942350504771,1.0
AL133247.1,-0.06371868,-20.35003,0.9491942350504771,1.0
SMIM10L2A,-0.06371868,-20.280119,0.9491942350504771,1.0
AL391422.2,-0.06371868,-20.362686,0.9491942350504771,1.0
ADGRF1,-0.06371868,-20.436747,0.9491942350504771,1.0
AC093510.2,-0.06371868,-20.449856,0.9491942350504771,1.0
AC036108.2,-0.06371868,-20.2115,0.9491942350504771,1.0
AL035588.1,-0.06371868,-20.232805,0.9491942350504771,1.0
AC090348.1,-0.06371868,-20.202559,0.9491942350504771,1.0
C2orf80,-0.06371868,-20.064428,0.9491942350504771,1.0
TMEM71,-0.06371868,-20.374842,0.9491942350504771,1.0
AC024475.3,-0.06371868,-20.303947,0.9491942350504771,1.0
AC069307.1,-0.06371868,-20.430933,0.9491942350504771,1.0
TNFSF10,-0.06371868,-20.147053,0.9491942350504771,1.0
PADI2,-0.06371868,-20.502562,0.9491942350504771,1.0
NPIPA8,-0.06371868,-20.390882,0.9491942350504771,1.0
LINC02242,-0.06371868,-20.290346,0.9491942350504771,1.0
AC092053.3,-0.06371868,-20.564081,0.9491942350504771,1.0
AC022325.2,-0.06371868,-20.305523,0.9491942350504771,1.0
AP003307.1,-0.06371868,-20.450758,0.9491942350504771,1.0
AC016587.1,-0.06371868,-20.342346,0.9491942350504771,1.0
UVRAG-DT,-0.06371868,-20.034668,0.9491942350504771,1.0
AL590822.1,-0.06371868,-20.257017,0.9491942350504771,1.0
AL035706.1,-0.06371868,-20.256748,0.9491942350504771,1.0
Z97987.1,-0.06371868,-20.352928,0.9491942350504771,1.0
AL117332.1,-0.06371868,-20.459784,0.9491942350504771,1.0
AC008938.1,-0.06371868,-20.440348,0.9491942350504771,1.0
AC091806.1,-0.06371868,-20.318033,0.9491942350504771,1.0
LINC01591,-0.06371868,-20.35863,0.9491942350504771,1.0
EQTN,-0.06373732,-0.5648597,0.9491793892482439,1.0
WNT9A,-0.063744776,-0.54079163,0.94917345093229,1.0
PRR15L,-0.063770875,-0.1808896,0.9491526668486848,1.0
MYBPC1,-0.063782066,-0.11680241,0.9491437593948724,1.0
P2RY8,-0.06380444,-0.8378078,0.9491259445063152,1.0
AL353748.3,-0.063826814,-0.9843674,0.9491081296431887,1.0
AL627309.1,-0.0638641,-1.2517601,0.9490784382611817,1.0
MYBPC3,-0.06387901,-1.3187182,0.9490665617281745,1.0
LINC01786,-0.0639163,-1.6676538,0.9490368704451688,1.0
SOCS1,-0.06396851,-0.40563253,0.9489953027678544,1.0
CFAP57,-0.06397597,-2.695017,0.948989364539567,1.0
AC010197.1,-0.063983425,-2.927288,0.9489834263141127,1.0
OSGEP,-0.06399088,-0.083763495,0.948977488091492,1.0
LINC01731,-0.0640058,-3.060157,0.9489656116547526,1.0
PTK6,-0.064028166,-0.30529684,0.9489477970209031,1.0
SMIM4,-0.06406919,-0.053360358,0.9489151369251325,1.0
AC022558.3,-0.064128846,-1.0290633,0.9488676314845147,1.0
TUFT1,-0.06415868,-0.23103721,0.9488438788323541,1.0
MYH14,-0.06417733,-0.55266577,0.9488290334478378,1.0
AC027020.2,-0.06418851,-1.2797102,0.9488201262256539,1.0
CAPZA1,-0.064266816,-0.05421979,0.9487577758495119,1.0
SLC35E4,-0.06437122,-0.34191746,0.9486746425028176,1.0
CACNG2,-0.06442716,-2.3652713,0.9486301070111499,1.0
AC008764.7,-0.06445326,-0.5740717,0.948609323836619,1.0
HGH1,-0.06445326,-0.30856732,0.948609323836619,1.0
CBX8,-0.06454275,-0.053245347,0.9485380675037602,1.0
AC016949.1,-0.06455394,-0.49192843,0.9485291604910806,1.0
NRM,-0.06456512,-0.3718174,0.9485202534848329,1.0
AC010530.1,-0.06458004,-1.050431,0.9485083774865103,1.0
VPS11,-0.06462479,-0.07672926,0.9484727495601891,1.0
A2ML1,-0.0646397,-0.14049579,0.9484608736076399,1.0
AC104423.1,-0.06464716,-1.3504485,0.9484549356356587,1.0
AL354710.2,-0.0646658,-0.75006056,0.9484400907182317,1.0
PIAS3,-0.06467326,-0.18937421,0.9484341527562719,1.0
TMEM150B,-0.064826146,0.077427395,0.9483124251677133,1.0
EMD,-0.064833604,-0.032181773,0.9483064872674012,1.0
AC084782.2,-0.064833604,-0.4940629,0.9483064872674012,1.0
PART1,-0.06513937,-0.6393776,0.9480630358303416,1.0
REEP4,-0.065210216,-0.29496157,0.9480066270421184,1.0
PTPRE,-0.06521395,-0.2890119,0.9480036581657443,1.0
F2RL2,-0.065273605,-0.6250276,0.9479561562419727,1.0
AL606760.1,-0.06529971,-0.21223858,0.9479353742084827,1.0
AC012173.1,-0.06534073,-0.23680437,0.9479027167988564,1.0
AL449043.1,-0.06541903,0.18262888,0.9478403710781157,1.0
AL360093.1,-0.06542649,-0.20787196,0.947834433407077,1.0
C14orf119,-0.06561666,-0.3791145,0.9476830237753814,1.0
ZNF549,-0.06568751,-0.11414994,0.9476266167482923,1.0
RNF41,-0.06579938,-0.12459279,0.9475375535558913,1.0
KLRG2,-0.065832935,-0.25496644,0.9475108347259555,1.0
PLEKHM2,-0.06584412,-0.12180095,0.9475019284624268,1.0
AC005091.1,-0.06584785,-0.3879492,0.9474989597093749,1.0
AC005697.2,-0.06591124,0.14964208,0.9474484910190545,1.0
AC107464.3,-0.06610514,0.122889124,0.9472941175114339,1.0
AL133368.2,-0.06612752,0.1749373,0.9472763053108506,1.0
F11R,-0.06626175,0.05065493,0.94716943266107,1.0
PLBD1,-0.06629904,0.045634788,0.9471397459825319,1.0
TMEM99,-0.066317685,-0.04909234,0.9471249026707821,1.0
SLC22A17,-0.06634379,-0.5366831,0.9471041220651663,1.0
LRRC75A,-0.06634752,-0.07818957,0.9471011534101584,1.0
PPP4R1-AS1,-0.06637362,-20.429193,0.9470803728456705,1.0
AC025040.1,-0.06637362,-20.549452,0.9470803728456705,1.0
CBY3,-0.06637362,-19.906567,0.9470803728456705,1.0
AC009032.1,-0.06637362,-20.472141,0.9470803728456705,1.0
SMIM23,-0.06637362,-20.386753,0.9470803728456705,1.0
GLYATL3,-0.06637362,-20.620853,0.9470803728456705,1.0
AC112481.2,-0.06637362,-20.247303,0.9470803728456705,1.0
CASC17,-0.06637362,-20.551825,0.9470803728456705,1.0
CSF1,-0.06637362,-20.639452,0.9470803728456705,1.0
AC004825.2,-0.06637362,-20.336216,0.9470803728456705,1.0
AC020704.1,-0.06637362,-20.47283,0.9470803728456705,1.0
F13B,-0.06637362,-20.352821,0.9470803728456705,1.0
AC016355.1,-0.06637362,-20.43411,0.9470803728456705,1.0
AC142116.2,-0.06637362,-20.250282,0.9470803728456705,1.0
AC009878.2,-0.06637362,-20.143871,0.9470803728456705,1.0
AC009720.1,-0.06637362,-20.468664,0.9470803728456705,1.0
AC018521.7,-0.06637362,-20.539236,0.9470803728456705,1.0
AC080079.2,-0.06637362,-20.323082,0.9470803728456705,1.0
IGFBP7-AS1,-0.06637362,-20.353565,0.9470803728456705,1.0
KRTAP5-AS1,-0.06637362,-20.292198,0.9470803728456705,1.0
LINC01902,-0.06637362,-20.498629,0.9470803728456705,1.0
NOTCH2NLB,-0.06637362,-0.5060694,0.9470803728456705,1.0
AC018926.2,-0.06637362,-20.408808,0.9470803728456705,1.0
AL133538.1,-0.06637362,-20.337229,0.9470803728456705,1.0
ACVR2B-AS1,-0.06637362,-20.615198,0.9470803728456705,1.0
AL512652.1,-0.06637362,-20.487745,0.9470803728456705,1.0
AL450226.1,-0.06637362,-20.129118,0.9470803728456705,1.0
AC016590.4,-0.06637362,-20.50778,0.9470803728456705,1.0
HIST1H2BI,-0.06637362,-20.58642,0.9470803728456705,1.0
HEPN1,-0.06637362,-20.296412,0.9470803728456705,1.0
AC079313.2,-0.06637362,-20.359818,0.9470803728456705,1.0
AC019080.4,-0.06637362,-20.166368,0.9470803728456705,1.0
GALNT5,-0.06637362,-20.377342,0.9470803728456705,1.0
AC004448.3,-0.06637362,-20.52393,0.9470803728456705,1.0
AC021269.3,-0.06637362,-20.830572,0.9470803728456705,1.0
AL121845.4,-0.06637362,-20.197372,0.9470803728456705,1.0
RASAL1,-0.06637362,-20.68994,0.9470803728456705,1.0
ARHGAP40,-0.06637362,-20.72355,0.9470803728456705,1.0
GMNC,-0.06637362,-20.76311,0.9470803728456705,1.0
AL353052.1,-0.06637362,-20.470812,0.9470803728456705,1.0
AL360091.2,-0.06637362,-20.422998,0.9470803728456705,1.0
AC078929.1,-0.06637362,-20.433113,0.9470803728456705,1.0
CDKN2B,-0.06637362,-20.69772,0.9470803728456705,1.0
KIF12,-0.06637362,-20.260773,0.9470803728456705,1.0
AC137579.1,-0.06637362,-20.120743,0.9470803728456705,1.0
C19orf73,-0.06637362,-20.5772,0.9470803728456705,1.0
AC096637.1,-0.06637362,-20.484873,0.9470803728456705,1.0
AC092535.4,-0.06637362,-20.622023,0.9470803728456705,1.0
RPP38-DT,-0.06637362,-20.511461,0.9470803728456705,1.0
AC090987.1,-0.06637362,-20.548895,0.9470803728456705,1.0
AC096586.2,-0.06638853,-0.693069,0.9470684982535549,1.0
CCDC82,-0.06640345,-0.07836779,0.9470566236731977,1.0
AL691432.2,-0.06641091,-0.66336423,0.9470506863874293,1.0
AC007448.4,-0.06641091,-0.5811975,0.9470506863874293,1.0
LINC02653,-0.066418365,-0.23998752,0.9470447491046015,1.0
WFDC3,-0.06642582,-0.7346596,0.9470388118247145,1.0
AC138230.1,-0.0664482,-0.0819395,0.9470210000027025,1.0
NPPC,-0.066492945,-0.8908408,0.9469853764381273,1.0
SYN1,-0.0665004,-0.42894715,0.9469794391876676,1.0
AL360169.1,-0.06650786,-1.2021213,0.9469735019401523,1.0
MS4A4A,-0.06651532,-1.2953528,0.946967564695582,1.0
IRAK3,-0.06654514,-1.2718456,0.9469438157467555,1.0
NLRP1,-0.0665526,-0.36976463,0.9469378785169142,1.0
AL139082.1,-0.06656006,-1.3812376,0.9469319412900199,1.0
LINC01545,-0.06656752,-0.51771766,0.9469260040660726,1.0
AICDA,-0.066582434,-1.7329971,0.9469141296270209,1.0
LINC02444,-0.06658989,-1.828827,0.9469081924119171,1.0
AL355306.2,-0.066612266,-2.0885963,0.946890380784298,1.0
TMEM145,-0.066612266,-2.3235648,0.946890380784298,1.0
NAALADL1,-0.066619724,-2.4739158,0.94688444358099,1.0
PTPRB,-0.06662718,-2.4318056,0.9468785063806319,1.0
AC020612.3,-0.06662718,-2.0434039,0.9468785063806319,1.0
AL031666.3,-0.066638365,-0.10830452,0.9468696005856262,1.0
TMEM154,-0.066649556,-0.19309174,0.9468606947972593,1.0
HS3ST4,-0.06666447,-0.7376183,0.9468488204230993,1.0
GLP2R,-0.06667193,-2.7765749,0.9468428832404467,1.0
C2orf91,-0.06672413,-0.9158875,0.9468013230445557,1.0
SLC46A2,-0.06676888,-0.47339162,0.9467657001347229,1.0
AL391834.3,-0.06676888,-0.94257283,0.9467657001347229,1.0
LHFPL3-AS2,-0.066850916,-1.0821137,0.9467003917431669,1.0
GRM6,-0.066903114,-0.32973832,0.9466588320440821,1.0
AP003783.1,-0.06695532,-0.6851998,0.9466172724901487,1.0
AC100775.1,-0.06695532,-1.545279,0.9466172724901487,1.0
EFNA1,-0.06696278,-0.21268497,0.9466113354228711,1.0
RFXAP,-0.067003794,-0.36757198,0.9465786816058505,1.0
HNF1A,-0.067014985,-0.82675517,0.9465697760349632,1.0
AL020993.1,-0.06702244,-1.5804749,0.9465638389914139,1.0
NR1D1,-0.067171596,-0.38254195,0.9464450987440493,1.0
LPIN3,-0.06723871,-0.26512358,0.9463916660206991,1.0
MC1R,-0.06726854,-0.45008075,0.9463679182210442,1.0
MYH8,-0.06726854,-0.7194996,0.9463679182210442,1.0
GET4,-0.06730583,-0.4714458,0.9463382335384914,1.0
AC000068.3,-0.06731329,-1.2644967,0.9463322966109197,1.0
SLC47A2,-0.06736922,-0.16347268,0.9462877697491529,1.0
AL590867.1,-0.06741024,-0.45849338,0.9462551168238186,1.0
IQUB,-0.067499734,-0.5761913,0.9461838743910953,1.0
PRRG4,-0.067499734,-1.7685112,0.9461838743910953,1.0
ERG28,-0.06755939,-0.3490582,0.9461363796749971,1.0
LINC02815,-0.06759668,-0.23858714,0.9461066955746391,1.0
INSYN2A,-0.06760787,-0.0872398,0.94609779035912,1.0
STAR,-0.06763397,-0.43833646,0.9460770115491023,1.0
PPIL3,-0.06767126,-0.03933474,0.9460473275984276,1.0
ASTE1,-0.0676899,-0.13339788,0.9460324856511765,1.0
AL049780.2,-0.06773838,-0.16343293,0.9459938966759971,1.0
DNMT3B,-0.067909904,-0.4235595,0.945857352089571,1.0
AC126182.3,-0.06792482,-0.5206498,0.9458454787223818,1.0
MRPS11,-0.06795093,-0.018636635,0.9458247003587475,1.0
AL132780.2,-0.06796584,-0.103251025,0.9458128270246451,1.0
RFT1,-0.06816347,-0.046745304,0.945655506485117,1.0
AC007376.2,-0.068178385,-0.2477121,0.9456436333227822,1.0
ARF6,-0.06819703,-0.25518522,0.945628791886843,1.0
AC009506.1,-0.06820822,-0.37992933,0.9456198870343371,1.0
PSAPL1,-0.06820822,0.42816448,0.9456198870343371,1.0
MARCH2,-0.06826415,-0.21383901,0.9455753628737474,1.0
CTSD,-0.068305165,-0.100449994,0.9455427119306864,1.0
COPS7A,-0.068361096,-0.12932536,0.9454981880648554,1.0
EML3,-0.06851398,-0.09938443,0.9453764903672739,1.0
AC025871.1,-0.0687228,-0.32874355,0.9452102711819441,1.0
CD80,-0.06876755,-0.39079496,0.9451746530951739,1.0
AC017028.2,-0.068775,0.1884501,0.9451687167580325,1.0
C1orf216,-0.068827204,-0.13551776,0.9451271624833146,1.0
AC010504.1,-0.06883094,0.10810405,0.9451241943265467,1.0
IL1RAPL1,-0.06889433,0.16649337,0.9450737357780823,1.0
AC027312.1,-0.06895026,-0.053997207,0.9450292137124322,1.0
AL122058.1,-0.06899501,-0.17011732,0.9449935961835315,1.0
AC008825.1,-0.06899501,-0.12985149,0.9449935961835315,1.0
AP4S1,-0.06900992,-0.1096231,0.9449817236983301,1.0
CCBE1,-0.06900992,-0.020336887,0.9449817236983301,1.0
FLG-AS1,-0.06900992,-0.21915512,0.9449817236983301,1.0
AC079943.2,-0.06902484,-0.4970884,0.9449698512253493,1.0
SEMA3G,-0.069028564,-20.589706,0.9449668831090138,1.0
OR7D2,-0.069028564,-20.580235,0.9449668831090138,1.0
TEX36,-0.069028564,-20.269258,0.9449668831090138,1.0
AC098484.1,-0.069028564,-20.35819,0.9449668831090138,1.0
AC097505.1,-0.069028564,-20.277258,0.9449668831090138,1.0
AC090617.1,-0.069028564,-20.39114,0.9449668831090138,1.0
AC013264.1,-0.069028564,-20.462698,0.9449668831090138,1.0
AC022784.6,-0.069028564,-20.474916,0.9449668831090138,1.0
AF129075.2,-0.069028564,-20.65635,0.9449668831090138,1.0
RBMXL3,-0.069028564,-20.616709,0.9449668831090138,1.0
AC004156.1,-0.069028564,-20.547714,0.9449668831090138,1.0
AC124893.1,-0.069028564,-20.738363,0.9449668831090138,1.0
AC002456.1,-0.069028564,-20.63141,0.9449668831090138,1.0
PROK2,-0.069028564,-20.7535,0.9449668831090138,1.0
AL160272.1,-0.069028564,-20.417866,0.9449668831090138,1.0
AC092268.2,-0.069028564,-20.495527,0.9449668831090138,1.0
AC006146.1,-0.069028564,-20.370707,0.9449668831090138,1.0
AC079766.1,-0.069028564,-20.597666,0.9449668831090138,1.0
CPNE6,-0.069028564,-20.376318,0.9449668831090138,1.0
AC008115.4,-0.069028564,-20.31707,0.9449668831090138,1.0
AKR1C8P,-0.069028564,-20.371868,0.9449668831090138,1.0
KCNU1,-0.069028564,-20.409927,0.9449668831090138,1.0
BX284668.6,-0.069028564,-20.461458,0.9449668831090138,1.0
AL590666.1,-0.069028564,-20.523912,0.9449668831090138,1.0
FP671120.6,-0.069028564,-20.24376,0.9449668831090138,1.0
LINC01802,-0.069028564,-20.547998,0.9449668831090138,1.0
SGK2,-0.069028564,-20.64585,0.9449668831090138,1.0
MOXD1,-0.069028564,-20.44393,0.9449668831090138,1.0
OR2B6,-0.069028564,-20.661942,0.9449668831090138,1.0
CCDC152,-0.069028564,-20.54904,0.9449668831090138,1.0
AC017006.1,-0.069028564,-20.162828,0.9449668831090138,1.0
AL109627.1,-0.069028564,-20.469324,0.9449668831090138,1.0
AC005064.1,-0.069028564,-20.33304,0.9449668831090138,1.0
AC015908.3,-0.069028564,-20.600101,0.9449668831090138,1.0
PTCSC3,-0.069028564,-20.559347,0.9449668831090138,1.0
C8orf58,-0.069028564,-20.630117,0.9449668831090138,1.0
DCDC2C,-0.069028564,-20.547152,0.9449668831090138,1.0
AC099521.3,-0.069028564,-20.540108,0.9449668831090138,1.0
AC093702.1,-0.069028564,-20.514362,0.9449668831090138,1.0
RASL11A,-0.069028564,-20.553663,0.9449668831090138,1.0
LINC00608,-0.069028564,-20.5064,0.9449668831090138,1.0
LINC01716,-0.069028564,-20.42113,0.9449668831090138,1.0
SIK1B,-0.069028564,-20.637451,0.9449668831090138,1.0
AL023806.4,-0.069028564,-20.531757,0.9449668831090138,1.0
HIST2H3D,-0.069028564,-20.473433,0.9449668831090138,1.0
AC114811.2,-0.069047205,-0.677598,0.944952042538797,1.0
ZC3H10,-0.06908077,0.10094861,0.9449253295605544,1.0
VPS33B-DT,-0.06909941,-0.9488209,0.944910489043844,1.0
AC234775.3,-0.069121785,-0.92369527,0.9448926804490293,1.0
AL591518.1,-0.06912924,-0.95868015,0.9448867442568774,1.0
AC145285.2,-0.06915162,-1.0878966,0.9448689356987852,1.0
AL162293.1,-0.069159076,-1.1108932,0.9448629995188768,1.0
AL031846.2,-0.0691628,-0.5660102,0.9448600314300707,1.0
NAALADL2-AS2,-0.06916653,-1.04257,0.94485706334203,1.0
AL732314.4,-0.06916653,-0.27284658,0.94485706334203,1.0
CDKN2B-AS1,-0.06917399,-1.2820299,0.9448511271682454,1.0
AP002989.1,-0.069196366,-1.2473072,0.9448333186652665,1.0
AC109992.2,-0.069196366,-1.458291,0.9448333186652665,1.0
AC005532.1,-0.06920755,-0.470251,0.9448244144241154,1.0
AC012557.2,-0.069211274,-1.5875769,0.9448214463452635,1.0
TCTE1,-0.06921501,-0.61749643,0.9448184782671777,1.0
AC108102.1,-0.06921873,-1.3337517,0.9448155101898579,1.0
AC005833.2,-0.06923365,-1.376898,0.9448036378882397,1.0
LINC01186,-0.069259755,-0.12684219,0.9447828613899101,1.0
AL035401.1,-0.06928958,-0.63697827,0.9447591168663831,1.0
SPN,-0.06929331,-3.0551035,0.9447561488043927,1.0
AC004554.2,-0.06930077,-2.673338,0.9447502126827126,1.0
BPIFC,-0.06930077,-2.848016,0.9447502126827126,1.0
SLC7A14,-0.06931569,-2.8813698,0.9447383404485566,1.0
AC084125.2,-0.06936416,-0.8950934,0.944699755772333,1.0
CDO1,-0.06942755,-0.5601202,0.9446492990838135,1.0
CLSTN3,-0.06953569,-0.6038606,0.9445632264218993,1.0
AL121832.2,-0.06959535,-1.5387032,0.9445157383336868,1.0
AC087392.1,-0.06962145,-0.25772345,0.9444949623570874,1.0
ODF2-AS1,-0.06962891,-0.44166958,0.9444890263707073,1.0
AC009309.1,-0.06963264,-1.7685213,0.9444860583786732,1.0
AC011466.2,-0.06965874,-0.8031162,0.944465282456014,1.0
WSCD2,-0.06970349,-0.8332262,0.944429666676492,1.0
FP565260.1,-0.06974823,-0.1939218,0.9443940510080543,1.0
SLC16A12,-0.069770604,-1.0354954,0.9443762432155143,1.0
KCNQ2,-0.06982281,-0.20715852,0.9443346918077051,1.0
MCAM,-0.06988993,-1.3686999,0.9442812687916563,1.0
GPATCH4,-0.07003535,-0.109221,0.9441655197835849,1.0
INPP1,-0.07011366,-0.5338147,0.944103193882765,1.0
AL136097.2,-0.07013231,-0.1663722,0.9440883544329913,1.0
ARIH2OS,-0.07032248,-0.6020949,0.9439369931545305,1.0
SNTG1,-0.07034112,-0.47806513,0.9439221539223698,1.0
KLHL35,-0.070486546,-0.15284902,0.9438064085798186,1.0
KBTBD7,-0.070512645,0.025706239,0.9437856339002616,1.0
DDX59-AS1,-0.070613325,-0.8656672,0.9437055033516963,1.0
METTL2A,-0.07064689,-0.10570756,0.9436787932953945,1.0
AC024267.5,-0.071135364,-1.1237904,0.9432900207714938,1.0
AC007349.1,-0.07120249,-0.06299406,0.9432366026996161,1.0
AATF,-0.07126588,-0.05939412,0.943186152532802,1.0
AC013476.1,-0.07128825,0.22587954,0.9431683466459782,1.0
AC006369.1,-0.07130317,-0.12638555,0.9431564760705392,1.0
SRGAP2-AS1,-0.07134046,-0.21079156,0.9431267996871797,1.0
MBIP,-0.0714635,-0.18297933,0.943028868182428,1.0
MOSMO,-0.071493335,-0.14474635,0.9430051273412141,1.0
ETS2,-0.071631305,-0.30170333,0.9428953266095443,1.0
AC005606.2,-0.07168351,-20.544374,0.9428537806696129,1.0
DCHS1,-0.07168351,-20.650314,0.9428537806696129,1.0
CD200R1,-0.07168351,-20.35316,0.9428537806696129,1.0
LINC01608,-0.07168351,-20.561842,0.9428537806696129,1.0
AC144521.1,-0.07168351,-20.525824,0.9428537806696129,1.0
AC129492.4,-0.07168351,-20.386314,0.9428537806696129,1.0
AC068726.1,-0.07168351,-20.438063,0.9428537806696129,1.0
IAPP,-0.07168351,-20.32525,0.9428537806696129,1.0
CXCL2,-0.07168351,-20.624247,0.9428537806696129,1.0
GABRG2,-0.07168351,-20.500814,0.9428537806696129,1.0
IL18R1,-0.07168351,-20.54101,0.9428537806696129,1.0
AC005332.2,-0.07168351,-20.505465,0.9428537806696129,1.0
ZNF99,-0.07168351,-20.377832,0.9428537806696129,1.0
FZD4,-0.07168351,-20.585138,0.9428537806696129,1.0
AC124254.2,-0.07168351,-20.676844,0.9428537806696129,1.0
AL592301.1,-0.07168351,-20.443708,0.9428537806696129,1.0
FAM25G,-0.07168351,-20.605919,0.9428537806696129,1.0
AC137834.2,-0.07168351,-20.392412,0.9428537806696129,1.0
LINC02745,-0.07168351,-20.4168,0.9428537806696129,1.0
LINC01752,-0.07168351,-20.349777,0.9428537806696129,1.0
AL034397.2,-0.07168351,-20.357096,0.9428537806696129,1.0
AC007952.6,-0.07168351,-20.489286,0.9428537806696129,1.0
SOX1-OT,-0.07168351,-20.717844,0.9428537806696129,1.0
AC138035.1,-0.07168351,-20.354326,0.9428537806696129,1.0
MLC1,-0.07168351,-20.447725,0.9428537806696129,1.0
AC004542.1,-0.07168351,-20.324781,0.9428537806696129,1.0
AC022523.1,-0.07168351,-20.484709,0.9428537806696129,1.0
FZD9,-0.07168351,-20.900995,0.9428537806696129,1.0
NPIPA2,-0.07168351,-20.489254,0.9428537806696129,1.0
SNHG27,-0.07168351,-20.716688,0.9428537806696129,1.0
AC023421.2,-0.07168351,-20.506702,0.9428537806696129,1.0
TNFRSF10D,-0.07168351,-20.606464,0.9428537806696129,1.0
SLC22A2,-0.07168351,-20.624327,0.9428537806696129,1.0
BTNL9,-0.07168351,-20.573114,0.9428537806696129,1.0
RNU6ATAC35P,-0.07168351,-20.561724,0.9428537806696129,1.0
LAMP3,-0.07168351,-20.63412,0.9428537806696129,1.0
AC016027.3,-0.07168351,-20.469604,0.9428537806696129,1.0
BMP5,-0.07168351,-20.553497,0.9428537806696129,1.0
RAMP2,-0.07168351,-20.586185,0.9428537806696129,1.0
SPATA41,-0.07168351,-20.518127,0.9428537806696129,1.0
LINC00944,-0.07168351,-20.595839,0.9428537806696129,1.0
HPSE,-0.07168351,-20.50861,0.9428537806696129,1.0
OR10K1,-0.07168351,-20.224981,0.9428537806696129,1.0
AC005692.2,-0.07168351,-20.353825,0.9428537806696129,1.0
AP000487.2,-0.07168351,-20.358696,0.9428537806696129,1.0
CACNG7,-0.07168351,-20.81096,0.9428537806696129,1.0
AC006452.1,-0.071713336,-0.8159533,0.9428300402023054,1.0
LINC01821,-0.071720794,-0.32133588,0.9428241050934133,1.0
AC118658.1,-0.07172825,-0.19881558,0.9428181699876956,1.0
TMEM98,-0.0717469,0.114797786,0.9428033322372922,1.0
PARD3-AS1,-0.071750626,-0.8934582,0.9428003646895932,1.0
AP003692.1,-0.071750626,-0.85031873,0.9428003646895932,1.0
AL157762.1,-0.071758084,-1.0353092,0.9427944295965769,1.0
FOXP3,-0.07176554,-1.0099803,0.9427884945067369,1.0
AL034548.2,-0.071773,-1.000034,0.9427825594200733,1.0
AC010332.3,-0.07178046,-1.0245985,0.9427766243365865,1.0
AIM2,-0.071787916,-1.0260258,0.9427706892562768,1.0
AKR1B1,-0.07179165,-0.13576014,0.9427677217173136,1.0
AP000251.1,-0.07180283,-1.12948,0.9427588191051904,1.0
SLC52A1,-0.07181775,-1.2575521,0.9427469489668165,1.0
FAM138B,-0.07181775,-1.2697514,0.9427469489668165,1.0
BHMG1,-0.071832664,-1.1956943,0.9427350788411579,1.0
AC011370.1,-0.07184758,-0.26275548,0.9427232087282171,1.0
AP000320.1,-0.07184758,-1.3487415,0.9427232087282171,1.0
PPP1R14C,-0.07185504,-0.34123912,0.9427172736765167,1.0
SPDYE17,-0.07190724,-1.8943434,0.9426757284036844,1.0
AL121928.1,-0.07193707,-0.26564834,0.9426519883177932,1.0
AC073225.1,-0.071951985,-2.4784017,0.9426401182939507,1.0
OR2L2,-0.071951985,-0.7903289,0.9426401182939507,1.0
PABPC4L,-0.07195944,-2.2502184,0.9426341832868063,1.0
SRGAP3-AS1,-0.0719669,-3.024126,0.9426282482828469,1.0
URB1-AS1,-0.0719669,-3.1525445,0.9426282482828469,1.0
NOTO,-0.07197436,-3.2799695,0.9426223132820729,1.0
LINC01845,-0.07198182,-0.6555782,0.9426163782844846,1.0
AC010359.3,-0.071989276,-0.5095434,0.9426104432900824,1.0
ZNF443,-0.07201165,-0.4880779,0.9425926383259949,1.0
AL445931.1,-0.07201911,-0.8754172,0.94258670334434,1.0
AC089999.2,-0.0721086,-1.1092737,0.9425154838132128,1.0
SLC30A10,-0.072116055,-1.3568711,0.9425095488730231,1.0
BX842242.1,-0.072153345,-0.115906924,0.9424798742199604,1.0
NXF1,-0.07216826,-0.35376963,0.9424680043810879,1.0
GALNT12,-0.07216826,-0.61280954,0.9424680043810879,1.0
AC004381.1,-0.07218318,-1.1091514,0.9424561345549924,1.0
CU634019.5,-0.07225775,-0.53425866,0.942396785616261,1.0
AC009065.3,-0.07228758,-0.7449546,0.9423730461302987,1.0
VMO1,-0.07233233,-0.31121188,0.9423374369973465,1.0
NFS1,-0.07253369,-0.21681808,0.9421771973263338,1.0
GREB1L,-0.07253369,-0.013726684,0.9421771973263338,1.0
PRR29-AS1,-0.07253369,-0.6634691,0.9421771973263338,1.0
AC011466.1,-0.072593346,-1.1516008,0.9421297193544467,1.0
C1orf194,-0.07272759,-0.041017022,0.9420228946697864,1.0
INSIG2,-0.07284691,-0.36183253,0.9419279402700023,1.0
PCIF1,-0.072914034,0.0033496728,0.9418745287827499,1.0
SS18L2,-0.07297742,-0.25522462,0.9418240848403538,1.0
CORO1A,-0.07298861,-1.0993246,0.9418151829923844,1.0
Z69666.1,-0.07304081,-0.38549966,0.9417736411313148,1.0
AC084871.1,-0.07316759,-0.15798467,0.9416727544141144,1.0
NIPBL,-0.07316759,0.0076055937,0.9416727544141144,1.0
PAPSS2,-0.073260814,-0.2534918,0.9415985736013655,1.0
GADD45G,-0.07327573,-0.17701691,0.9415867047183228,1.0
BTN3A3,-0.0734137,-0.20997943,0.9414769181654719,1.0
TSTA3,-0.07342488,-0.16938849,0.9414680166017866,1.0
FAM160A2,-0.07354048,-0.19324575,0.9413760342053688,1.0
CPEB3,-0.073674716,-0.04823923,0.9412692169199177,1.0
HIVEP3,-0.07370455,-0.28377393,0.9412454798887698,1.0
PRR7,-0.073712006,-0.2687909,0.9412395456391367,1.0
PPP1R16A,-0.07371573,-0.47416764,0.9412365785155435,1.0
AC010729.2,-0.07392828,-0.44385102,0.9410674538201619,1.0
AC138123.1,-0.073965564,-0.28711662,0.9410377830947625,1.0
SLC30A4,-0.07398048,-0.49168018,0.941025914827514,1.0
HTRA2,-0.07398048,-0.20070052,0.941025914827514,1.0
AC009166.1,-0.07399913,0.107930385,0.9410110795118698,1.0
AC073575.2,-0.074196756,0.24324293,0.9408538264254039,1.0
AL590705.2,-0.07422659,-0.08367563,0.9408300903106106,1.0
FSCN2,-0.074271336,-0.20755117,0.9407944862369725,1.0
TERC,-0.07428998,-0.3245883,0.9407796512412082,1.0
AC005920.3,-0.07431235,-0.46657723,0.9407618492734144,1.0
CREB3L3,-0.07433845,-20.397732,0.940741080348397,1.0
AC099508.1,-0.07433845,-20.42401,0.940741080348397,1.0
NREP-AS1,-0.07433845,-19.882809,0.940741080348397,1.0
PRSS36,-0.07433845,-20.328804,0.940741080348397,1.0
PRSS8,-0.07433845,-20.605257,0.940741080348397,1.0
AC092192.1,-0.07433845,-20.425753,0.940741080348397,1.0
GTSCR1,-0.07433845,-20.649038,0.940741080348397,1.0
POU2F3,-0.07433845,-20.623243,0.940741080348397,1.0
TUBA3E,-0.07433845,-20.575834,0.940741080348397,1.0
NEFH,-0.07433845,-20.506279,0.940741080348397,1.0
DRD3,-0.07433845,-20.803831,0.940741080348397,1.0
NPIPB8,-0.07433845,-20.574331,0.940741080348397,1.0
LINC01625,-0.07433845,-20.553331,0.940741080348397,1.0
AC126365.1,-0.07433845,-20.506483,0.940741080348397,1.0
IBA57-DT,-0.07433845,-20.61748,0.940741080348397,1.0
AC131009.2,-0.07433845,-20.788557,0.940741080348397,1.0
AL512452.1,-0.07433845,-20.329233,0.940741080348397,1.0
AC121247.1,-0.07433845,-20.661007,0.940741080348397,1.0
SLC22A9,-0.07433845,-20.408298,0.940741080348397,1.0
AC104078.2,-0.07433845,-20.835358,0.940741080348397,1.0
LINC00561,-0.07433845,-20.768032,0.940741080348397,1.0
LINC00184,-0.07433845,-20.395931,0.940741080348397,1.0
PWP2,-0.07433845,-20.623274,0.940741080348397,1.0
MS4A18,-0.07433845,-20.52019,0.940741080348397,1.0
CDCP1,-0.07433845,-20.581589,0.940741080348397,1.0
AC093843.1,-0.07433845,-20.728622,0.940741080348397,1.0
AL512658.2,-0.07433845,-20.541052,0.940741080348397,1.0
AC093510.1,-0.07433845,-20.72893,0.940741080348397,1.0
AC087533.1,-0.07433845,-20.738338,0.940741080348397,1.0
PPP1R14D,-0.07433845,-20.627396,0.940741080348397,1.0
AL390838.1,-0.07433845,-20.572945,0.940741080348397,1.0
LINC00299,-0.07433845,-20.506329,0.940741080348397,1.0
AL352979.4,-0.07433845,-20.64477,0.940741080348397,1.0
ST14,-0.07433845,-20.734396,0.940741080348397,1.0
AC025580.1,-0.07433845,-20.653347,0.940741080348397,1.0
AC139795.3,-0.07433845,-20.971874,0.940741080348397,1.0
AC068985.1,-0.07433845,-20.692028,0.940741080348397,1.0
AC026304.1,-0.07433845,-20.771019,0.940741080348397,1.0
AC011444.2,-0.07433845,-20.663973,0.940741080348397,1.0
HSPA2,-0.074379474,-0.80908453,0.9407084435476537,1.0
GHRLOS,-0.0744093,-0.45772415,0.9406847077551044,1.0
CHD5,-0.07441676,-0.9955803,0.9406787738151984,1.0
LRRC6,-0.07441676,-0.82764804,0.9406787738151984,1.0
AC096746.1,-0.07445405,-1.2240193,0.9406491041650734,1.0
KCNK13,-0.07445405,-1.122608,0.9406491041650734,1.0
ZNF341-AS1,-0.074461505,-1.1489516,0.9406431702449316,1.0
AC009950.1,-0.07446896,-1.3754089,0.940637236328085,1.0
AC097015.1,-0.07447642,-1.2051418,0.940631302414534,1.0
UCHL1-AS1,-0.074498795,-1.3779579,0.940613500693657,1.0
AL356488.2,-0.07450998,-0.0836359,0.9406045998443447,1.0
GREM1,-0.07455846,-1.8743103,0.9405660295830692,1.0
AL157373.2,-0.07456964,-0.7084635,0.9405571287733374,1.0
STAB1,-0.07457337,-2.1469626,0.9405541618384101,1.0
CCNE1,-0.07459202,-0.26435488,0.9405393271761497,1.0
AL592211.1,-0.07459574,-2.3519657,0.9405363602461732,1.0
AL137060.3,-0.0746032,-2.3186264,0.9405304263886959,1.0
AC239727.1,-0.074618116,-2.9142382,0.9405185586836459,1.0
AL603839.2,-0.07463303,-2.707289,0.9405066909918042,1.0
AL353708.3,-0.07463303,-2.812287,0.9405066909918042,1.0
CHCHD7,-0.074636765,-0.2022293,0.9405037240709079,1.0
MTFR1L,-0.074636765,-0.26950377,0.9405037240709079,1.0
NT5E,-0.07464049,-3.5383475,0.9405007571508373,1.0
SLC28A3,-0.07466659,-0.9531785,0.9404799887334667,1.0
ID3,-0.07473744,-0.2529433,0.9404236175189647,1.0
ACD,-0.07475981,-0.4635651,0.9404058161448051,1.0
MMP25-AS1,-0.074763544,-0.1957639,0.9404028492520065,1.0
MBD2,-0.07477846,-0.07752982,0.9403909816890831,1.0
SEC23B,-0.07478964,-0.06430563,0.9403820810255769,1.0
LACTBL1,-0.074800834,-1.1523826,0.9403731803695172,1.0
COLEC11,-0.07483812,-0.1836957,0.9403435115697809,1.0
GRIN3B,-0.074845575,-1.4289289,0.9403375778197676,1.0
SEPTIN8,-0.07489032,-0.10960553,0.9403019753892526,1.0
AC007349.3,-0.07489778,-1.5732583,0.9402960416624307,1.0
MED18,-0.07496117,-0.25670066,0.9402456051182958,1.0
AL021707.9,-0.07503575,-0.8422182,0.9401862683144019,1.0
DDN-AS1,-0.07507304,-0.12643112,0.9401566000369511,1.0
AC245052.4,-0.075084224,-0.6082653,0.9401476995699093,1.0
PYCR2,-0.075121514,-0.1447709,0.9401180314004344,1.0
AWAT1,-0.07522965,-1.2938181,0.9400319941790661,1.0
THADA,-0.07524457,0.010495744,0.9400201270310244,1.0
LINC01424,-0.075266935,-0.41348833,0.9400023263339349,1.0
AC004918.4,-0.07527067,-0.65128785,0.9399993595540007,1.0
EXOC2,-0.07533779,-0.025283681,0.9399459576576158,1.0
SPNS1,-0.07545711,0.02814885,0.9398510216198324,1.0
CDH26,-0.07548321,-0.22815536,0.9398302544754635,1.0
TUBA4B,-0.0754944,-0.25237718,0.9398213542832586,1.0
AC010157.1,-0.07562864,-0.7007239,0.9397145525633979,1.0
ADGRA2,-0.07563236,-0.051623292,0.9397115858644262,1.0
TWF2,-0.075680844,-1.0466081,0.9396730188539464,1.0
AC026341.2,-0.07572186,-0.75548744,0.939640385340202,1.0
AC004448.2,-0.07579643,-0.45178542,0.939581051938561,1.0
AL133259.1,-0.07595678,-0.22310816,0.9394534862611789,1.0
LINC01470,-0.07605372,-0.63283813,0.9393763542795068,1.0
AL133245.1,-0.07606864,0.15384763,0.9393644878712486,1.0
AC022215.2,-0.07623644,-0.20763059,0.9392309917066849,1.0
AL731566.2,-0.07632593,-0.20444362,0.9391597944502809,1.0
VPS26B,-0.07635204,-0.21697097,0.9391390286754113,1.0
TERF2,-0.07651983,-0.034694728,0.9390055353971706,1.0
MAPT,-0.07653848,-0.39819673,0.9389907029164355,1.0
TVP23A,-0.07654594,0.14926282,0.9389847699300675,1.0
AC012645.1,-0.076687634,0.061667148,0.9388720438329607,1.0
U2AF1L5,-0.07673983,-0.012480522,0.9388305134742602,1.0
AC104532.2,-0.07689645,-0.017767621,0.9387059233968611,1.0
LINC02326,-0.0769039,-0.10345371,0.9386999905734339,1.0
ARID5A,-0.07691882,-0.040604774,0.9386881249367877,1.0
CFH,-0.07691882,-0.0019221142,0.9386881249367877,1.0
ITIH4,-0.0769934,-20.75339,0.9386287969578065,1.0
RADX,-0.0769934,-20.681198,0.9386287969578065,1.0
SKAP1-AS1,-0.0769934,-20.596619,0.9386287969578065,1.0
ATP11AUN,-0.0769934,-20.748205,0.9386287969578065,1.0
AC125437.1,-0.0769934,-20.484365,0.9386287969578065,1.0
AP000802.1,-0.0769934,-20.454391,0.9386287969578065,1.0
AP003721.2,-0.0769934,-20.615522,0.9386287969578065,1.0
AL138694.1,-0.0769934,-20.65426,0.9386287969578065,1.0
AC006116.5,-0.0769934,-20.678007,0.9386287969578065,1.0
AC004009.1,-0.0769934,-20.596458,0.9386287969578065,1.0
NPTXR,-0.0769934,-20.725687,0.9386287969578065,1.0
AL670729.2,-0.0769934,-20.69235,0.9386287969578065,1.0
CABP1,-0.0769934,-20.621395,0.9386287969578065,1.0
AC073321.1,-0.0769934,-20.546432,0.9386287969578065,1.0
LINC01681,-0.0769934,-20.592104,0.9386287969578065,1.0
AC118758.3,-0.0769934,-20.731339,0.9386287969578065,1.0
TNFRSF14,-0.0769934,-20.550352,0.9386287969578065,1.0
AC016957.2,-0.0769934,-20.720173,0.9386287969578065,1.0
AC087379.2,-0.0769934,-20.56823,0.9386287969578065,1.0
DNAH17-AS1,-0.0769934,-20.513496,0.9386287969578065,1.0
AL359091.4,-0.0769934,-20.802818,0.9386287969578065,1.0
AC027287.2,-0.0769934,-20.133926,0.9386287969578065,1.0
AC093525.3,-0.0769934,-20.623335,0.9386287969578065,1.0
TEKT1,-0.0769934,-20.753004,0.9386287969578065,1.0
AL049794.1,-0.0769934,-21.05126,0.9386287969578065,1.0
PASD1,-0.0769934,-20.493143,0.9386287969578065,1.0
ELN,-0.0769934,-20.94904,0.9386287969578065,1.0
HCG15,-0.0769934,-20.58311,0.9386287969578065,1.0
CLEC2L,-0.0769934,-20.597973,0.9386287969578065,1.0
ICAM3,-0.0769934,-20.633186,0.9386287969578065,1.0
AC106845.1,-0.0769934,-20.48131,0.9386287969578065,1.0
MCHR2-AS1,-0.0769934,-20.523798,0.9386287969578065,1.0
AGXT2,-0.0769934,-20.674088,0.9386287969578065,1.0
CDC42EP5,-0.0769934,-20.637745,0.9386287969578065,1.0
AC107050.1,-0.0769934,-20.626919,0.9386287969578065,1.0
MYO7B,-0.0769934,-20.836058,0.9386287969578065,1.0
AP003392.3,-0.0769934,-20.578617,0.9386287969578065,1.0
AL022329.1,-0.0769934,-20.668764,0.9386287969578065,1.0
AL034550.2,-0.0769934,-20.577364,0.9386287969578065,1.0
GDF9,-0.0769934,-20.593676,0.9386287969578065,1.0
ZNF541,-0.0769934,-20.614578,0.9386287969578065,1.0
AL359551.1,-0.0769934,-20.83959,0.9386287969578065,1.0
OTX1,-0.0769934,-20.508577,0.9386287969578065,1.0
MUC16,-0.0769934,-20.634016,0.9386287969578065,1.0
SELENOM,-0.0769934,-20.824837,0.9386287969578065,1.0
AP002387.2,-0.077045605,-0.11352096,0.9385872675751911,1.0
AC078795.1,-0.07706798,-0.45990863,0.9385694693194824,1.0
NAXD,-0.07707543,-0.111005254,0.9385635365743986,1.0
AC090617.2,-0.07707543,-1.000902,0.9385635365743986,1.0
AC015712.7,-0.07708289,-0.93822074,0.9385576038327251,1.0
SEPTIN14,-0.077127635,-1.124016,0.9385220074543164,1.0
GPR1-AS,-0.07713509,-1.2159097,0.9385160747365233,1.0
AC019117.1,-0.07715747,-1.244092,0.9384982766036223,1.0
SIAH2,-0.07717984,-0.5818206,0.9384804785014453,1.0
AL162390.1,-0.0771873,0.20535386,0.9384745458075487,1.0
PEX12,-0.07722459,-0.30672637,0.938444882389299,1.0
C20orf204,-0.07723205,-2.267271,0.938438949715898,1.0
ATP2C2-AS1,-0.07723205,-0.14887278,0.938438949715898,1.0
ATP2B1-AS1,-0.077239506,-0.45944086,0.9384330170459141,1.0
CAPG,-0.07724696,-2.2710075,0.9384270843793475,1.0
KTI12,-0.077254415,-0.4024949,0.9384211517161987,1.0
HAPLN3,-0.07727679,-2.6564372,0.9384033537472616,1.0
AC010531.6,-0.07729916,-2.947047,0.938385555809096,1.0
OTULINL,-0.07729916,-3.106107,0.938385555809096,1.0
AP001372.1,-0.07733645,-0.5466176,0.9383558926472245,1.0
ZNF830,-0.077347636,-0.120571576,0.9383469937153418,1.0
FZD7,-0.07741849,-0.595573,0.9382906339922711,1.0
ZBTB20-AS2,-0.07748934,-0.20810826,0.9382342745783305,1.0
P4HTM,-0.07750052,-0.69733006,0.9382253757517747,1.0
SPRED2,-0.07753781,-0.014674715,0.9381957130523142,1.0
AC114971.1,-0.07760493,-2.227279,0.938142320409435,1.0
RRAGA,-0.07767205,-0.37080008,0.9380889280446665,1.0
AP1M2,-0.07767951,-2.3349013,0.9380829955768699,1.0
TMX4,-0.07769069,-0.16198091,0.938074096881619,1.0
MAPK9,-0.07769815,-0.02469076,0.9380681644224149,1.0
AP002478.1,-0.07773917,-2.3367784,0.9380355359582477,1.0
MINDY2,-0.0777429,-0.04499048,0.9380325697393908,1.0
FO393414.3,-0.07775409,-0.9695849,0.9380236710879792,1.0
FAM72A,-0.077761546,-0.4061315,0.9380177386580049,1.0
DUSP28,-0.07777273,0.057791185,0.9380088400194941,1.0
ADAMTS8,-0.07786595,-0.16424763,0.9379346849997502,1.0
C11orf1,-0.07790324,-0.72945696,0.937905023142533,1.0
AC126696.1,-0.078082226,-1.5514822,0.9377626474280241,1.0
GALK1,-0.078089684,-0.54941803,0.9377567151497355,1.0
FABP6,-0.07833952,-0.7672233,0.9375579858255507,1.0
AC020687.1,-0.07834324,-1.1547898,0.9375550197456629,1.0
SNN,-0.07841782,-1.056697,0.937495698329922,1.0
LVRN,-0.07859681,-0.54598796,0.9373533283482056,1.0
LRRC37A3,-0.07861918,-0.070788145,0.9373355322412198,1.0
DAB2IP,-0.07862664,-0.062333733,0.9373296002125135,1.0
AC011498.6,-0.078850366,-0.69845784,0.9371516409702513,1.0
AC010731.2,-0.07894359,0.01657211,0.9370774922120274,1.0
ZNF358,-0.07907037,-0.15712404,0.9369766507766668,1.0
AL117379.1,-0.07913749,0.06963828,0.9369232645435689,1.0
RETREG2,-0.07914495,0.10738745,0.9369173327573912,1.0
ZNF846,-0.07916359,0.0044102552,0.9369025033072654,1.0
ZNF571-AS1,-0.079268,-0.29977208,0.9368194587911866,1.0
SPARCL1,-0.079353765,-0.18231134,0.9367512441670921,1.0
SMOC1,-0.079409696,-0.07466511,0.9367067566188514,1.0
SUOX,-0.079488,-0.10776251,0.9366444743833062,1.0
EIF2AK3-DT,-0.07959241,-0.34141904,0.9365614320056832,1.0
SRCIN1,-0.07960732,-0.40242264,0.9365495688651925,1.0
AC097528.1,-0.07961478,-0.37156138,0.9365436373002292,1.0
TNFRSF12A,-0.07962224,-0.58298206,0.9365377057387878,1.0
ANKRD34C-AS1,-0.079648346,-20.882896,0.9365169453014819,1.0
NPFFR2,-0.079648346,-20.658422,0.9365169453014819,1.0
RAB3IL1,-0.079648346,-20.888933,0.9365169453014819,1.0
AC104458.1,-0.079648346,-20.35365,0.9365169453014819,1.0
AP006333.2,-0.079648346,-20.810068,0.9365169453014819,1.0
DCLK3,-0.079648346,-20.793068,0.9365169453014819,1.0
U73169.1,-0.079648346,-20.748974,0.9365169453014819,1.0
AC007922.2,-0.079648346,-20.736858,0.9365169453014819,1.0
RB1-DT,-0.079648346,-20.601871,0.9365169453014819,1.0
AL121974.1,-0.079648346,-20.559692,0.9365169453014819,1.0
AC103957.1,-0.079648346,-20.33151,0.9365169453014819,1.0
AL590434.1,-0.079648346,-20.784842,0.9365169453014819,1.0
PLA2G7,-0.079648346,-20.63811,0.9365169453014819,1.0
ODF3L2,-0.079648346,-20.598202,0.9365169453014819,1.0
AL050350.1,-0.079648346,-20.59241,0.9365169453014819,1.0
AL512308.1,-0.079648346,-20.563383,0.9365169453014819,1.0
DCST1,-0.079648346,-20.748087,0.9365169453014819,1.0
AC069431.1,-0.079648346,-20.80608,0.9365169453014819,1.0
LINC01422,-0.079648346,-20.686863,0.9365169453014819,1.0
AL158166.2,-0.079648346,-20.410831,0.9365169453014819,1.0
AFAP1L2,-0.079648346,-20.422625,0.9365169453014819,1.0
AF250324.1,-0.079648346,-20.613625,0.9365169453014819,1.0
CLDND2,-0.07966699,-0.7874731,0.9365021164441159,1.0
RGS22,-0.07970428,-0.316041,0.9364724587954664,1.0
STK32A,-0.07972665,-1.2074436,0.9364546642485833,1.0
GALNT9,-0.079737835,-0.39250472,0.9364457669870438,1.0
CDK2AP2,-0.07974529,-0.47382963,0.9364398354837599,1.0
ITGB7,-0.079763934,-1.2317514,0.936425006740984,1.0
MARVELD1,-0.079775125,-0.27617073,0.9364161095059031,1.0
STARD10,-0.07977885,-1.2390182,0.9364131437626406,1.0
AL049870.3,-0.07978631,-1.2962921,0.9364072122787623,1.0
AC138965.2,-0.079793766,-1.2502965,0.9364012807984134,1.0
AC087477.5,-0.079793766,-1.3107382,0.9364012807984134,1.0
AC008635.1,-0.07981614,-1.4840455,0.9363834863785463,1.0
C11orf96,-0.07981614,-1.4739691,0.9363834863785463,1.0
AL355303.1,-0.07989072,-1.8733134,0.9363241718751997,1.0
LINC01798,-0.07990564,-2.3682513,0.9363123090169274,1.0
PSMG1,-0.07991682,-0.094332926,0.9363034118825013,1.0
LRRC36,-0.07992055,-2.6408377,0.9363004461727935,1.0
ANKRD36,-0.079939194,-0.051010706,0.9362856176375124,1.0
AADACL2-AS1,-0.07994292,-3.1260917,0.936282651933108,1.0
AC008897.2,-0.079957835,-0.450761,0.9362707891243318,1.0
EMID1,-0.079969026,-0.2895408,0.9362618920270339,1.0
FKBP3,-0.07998767,-0.09884442,0.9362470635492248,1.0
AC034236.2,-0.0799914,-0.8817865,0.9362440978563166,1.0
AL138830.2,-0.08001004,-0.12529458,0.9362292694050448,1.0
SLC8A1,-0.0800436,-0.43045852,0.9362025782485015,1.0
AC069277.1,-0.080095805,-1.2248126,0.9361610588141797,1.0
DNAJB9,-0.08011818,-0.15014337,0.9361432648240369,1.0
AF235103.1,-0.080121905,-0.65795577,0.9361402991621138,1.0
IAH1,-0.08012564,-0.14675866,0.9361373335010768,1.0
AC068875.1,-0.080170386,-1.5752805,0.9361017456377575,1.0
WARS2,-0.080170386,-0.044788536,0.9361017456377575,1.0
MAP11,-0.08020021,-0.96487993,0.9360780204664653,1.0
AL591368.1,-0.08028971,-0.5675447,0.9360068452932384,1.0
SLC39A6,-0.080323264,-0.09261477,0.9359801547350971,1.0
AC012301.1,-0.08065886,-1.4825407,0.9357132531157312,1.0
BTN3A1,-0.08067005,-0.32143673,0.935704356519344,1.0
TAP2,-0.08069988,-0.15632749,0.9356806323015651,1.0
REL,-0.08077819,-0.07427118,0.9356183565016788,1.0
AL021918.4,-0.08089005,-0.04925463,0.9355293917566926,1.0
ID2,-0.080901235,-0.4558305,0.935520495326452,1.0
LINC01476,-0.080949716,-0.38033915,0.9354819442217942,1.0
AC114980.1,-0.08095344,-0.4249252,0.9354789787584699,1.0
AL445250.1,-0.08128158,-0.4832803,0.9352180214960485,1.0
AC097534.1,-0.08145684,-0.12632668,0.9350786494440998,1.0
AC145207.6,-0.08164328,-0.14667523,0.9349303834880137,1.0
SCUBE3,-0.08172905,-0.089886606,0.9348621819057573,1.0
CCDC127,-0.08181108,-0.028277783,0.9347969460570033,1.0
DAPK1-IT1,-0.08197888,0.15928002,0.9346635104577792,1.0
NDUFA4L2,-0.081982605,0.30988815,0.9346605452430748,1.0
ZNF681,-0.08209447,-0.19316615,0.9345715892236394,1.0
HMGCR,-0.082101926,-0.12177799,0.9345656588513778,1.0
AC091736.1,-0.082183965,-0.018847698,0.9345004249962263,1.0
ARHGAP4,-0.08223617,-0.09274344,0.9344589127719083,1.0
AC010336.1,-0.082258545,-0.48327696,0.9344411218731777,1.0
ADAM29,-0.08227345,-0.22436681,0.9344292612922136,1.0
RND1,-0.08228837,-0.5194993,0.934417400725804,1.0
AL139147.1,-0.08229583,-0.14778845,0.9344114704480581,1.0
AL513548.3,-0.082303286,-20.86914,0.9344055401739517,1.0
ACSM1,-0.082303286,-20.909607,0.9344055401739517,1.0
AL359475.1,-0.082303286,-20.464853,0.9344055401739517,1.0
NUPR1,-0.082303286,-20.646923,0.9344055401739517,1.0
AC098818.2,-0.082303286,-20.80244,0.9344055401739517,1.0
RAX2,-0.082303286,-20.781624,0.9344055401739517,1.0
ABCD2,-0.082303286,-20.840078,0.9344055401739517,1.0
CASP14,-0.082303286,-20.65278,0.9344055401739517,1.0
EMP1,-0.082303286,-20.6843,0.9344055401739517,1.0
AL354694.1,-0.082303286,-20.847992,0.9344055401739517,1.0
ACTG2,-0.082303286,-20.812027,0.9344055401739517,1.0
AC117490.2,-0.082303286,-20.796204,0.9344055401739517,1.0
CFP,-0.082303286,-20.736217,0.9344055401739517,1.0
HSPB6,-0.082303286,-20.768307,0.9344055401739517,1.0
MOGAT1,-0.082303286,-20.774096,0.9344055401739517,1.0
LINC02215,-0.082303286,-20.713589,0.9344055401739517,1.0
AC025508.1,-0.082303286,-20.627655,0.9344055401739517,1.0
ADAMTS15,-0.082303286,-20.587122,0.9344055401739517,1.0
LINC01847,-0.082303286,-20.575907,0.9344055401739517,1.0
MX2,-0.082303286,-20.808214,0.9344055401739517,1.0
AC010677.2,-0.082303286,-20.533987,0.9344055401739517,1.0
AL137018.1,-0.082303286,-20.6662,0.9344055401739517,1.0
TRAT1,-0.082303286,-20.906172,0.9344055401739517,1.0
S100A2,-0.08231074,-0.76264936,0.9343996099034854,1.0
LINC00963,-0.08235549,-0.2158558,0.9343640283571447,1.0
SPACA6,-0.082377866,-0.9915003,0.9343462376331405,1.0
AC104472.5,-0.082415156,-1.1895977,0.9343165864993359,1.0
AC004936.1,-0.08245244,-1.3835416,0.9342869354566534,1.0
WFIKKN1,-0.082467355,-1.3286737,0.9342750750651037,1.0
CSMD2,-0.08252702,-0.3769329,0.9342276336448181,1.0
SPX,-0.08255685,-2.6789155,0.9342039130222598,1.0
SOSTDC1,-0.08258668,-3.0121965,0.9341801924581192,1.0
TOX2,-0.08259414,-0.2321593,0.9341742623262143,1.0
CCDC27,-0.08260905,-3.0384662,0.934162402073363,1.0
AC004263.1,-0.08260905,-3.367575,0.934162402073363,1.0
AC091271.1,-0.082623966,-0.5547702,0.9341505418351252,1.0
HIST1H2BK,-0.08264634,-0.42869598,0.9341327515051748,1.0
AC117461.1,-0.08283278,-1.422158,0.9339845000356911,1.0
IL10RB-DT,-0.08292974,-0.4734689,0.933907410176052,1.0
AC004000.1,-0.082937196,-1.789208,0.9339014802125123,1.0
CHODL-AS1,-0.08297821,-0.33417904,0.9338688654786143,1.0
AL160262.1,-0.08300431,-2.6773846,0.9338481107057448,1.0
RNF6,-0.08300804,-0.14155078,0.9338451457418624,1.0
THEMIS,-0.08301177,-2.4491398,0.9338421807788978,1.0
IFI27L2,-0.08316838,0.20433588,0.9337176531636363,1.0
CRLF1,-0.08347042,-0.15974943,0.9334774973458685,1.0
TINCR,-0.08350025,-0.5072964,0.9334537785809202,1.0
MAP1LC3B,-0.08352635,-0.2190941,0.9334330247100542,1.0
DLX6,-0.08363076,-0.8035292,0.9333500096792069,1.0
C15orf39,-0.08366432,-0.32632893,0.9333233264303318,1.0
AL138927.1,-0.08369788,-1.1681862,0.9332966432563764,1.0
ZC4H2,-0.08383957,-0.12359618,0.9331839817929923,1.0
SRA1,-0.08389924,-0.0072187614,0.9331365457876304,1.0
LAMA3,-0.08408568,-0.089495786,0.9329883098020382,1.0
RAB3C,-0.08409314,-0.2032452,0.9329823804109176,1.0
AL049840.3,-0.08417517,-0.37275174,0.9329171573540889,1.0
TAF6L,-0.08418263,-0.035142865,0.9329112280076127,1.0
MFAP3,-0.08419382,0.01488541,0.9329023339948783,1.0
MARS,-0.084301956,-0.03879471,0.9328163589704773,1.0
TRMT10C,-0.08431314,-0.21940544,0.9328074650471516,1.0
AC145124.1,-0.08466365,0.056841183,0.9325287930378579,1.0
EBF2,-0.08470467,0.13308334,0.9324961830234098,1.0
PML,-0.08481654,-0.23630099,0.9324072471963871,1.0
TEP1,-0.08485755,0.022813387,0.9323746376045119,1.0
AC020978.6,-0.084924676,-0.21748815,0.932321276699022,1.0
AC095032.1,-0.08493213,-0.108474396,0.9323153477282942,1.0
AC010531.7,-0.08495823,-20.795076,0.9322945963603226,1.0
AC110992.1,-0.08495823,-20.697136,0.9322945963603226,1.0
AC114757.1,-0.08495823,-20.692726,0.9322945963603226,1.0
TMEM212-AS1,-0.08495823,-21.055565,0.9322945963603226,1.0
AC005342.2,-0.08495823,-20.783712,0.9322945963603226,1.0
AC091198.1,-0.08495823,-20.769915,0.9322945963603226,1.0
OSTN,-0.08495823,-20.807941,0.9322945963603226,1.0
AC106894.1,-0.08495823,-20.640297,0.9322945963603226,1.0
PCOLCE,-0.08495823,-21.088303,0.9322945963603226,1.0
AC091939.1,-0.08495823,-20.793093,0.9322945963603226,1.0
AL391839.3,-0.08495823,-20.854736,0.9322945963603226,1.0
AC005696.4,-0.08495823,-20.889313,0.9322945963603226,1.0
AC009152.1,-0.08495823,-20.888384,0.9322945963603226,1.0
SOCS2,-0.08495823,-20.963774,0.9322945963603226,1.0
AC100801.1,-0.08495823,-20.992899,0.9322945963603226,1.0
CABP5,-0.08495823,-20.815336,0.9322945963603226,1.0
AC046168.2,-0.08495823,-20.614996,0.9322945963603226,1.0
HNF4A,-0.08495823,-20.666372,0.9322945963603226,1.0
SNTN,-0.08495823,-20.697575,0.9322945963603226,1.0
AC079684.1,-0.08495823,-20.77913,0.9322945963603226,1.0
MYOCD,-0.08495823,-20.792255,0.9322945963603226,1.0
AL136988.1,-0.08495823,-20.81512,0.9322945963603226,1.0
NUP62CL,-0.08495823,-20.685902,0.9322945963603226,1.0
PLEKHG4B,-0.08495823,-20.773643,0.9322945963603226,1.0
AIF1L,-0.08495823,-20.702602,0.9322945963603226,1.0
WWTR1-AS1,-0.08495823,-20.847725,0.9322945963603226,1.0
MBNL1-AS1,-0.08495823,-20.973764,0.9322945963603226,1.0
AC084117.1,-0.08495823,-20.621908,0.9322945963603226,1.0
OR52I2,-0.08495823,-20.810667,0.9322945963603226,1.0
AC008679.1,-0.08495823,-20.512762,0.9322945963603226,1.0
AC005726.3,-0.08499552,-0.29118326,0.9322649516287648,1.0
RCAN3AS,-0.08500671,-0.9847642,0.9322560582276168,1.0
AC022001.3,-0.08501044,-0.43803576,0.9322530937624467,1.0
ZC3H12B,-0.085025355,-0.081392914,0.932241235911164,1.0
PLK5,-0.08503654,-0.9776362,0.9322323425325705,1.0
AC009269.2,-0.08503654,-0.14589451,0.9322323425325705,1.0
VAV1,-0.085051455,-1.2162105,0.932220484707606,1.0
LIX1,-0.08505518,-0.33809,0.9322175202537152,1.0
AC073957.2,-0.08507383,-1.1722652,0.9322026979983649,1.0
LINC02135,-0.08508129,-1.3130463,0.9321967691028072,1.0
HMGN3-AS1,-0.08508501,-0.6113905,0.9321938046564392,1.0
AC005410.2,-0.08513722,-0.72051555,0.9321523025060602,1.0
C4orf48,-0.0851484,-1.6968641,0.9321434092121161,1.0
AL645728.1,-0.085152134,-0.67646337,0.9321404447826839,1.0
AC069243.1,-0.08516705,-0.32283643,0.9321285870743677,1.0
GCNT3,-0.08518569,-0.072768435,0.9321137649601551,1.0
SH3D21,-0.08520061,-0.38565773,0.932101907285734,1.0
SPI1,-0.08522671,-0.7604991,0.932081156391758,1.0
AP002336.1,-0.08523044,-2.5549219,0.932078191982101,1.0
CDA,-0.08523044,-2.2527843,0.932078191982101,1.0
AP003390.1,-0.08526027,-3.2146666,0.9320544767387638,1.0
AC012640.2,-0.08526027,-3.3668025,0.9320544767387638,1.0
HM13,-0.085282646,-0.022025134,0.9320366903458428,1.0
ALKAL2,-0.08529383,-0.11335289,0.9320277971621082,1.0
SERF1A,-0.085334845,-0.295057,0.9319951888943534,1.0
LINC01592,-0.08535349,-0.08520568,0.9319803669921923,1.0
C3orf20,-0.08535349,-1.1304572,0.9319803669921923,1.0
LRRC19,-0.08543926,-0.1394784,0.9319121865461297,1.0
TRIM47,-0.08554366,-0.13448012,0.9318291849383283,1.0
BCAS4,-0.085554846,-0.1786507,0.9318202919528739,1.0
LINC02646,-0.08558468,-1.9014543,0.9317965773666083,1.0
GNAT2,-0.085599594,-1.8124434,0.9317847200961784,1.0
AC005540.1,-0.08560333,-0.94783515,0.9317817557809362,1.0
AC008674.1,-0.085610785,-0.920576,0.9317758271532907,1.0
AC008569.2,-0.08562197,-2.0301807,0.9317669342189197,1.0
AC079414.1,-0.08564807,-0.8696358,0.9317461840718473,1.0
POLR1B,-0.08570027,-0.07419717,0.9317046839168827,1.0
DCAF17,-0.08570027,-0.04970829,0.9317046839168827,1.0
AC079414.3,-0.08571892,-2.4298315,0.9316898624779566,1.0
AC024451.4,-0.08573756,-1.1112667,0.9316750410627177,1.0
AC087241.2,-0.08574502,-1.2320865,0.9316691125032558,1.0
NOP53,-0.08580841,-0.111974865,0.9316187199009267,1.0
AC100778.4,-0.08586434,-1.24472,0.9315742560676736,1.0
FLT4,-0.085920274,-0.68449485,0.9315297924479635,1.0
CLEC4A,-0.086020954,-0.24119942,0.9314497584710547,1.0
MORN3,-0.086032145,-0.21532136,0.931440865849725,1.0
XAB2,-0.08604706,-0.2133951,0.9314290090345984,1.0
AOC2,-0.08608062,-0.5828768,0.9314023312562059,1.0
MRPL58,-0.08612909,-0.10071625,0.9313637968234825,1.0
LINC01645,-0.08614028,-1.7211107,0.9313549042849292,1.0
BCL6,-0.08621859,-0.07287066,0.9312926567550486,1.0
CDC42-AS1,-0.08622231,-0.5204228,0.9312896925974388,1.0
RHOF,-0.08629689,-0.13975073,0.9312304096454265,1.0
BLNK,-0.08647588,-0.7773787,0.931088132117864,1.0
ERLIN2,-0.08650944,-0.07529905,0.9310614553264696,1.0
MAPK7,-0.08662876,0.045614317,0.9309666051400678,1.0
RBM43,-0.08677791,-0.6479819,0.9308480437859743,1.0
SPATA18,-0.08685249,-0.026694775,0.9307887636842256,1.0
CPHXL,-0.0873708,-1.449573,0.930376777602602,1.0
TFE3,-0.08749013,-0.08064622,0.930281934523875,1.0
AC026391.1,-0.08750877,0.074797906,0.9302671153822294,1.0
VAMP8,-0.08750877,-0.36666843,0.9302671153822294,1.0
LINC00891,-0.087523684,-0.07708614,0.9302552600863209,1.0
MUSTN1,-0.08753114,-0.30141428,0.9302493324441701,1.0
KIRREL1-IT1,-0.08754606,-0.3357753,0.9302374771714773,1.0
AC008568.1,-0.087560974,-0.43617982,0.9302256219142649,1.0
AL353751.1,-0.08758335,-0.6268643,0.930207839057478,1.0
ATP1A3,-0.087598264,-0.66222,0.9301959838389781,1.0
AC004706.3,-0.08761318,-20.614567,0.9301841286359679,1.0
MUC12,-0.08761318,-20.936369,0.9301841286359679,1.0
AC068790.4,-0.08761318,-20.582293,0.9301841286359679,1.0
AC020909.3,-0.08761318,-20.70558,0.9301841286359679,1.0
PKLR,-0.08761318,-20.81784,0.9301841286359679,1.0
FCN3,-0.08761318,-20.81818,0.9301841286359679,1.0
CNTNAP3,-0.08761318,-20.903442,0.9301841286359679,1.0
FAM3D,-0.08761318,-20.92372,0.9301841286359679,1.0
AL121603.2,-0.08761318,-20.733614,0.9301841286359679,1.0
TEX46,-0.08761318,-20.656776,0.9301841286359679,1.0
CSRNP1,-0.08761318,-20.79401,0.9301841286359679,1.0
LRRC3B,-0.08761318,-20.696936,0.9301841286359679,1.0
EPHA7,-0.08761318,-20.79905,0.9301841286359679,1.0
AC027117.1,-0.08761318,-20.778524,0.9301841286359679,1.0
AC007743.1,-0.08761318,-20.620514,0.9301841286359679,1.0
RAP1GAP,-0.08761318,-20.891836,0.9301841286359679,1.0
LINC02436,-0.08761318,-20.920485,0.9301841286359679,1.0
HOXC5,-0.08761318,-21.017979,0.9301841286359679,1.0
CYP4F11,-0.08761318,-20.68387,0.9301841286359679,1.0
BX649632.1,-0.08761318,-21.05328,0.9301841286359679,1.0
MYO1G,-0.08761318,-20.922392,0.9301841286359679,1.0
AL121957.1,-0.08761318,-20.701403,0.9301841286359679,1.0
AC233723.1,-0.08761318,-20.822699,0.9301841286359679,1.0
MS4A15,-0.08761318,-20.663448,0.9301841286359679,1.0
CREB3L1,-0.08761318,-20.73619,0.9301841286359679,1.0
SCGN,-0.08761318,-20.758013,0.9301841286359679,1.0
SERPING1,-0.08761318,-20.81709,0.9301841286359679,1.0
AC040970.1,-0.08761318,-20.7015,0.9301841286359679,1.0
NLRP11,-0.08761318,-20.40956,0.9301841286359679,1.0
AC011841.1,-0.08761318,-20.930937,0.9301841286359679,1.0
CD96,-0.08762809,-0.66711754,0.9301722734484499,1.0
PLEK2,-0.08762809,-0.68143445,0.9301722734484499,1.0
KLHDC1,-0.08762809,-0.9184445,0.9301722734484499,1.0
AC004879.1,-0.08763555,-0.83582014,0.9301663458605013,1.0
AC091152.2,-0.08763555,-0.31331187,0.9301663458605013,1.0
SNRK-AS1,-0.08766538,-0.0045853024,0.9301426355474506,1.0
AGAP2-AS1,-0.08767284,-0.9457563,0.9301367079788754,1.0
PDLIM2,-0.08768775,-1.0971419,0.9301248528533524,1.0
DAZAP1,-0.0877325,-0.074004844,0.9300892875698259,1.0
AL022397.1,-0.087754875,-1.3678408,0.9300715049804151,1.0
ACOD1,-0.087844364,-0.7200673,0.9300003749719946,1.0
AC004948.1,-0.08790403,-2.627772,0.9299529552770017,1.0
GCM1,-0.08791149,-3.0312386,0.9299470278326104,1.0
PDE4C,-0.087918945,-0.7126382,0.9299411003921051,1.0
AL138759.1,-0.0879264,-3.3710408,0.9299351729554863,1.0
AC067750.1,-0.0879786,-0.61098886,0.9298936810080035,1.0
ACSBG1,-0.087982334,-0.391011,0.9298907173047597,1.0
FAM50B,-0.08800843,-1.1630391,0.9298699714092802,1.0
KLRF2,-0.08801589,-0.080420755,0.9298640440193245,1.0
HTT-AS,-0.08802335,-0.5533413,0.9298581166332596,1.0
SLX4,-0.08812403,0.0097247,0.9297780973023526,1.0
LYST,-0.08814268,0.020920474,0.9297632789856255,1.0
ALX3,-0.08814268,-1.363449,0.9297632789856255,1.0
CREB3L2-AS1,-0.0881725,-1.7464775,0.9297395697295158,1.0
ZNF296,-0.08826946,-0.38287508,0.9296625150779514,1.0
AC020908.3,-0.088314205,-1.9490782,0.9296269516149754,1.0
ABCA13,-0.08835149,-1.0256921,0.9295973155031805,1.0
SV2C,-0.088440984,-0.713717,0.9295261892333051,1.0
PRR34,-0.0885081,-1.2659663,0.9294728449003025,1.0
MRM1,-0.08869082,0.033834748,0.9293276313777801,1.0
LINC01607,-0.08890336,-0.47719294,0.9291587124862014,1.0
YIPF2,-0.08898912,-0.034105696,0.9290905531350961,1.0
BYSL,-0.08912709,-0.16708674,0.928980906575049,1.0
FAM133B,-0.08914947,-0.0037812127,0.9289631261787908,1.0
GALE,-0.08916438,-0.24031618,0.9289512726009871,1.0
S100G,-0.089440316,-1.066693,0.9287319842578649,1.0
FZD1,-0.08970879,0.042797722,0.9285186278210624,1.0
CTBP1,-0.08975727,-0.06357059,0.9284801056782999,1.0
AC108050.1,-0.09001829,0.018623894,0.9282726816390817,1.0
B3GNT4,-0.090089135,-0.116987355,0.9282163816688103,1.0
AC068389.3,-0.09023456,-0.60588145,0.9281008196980519,1.0
AC091180.3,-0.09026812,-20.93298,0.9280741517662179,1.0
AC005692.1,-0.09026812,-20.88469,0.9280741517662179,1.0
BX255923.2,-0.09026812,-20.992695,0.9280741517662179,1.0
AC011773.4,-0.09026812,-20.99812,0.9280741517662179,1.0
AL596325.2,-0.09026812,-20.76013,0.9280741517662179,1.0
AC132938.6,-0.09026812,-20.51042,0.9280741517662179,1.0
LINC02036,-0.09026812,-20.952211,0.9280741517662179,1.0
SLCO2B1,-0.09026812,-20.698936,0.9280741517662179,1.0
INPP5J,-0.09026812,-20.902445,0.9280741517662179,1.0
ATP5MGL,-0.09026812,-20.82834,0.9280741517662179,1.0
DEFB108B,-0.09026812,-20.821743,0.9280741517662179,1.0
GPR176-DT,-0.09026812,-20.750084,0.9280741517662179,1.0
IGFLR1,-0.09026812,-20.981256,0.9280741517662179,1.0
AC122707.1,-0.09026812,-20.902874,0.9280741517662179,1.0
CHST8,-0.09026812,-20.699736,0.9280741517662179,1.0
AP003392.5,-0.09026812,-21.120205,0.9280741517662179,1.0
IGBP1-AS2,-0.09026812,-20.657127,0.9280741517662179,1.0
CYP4F12,-0.09026812,-20.89542,0.9280741517662179,1.0
SLC17A8,-0.09026812,-20.921768,0.9280741517662179,1.0
AC021739.5,-0.09026812,-20.92615,0.9280741517662179,1.0
AC093677.2,-0.09026812,-21.056828,0.9280741517662179,1.0
AC010624.1,-0.09026812,-20.76873,0.9280741517662179,1.0
AC097468.3,-0.09026812,-20.981468,0.9280741517662179,1.0
AC105031.2,-0.09026812,-21.094193,0.9280741517662179,1.0
AC087752.3,-0.09026812,-21.006495,0.9280741517662179,1.0
AC092376.1,-0.09026812,-0.32657328,0.9280741517662179,1.0
C2orf83,-0.09026812,-20.603981,0.9280741517662179,1.0
AC004556.3,-0.09026812,-20.782188,0.9280741517662179,1.0
AL137804.1,-0.09026812,-20.965326,0.9280741517662179,1.0
AC068790.2,-0.09026812,-20.68804,0.9280741517662179,1.0
MMP28,-0.09026812,-20.88175,0.9280741517662179,1.0
ANXA9,-0.09027185,-0.8086094,0.9280711886676671,1.0
FAM189A1,-0.09027558,-0.52072126,0.9280682255701137,1.0
LINC02775,-0.09028677,-0.69830483,0.9280593362834384,1.0
AC008440.1,-0.09030541,-0.47627863,0.9280445208255982,1.0
HMG20B,-0.090309136,-0.053779602,0.9280415577370233,1.0
AC093752.3,-0.09031287,-0.20940778,0.9280385946494463,1.0
AC024230.1,-0.090327784,-0.2680684,0.9280267423091171,1.0
HCN3,-0.090391174,-1.1692973,0.9279763700408968,1.0
AC114956.2,-0.09039863,-1.3695791,0.9279704439106662,1.0
NOS2,-0.09040236,-0.835752,0.927967480847049,1.0
SH3BGR,-0.09041355,-0.23281157,0.9279585916621909,1.0
AL163051.1,-0.090421006,-1.5829401,0.9279526655439468,1.0
ATP4B,-0.090465754,-1.7459276,0.9279171089184138,1.0
AC005682.2,-0.09049931,-0.63383067,0.9278904415437162,1.0
PLAC8,-0.09050677,-0.36336407,0.927884515471448,1.0
LINC01242,-0.090510495,-2.130357,0.9278815524368138,1.0
AC103760.1,-0.09051795,-2.3579123,0.9278756263705457,1.0
HIST1H2AB,-0.09052541,-2.6476665,0.9278697003082779,1.0
AC243571.2,-0.090529144,-0.82245505,0.9278667372786442,1.0
CD302,-0.09053287,-0.13370675,0.9278637742500108,1.0
AC136431.1,-0.09053287,-2.3556361,0.9278637742500108,1.0
TENT5C,-0.09055524,-2.7028654,0.9278459960992175,1.0
STAU2-AS1,-0.09058134,-0.95356226,0.9278252549688161,1.0
GSDMA,-0.090585075,-3.3934193,0.9278222919541902,1.0
OR1L8,-0.090585075,-3.05097,0.9278222919541902,1.0
LAMTOR2,-0.09059626,0.13507204,0.9278134029163178,1.0
LINC01707,-0.09061863,-1.0801524,0.9277956248676,1.0
AC012313.5,-0.09063355,-0.3631273,0.9277837728551452,1.0
AC096576.6,-0.09065965,-0.11604387,0.9277630318719037,1.0
AL450263.1,-0.09066338,-1.1859795,0.9277600688783041,1.0
HIST1H3G,-0.090711854,-0.119965024,0.9277215500526788,1.0
B4GALT1-AS1,-0.09073796,-1.3191339,0.9277008092167234,1.0
HMGN4,-0.090775244,-0.20013109,0.9276711795362903,1.0
AC010531.5,-0.09080881,-0.10581577,0.9276445129096496,1.0
PER2,-0.090868466,-0.091923855,0.9275971057740774,1.0
AP001970.1,-0.09090203,-2.0615754,0.9275704393732515,1.0
EPHA2,-0.09095423,-0.22679615,0.9275289584670059,1.0
CFAP74,-0.091032535,-1.2033112,0.9274667374769687,1.0
F2,-0.091043726,-2.5831447,0.9274578488003042,1.0
AC073863.1,-0.09114813,-0.27497125,0.9273748882547975,1.0
CMAS,-0.09123017,-0.029686954,0.9273097055228541,1.0
PIMREG,-0.09125999,-0.57857203,0.9272860028321647,1.0
ACADM,-0.09127864,-0.116856456,0.9272711886832503,1.0
AC036214.2,-0.0913122,-0.4089641,0.9272445232787395,1.0
AP001033.1,-0.09134576,-1.6344057,0.9272178579559425,1.0
LINC00971,-0.09137932,-0.90321004,0.9271911927148887,1.0
ZNF665,-0.09138305,-0.15183942,0.9271882299153743,1.0
AC111170.1,-0.09142407,-0.0980181,0.9271556391873582,1.0
MXD1,-0.091591865,-0.039226856,0.9270223147550657,1.0
DESI1,-0.09174475,-0.116010636,0.9269008431672585,1.0
PAXBP1-AS1,-0.091748476,-0.09745077,0.9268978804668778,1.0
SLC47A1,-0.09175967,-1.2462658,0.9268889923718173,1.0
AC079779.3,-0.09182678,-0.5521044,0.926835663993084,1.0
AC007405.1,-0.09191628,0.06058395,0.926764559999429,1.0
MCM8-AS1,-0.09196848,-0.6338595,0.9267230829398644,1.0
ZNF641,-0.09197967,-0.24728543,0.9267141950244332,1.0
DENND6B,-0.0922034,-0.52731985,0.9265364386377477,1.0
ARHGEF12,-0.092233226,-0.02407671,0.9265127380630488,1.0
CMTM1,-0.09233018,-0.15466154,0.9264357116457389,1.0
Z97989.1,-0.09246815,-1.3131776,0.9263260983177372,1.0
AC005414.1,-0.09270679,-0.019290188,0.9261365001881037,1.0
PPP1R11,-0.092736624,-0.04053197,0.9261128007166166,1.0
PSMC1,-0.092773914,-0.12269168,0.9260831764694575,1.0
AC024592.1,-0.09282611,-0.23351313,0.9260417026956136,1.0
SPIB,-0.092855945,-0.44704685,0.9260180034865017,1.0
AC009312.1,-0.09288578,-0.5829531,0.9259943043430356,1.0
AC084082.1,-0.092893235,-0.6810882,0.9259883795674289,1.0
AC012236.1,-0.09292307,-20.863247,0.9259646805060497,1.0
ITGB8,-0.09292307,-21.037098,0.9259646805060497,1.0
AC018450.1,-0.09292307,-21.046562,0.9259646805060497,1.0
TRIM22,-0.09292307,-20.923876,0.9259646805060497,1.0
AC007368.1,-0.09292307,-20.89379,0.9259646805060497,1.0
LINC02725,-0.09292307,-20.851742,0.9259646805060497,1.0
NXPE4,-0.09292307,-20.821346,0.9259646805060497,1.0
AL136119.1,-0.09292307,-20.869406,0.9259646805060497,1.0
AL392183.1,-0.09292307,-20.574993,0.9259646805060497,1.0
HPS6,-0.09292307,-21.141867,0.9259646805060497,1.0
AC015914.1,-0.09292307,-21.02241,0.9259646805060497,1.0
LINC01206,-0.09292307,-20.74243,0.9259646805060497,1.0
RASGRF2-AS1,-0.09292307,-20.875435,0.9259646805060497,1.0
CLIC5,-0.09292307,-20.955725,0.9259646805060497,1.0
PDF,-0.09292307,-20.907982,0.9259646805060497,1.0
PKHD1L1,-0.09292307,-21.040442,0.9259646805060497,1.0
AC141424.1,-0.09292307,-21.256096,0.9259646805060497,1.0
PIWIL3,-0.09292307,-20.986458,0.9259646805060497,1.0
AC005616.1,-0.09292307,-21.066637,0.9259646805060497,1.0
NLRP14,-0.09292307,-20.799294,0.9259646805060497,1.0
NACC2,-0.09293798,-0.934637,0.9259528309999938,1.0
AC005293.1,-0.09293798,-0.7696586,0.9259528309999938,1.0
FOXQ1,-0.09294917,-0.20086448,0.9259439438812312,1.0
TRPC6,-0.09303493,-1.2450745,0.925875809611128,1.0
LINC00607,-0.09308714,-1.7395076,0.9258343368432893,1.0
FAM218A,-0.09311697,-1.6411909,0.925810638209289,1.0
GCNT2,-0.09313934,-0.75938314,0.9257928642769878,1.0
AC009779.2,-0.09316172,-2.071188,0.9257750903817242,1.0
AC007684.2,-0.09319154,-0.9159243,0.9257513919123356,1.0
FICD,-0.09320646,-0.3613686,0.9257395427023453,1.0
FZD10-AS1,-0.09324375,-3.2431858,0.9257099197494445,1.0
MRPL54,-0.09325493,-0.33969864,0.9257010328836568,1.0
AL451070.1,-0.09332205,-0.053086363,0.9256477118836554,1.0
HCP5,-0.09332579,-0.72363585,0.9256447496156681,1.0
AC018541.1,-0.093377985,-1.2390608,0.9256032779721063,1.0
HAUS7,-0.09343765,-1.2800666,0.9255558820555866,1.0
TNFRSF19,-0.093489856,-0.42185342,0.9255144108453649,1.0
AC007298.2,-0.09352714,-0.11006551,0.9254847886762622,1.0
MEFV,-0.093542054,-1.554746,0.9254729398375446,1.0
TPRKB,-0.0935868,-0.2313211,0.925437393420593,1.0
MED10,-0.09366884,-0.15574156,0.9253722253761778,1.0
LINC01694,-0.09371358,-0.42941982,0.9253366793811679,1.0
AC012379.1,-0.09376579,-1.2005612,0.9252952092420514,1.0
GTF2A1,-0.09388511,-0.13419081,0.9252004211150844,1.0
GSS,-0.0938963,-0.07602885,0.9251915347826023,1.0
ROR2,-0.09396715,-1.5131661,0.9251352548936845,1.0
INHBC,-0.09407901,-0.4266026,0.925046392674139,1.0
NELFA,-0.094093926,-0.08322941,0.925034544448835,1.0
FBXO7,-0.094164774,-0.1923189,0.9249782656057675,1.0
AC112719.2,-0.094332576,-0.11734625,0.9248449751072092,1.0
AL159978.1,-0.094384775,-0.33357918,0.9248035073822272,1.0
C9orf16,-0.09451902,0.07458628,0.9246968770278977,1.0
SLC4A1AP,-0.09453766,-0.098961174,0.9246820673634224,1.0
LINC02456,-0.094724104,-0.28725544,0.9245339721551918,1.0
USP38,-0.09489936,-0.13018805,0.9243947650441114,1.0
DHRS12,-0.094944105,-0.13771337,0.92435922317384,1.0
USP39,-0.09497394,-0.08772734,0.9243355286775411,1.0
NKX2-5,-0.09506716,-0.0037196805,0.9242614838093763,1.0
PTPN22,-0.09513428,-0.5952946,0.9242081719105826,1.0
RPP21,-0.09528716,-0.26312804,0.9240867405233724,1.0
TCTN2,-0.09538038,-0.026176868,0.924012697862582,1.0
PRKAA2,-0.0953953,-0.077601105,0.9240008510979336,1.0
STEAP3,-0.09545123,-0.21031465,0.9239564258806496,1.0
RASGRF1,-0.09545123,-0.1719249,0.9239564258806496,1.0
AC004691.1,-0.09551089,-0.11214347,0.9239090392436409,1.0
FAM83B,-0.09551462,-0.24890406,0.9239060775877918,1.0
AC025280.3,-0.095529534,-0.53351796,0.9238942309749439,1.0
FBXW10,-0.09555191,-0.75446314,0.9238764610873226,1.0
AC096570.1,-0.095559366,-0.84360224,0.9238705377998901,1.0
AC091114.1,-0.095578015,-20.854658,0.923855729599778,1.0
LSINCT5,-0.095578015,-21.099436,0.923855729599778,1.0
SPINT1-AS1,-0.095578015,-21.100187,0.923855729599778,1.0
TMEM211,-0.095578015,-20.682962,0.923855729599778,1.0
AL357079.2,-0.095578015,-21.064962,0.923855729599778,1.0
SEPTIN3,-0.095578015,-21.040113,0.923855729599778,1.0
LINC00266-1,-0.095578015,-20.865929,0.923855729599778,1.0
AC100858.3,-0.095578015,-20.982418,0.923855729599778,1.0
AC021491.1,-0.095578015,-21.145735,0.923855729599778,1.0
AP002409.1,-0.095578015,-20.990965,0.923855729599778,1.0
ARMS2,-0.095578015,-21.077787,0.923855729599778,1.0
AC234775.4,-0.095578015,-21.157362,0.923855729599778,1.0
AC092145.1,-0.095578015,-20.920557,0.923855729599778,1.0
LYZ,-0.095578015,-21.075031,0.923855729599778,1.0
AL590428.1,-0.095578015,-20.958857,0.923855729599778,1.0
HBM,-0.095578015,-21.114195,0.923855729599778,1.0
AC051619.7,-0.095578015,-21.102804,0.923855729599778,1.0
LINC01611,-0.095578015,-20.99497,0.923855729599778,1.0
AC007040.1,-0.095578015,-20.921824,0.923855729599778,1.0
HAPLN2,-0.095578015,-20.90437,0.923855729599778,1.0
UBE2L6,-0.095578015,-20.92884,0.923855729599778,1.0
ITK,-0.095578015,-21.083923,0.923855729599778,1.0
BX004987.1,-0.095578015,-20.892956,0.923855729599778,1.0
ZBTB42,-0.095578015,-21.231646,0.923855729599778,1.0
PAUPAR,-0.095578015,-21.056313,0.923855729599778,1.0
AC021744.1,-0.095578015,-20.775984,0.923855729599778,1.0
VDR,-0.09558174,-0.7836856,0.9238527679629219,1.0
AC104564.3,-0.09558174,-0.9830959,0.9238527679629219,1.0
AL355802.3,-0.09558174,-0.74289846,0.9238527679629219,1.0
AL162586.1,-0.095604114,-0.13036282,0.9238349981639538,1.0
SEPTIN6,-0.09564886,-0.23252515,0.923799458680053,1.0
LINC02742,-0.09565259,-0.63168305,0.9237964970632595,1.0
AC004900.1,-0.09565632,-1.1430943,0.9237935354475223,1.0
LINC00200,-0.09571598,-1.4055772,0.9237461497394227,1.0
ZNF354B,-0.09574954,-0.19217643,0.9237194953975215,1.0
AC022710.1,-0.0957831,-0.08755182,0.9236928411412693,1.0
DCAF8L2,-0.0957831,-1.8565619,0.9236928411412693,1.0
HSPA12B,-0.09580174,-0.72215426,0.9236780332581489,1.0
AC007285.2,-0.09580547,-0.039014917,0.9236750716846985,1.0
AL139241.1,-0.0958092,-0.8048966,0.9236721101123062,1.0
AC067930.8,-0.09582039,-2.2652256,0.9236632254014776,1.0
GPRIN1,-0.095835306,-2.1744254,0.9236513791351875,1.0
HIST1H2AD,-0.095842764,-2.1020617,0.9236454560083922,1.0
AL136531.1,-0.095850214,-0.27983904,0.9236395328858306,1.0
PANK4,-0.09585395,-0.039838582,0.9236365713261375,1.0
AC139100.2,-0.09587259,-0.17709652,0.923621763543551,1.0
EGF,-0.09588005,-3.07731,0.9236158404379272,1.0
AC067930.1,-0.09590988,-3.4418688,0.9235921480577886,1.0
EVA1A,-0.09593225,-0.56667614,0.9235743788171675,1.0
CGRRF1,-0.09593598,0.049659908,0.9235714172807717,1.0
MAATS1,-0.09598446,-0.75273925,0.9235329174040491,1.0
AGR2,-0.0960292,-0.47551292,0.9234973792152977,1.0
AC093249.2,-0.096044116,-0.5374009,0.9234855331863117,1.0
CALCB,-0.0960926,-1.3563993,0.9234470337093187,1.0
MAF1,-0.09611496,-0.3463599,0.9234292647804173,1.0
CHST14,-0.09614853,-0.8779595,0.923402611458712,1.0
FP700111.1,-0.09620446,-0.56114966,0.9233581894470013,1.0
AC091982.1,-0.096219376,-0.32020965,0.9233463436175762,1.0
AL096794.1,-0.09627903,-0.37078393,0.9232989604699076,1.0
AC023157.3,-0.09632751,-0.9853107,0.92326046186283,1.0
PFDN4,-0.09646921,-0.076259345,0.9231479285039829,1.0
SELENOH,-0.09659599,-0.18883698,0.9230472420656782,1.0
AC080013.4,-0.09661464,-0.059245758,0.9230324353404762,1.0
AL022323.4,-0.096637,-0.0114011,0.9230146673054405,1.0
SLC15A3,-0.096666835,-0.8867624,0.922990976651819,1.0
SLC26A4-AS1,-0.096704125,-0.49724215,0.9229613634308632,1.0
BAG2,-0.09681226,-0.048090335,0.9228754856940999,1.0
COA6-AS1,-0.09682345,-0.5290787,0.9228666018415929,1.0
AC087393.2,-0.0969465,-0.19330809,0.9227688800993286,1.0
ARRDC3,-0.09697633,-0.075056076,0.9227451901554963,1.0
M6PR,-0.09733057,-0.042229224,0.9224638773172394,1.0
AL024508.1,-0.0973604,-0.16100885,0.9224401882573554,1.0
AL035416.1,-0.09742007,-0.21750882,0.9223928103440115,1.0
PRUNE1,-0.09766244,-0.3119709,0.9222003404045037,1.0
AC008906.2,-0.097673625,-0.48241398,0.922191457286429,1.0
AC093690.1,-0.097673625,-0.24756919,0.922191457286429,1.0
ST6GALNAC6,-0.09768854,-0.39595708,0.9221796131440946,1.0
PDE10A,-0.098031595,-0.0020016988,0.9219072026388032,1.0
AC090559.2,-0.09806143,-0.34913528,0.9218835152012638,1.0
AL031778.1,-0.09807634,-0.15624881,0.9218716715084772,1.0
AC068633.1,-0.09815465,-0.05546305,0.9218094924056549,1.0
AL445123.2,-0.09818821,-0.0327845,0.9217828443650089,1.0
AL157834.2,-0.098195665,-0.7404984,0.9217769225901223,1.0
TFEB,-0.09821058,-0.75780004,0.9217650790533595,1.0
ARGFX,-0.098232955,-21.198462,0.9217473137807453,1.0
AC130343.1,-0.098232955,-20.901045,0.9217473137807453,1.0
AC121338.1,-0.098232955,-21.111034,0.9217473137807453,1.0
SHE,-0.098232955,-20.892685,0.9217473137807453,1.0
LINC02438,-0.098232955,-21.040724,0.9217473137807453,1.0
ELF4,-0.098232955,-21.02754,0.9217473137807453,1.0
AC254562.3,-0.098232955,-21.12869,0.9217473137807453,1.0
AC009902.3,-0.098232955,-20.926981,0.9217473137807453,1.0
AC011611.4,-0.098232955,-21.030094,0.9217473137807453,1.0
LINP1,-0.098232955,-20.890154,0.9217473137807453,1.0
LINC01252,-0.098232955,-20.989107,0.9217473137807453,1.0
SLC35G6,-0.098232955,-20.906776,0.9217473137807453,1.0
SERPINC1,-0.098232955,-20.888767,0.9217473137807453,1.0
SLC12A5,-0.098232955,-20.951973,0.9217473137807453,1.0
AC108472.1,-0.098232955,-20.767845,0.9217473137807453,1.0
AC090001.1,-0.098232955,-20.955969,0.9217473137807453,1.0
ZMYND12,-0.098232955,-20.941467,0.9217473137807453,1.0
BRWD1-AS2,-0.098232955,-21.02607,0.9217473137807453,1.0
AL138963.4,-0.09824041,-0.924285,0.9217413920318833,1.0
AL137025.1,-0.09824787,-1.0806879,0.9217354702873598,1.0
CCDC190,-0.09826279,-0.92076653,0.9217236268113299,1.0
TULP2,-0.0982777,-1.0190262,0.921711783352658,1.0
AC010185.1,-0.09828516,-1.033479,0.9217058616298323,1.0
OPRM1,-0.09829262,-0.5642924,0.921699939911347,1.0
AC010632.2,-0.09830008,-0.13020512,0.9216940181972026,1.0
AC024270.4,-0.09832245,-1.3428866,0.9216762530808177,1.0
LINC00491,-0.09835228,-1.4342717,0.9216525663197627,1.0
AL121832.3,-0.09835228,-1.4365734,0.9216525663197627,1.0
TMEM144,-0.098389566,-0.5512099,0.9216229579661741,1.0
RMST,-0.098397024,-0.7326759,0.9216170363084902,1.0
TMEM126A,-0.09841567,-0.019232353,0.9216022321832926,1.0
ORC2,-0.098426856,-0.024809228,0.9215933497212124,1.0
MIA,-0.09844923,-1.8652172,0.9215755848263935,1.0
NID2,-0.09846787,-0.29700315,0.9215607807772677,1.0
RAB27B,-0.09847906,-1.9467343,0.9215518983608374,1.0
IRF7,-0.09848652,-0.92395306,0.92154597675532,1.0
AL845472.1,-0.09852381,-2.9434714,0.9215163687929795,1.0
SPOCD1,-0.09853872,-3.1837864,0.9215045256384977,1.0
AC127024.4,-0.09853872,-1.076329,0.9215045256384977,1.0
AC020659.2,-0.09854618,-3.31364,0.921498604067784,1.0
ECHDC3,-0.098553635,-0.1476848,0.9214926825014224,1.0
ARL1,-0.09856109,-0.13126442,0.921486760939413,1.0
AC072026.2,-0.09856109,-0.6502569,0.921486760939413,1.0
AL135905.2,-0.09857601,-3.608663,0.921474917828452,1.0
GNG7,-0.09866923,-0.07602547,0.9214008987795623,1.0
AP000880.1,-0.09867296,-1.3013519,0.9213979380317637,1.0
CACNA1C-AS1,-0.09868788,-1.3793069,0.9213860950514635,1.0
UTS2B,-0.09869534,-1.3534552,0.9213801735678505,1.0
LEPROTL1,-0.09870279,-0.10981319,0.9213742520885959,1.0
CTPS1,-0.09870652,-0.102807425,0.9213712913506031,1.0
AC008537.4,-0.09876991,-0.79694515,0.9213209589714888,1.0
S100A16,-0.09883703,-0.118642166,0.9212676662076806,1.0
ZNF184,-0.09888923,-0.440665,0.9212262165246825,1.0
IMPDH2,-0.09897873,-0.071264125,0.9211551604231495,1.0
ADCY8,-0.098993644,-1.1272694,0.9211433178007373,1.0
ABRAXAS1,-0.09914652,-0.07266854,0.921021931929653,1.0
Z82195.3,-0.09920246,-0.5355538,0.920977522924183,1.0
FLRT1,-0.09926585,-0.017774,0.9209271930158739,1.0
PINK1,-0.09934416,-0.11215852,0.9208650212134639,1.0
GPAA1,-0.09942619,-0.09126953,0.9207998893677829,1.0
NDEL1,-0.09963128,-0.098801106,0.9206370620787035,1.0
ZNF674-AS1,-0.09980653,-0.62650114,0.9204979213950115,1.0
SLC5A11,-0.09991467,-0.3892253,0.9204120698466033,1.0
AC120193.1,-0.099955685,-1.4951174,0.920379505708766,1.0
RNPEPL1,-0.09995942,0.09157628,0.9203765453392184,1.0
AC007731.3,-0.10000043,-0.50046086,0.9203439813470313,1.0
AC100832.2,-0.10005264,-0.30667746,0.9203025364592518,1.0
ZFP2,-0.10035467,-0.40683454,0.9200627524328264,1.0
CDC37L1,-0.10041061,-0.10196565,0.920018348780423,1.0
AC087276.2,-0.10043671,-0.14899343,0.9199976271613035,1.0
TEX45,-0.1005001,-0.7812395,0.9199473034553477,1.0
AL121672.1,-0.10050756,-0.13034132,0.9199413830404265,1.0
ZNF879,-0.100615695,-0.07414549,0.919855537522918,1.0
LINC02575,-0.10076858,-0.1675658,0.9197341713162506,1.0
AC024022.1,-0.10080214,-0.43531188,0.9197075302039749,1.0
COL1A1,-0.1008096,-0.40513074,0.9197016099690405,1.0
LINC02818,-0.1008096,-0.50627506,0.9197016099690405,1.0
AL606834.1,-0.10084689,-0.81362695,0.9196720088611383,1.0
AC083837.1,-0.1008879,-20.958912,0.9196394477710138,1.0
IDO1,-0.1008879,-21.15434,0.9196394477710138,1.0
NSG2,-0.1008879,-21.167826,0.9196394477710138,1.0
AC073326.1,-0.1008879,-21.130934,0.9196394477710138,1.0
LRCOL1,-0.1008879,-21.072912,0.9196394477710138,1.0
AP001120.5,-0.1008879,-21.098803,0.9196394477710138,1.0
SSPO,-0.1008879,-21.434921,0.9196394477710138,1.0
REN,-0.1008879,-21.152687,0.9196394477710138,1.0
PCDH9-AS2,-0.1008879,-21.08463,0.9196394477710138,1.0
AC024560.1,-0.1008879,-21.051847,0.9196394477710138,1.0
AC007405.3,-0.1008879,-20.833948,0.9196394477710138,1.0
AL117344.2,-0.1008879,-21.101778,0.9196394477710138,1.0
AC087292.1,-0.1008879,-20.89737,0.9196394477710138,1.0
PAQR9-AS1,-0.1008879,-21.120268,0.9196394477710138,1.0
TTC34,-0.1008879,-21.184616,0.9196394477710138,1.0
AC080188.1,-0.1008879,-20.936707,0.9196394477710138,1.0
AC107027.1,-0.1008879,-21.132744,0.9196394477710138,1.0
AL136040.1,-0.1008879,-21.125454,0.9196394477710138,1.0
AC073263.2,-0.1008879,-21.019495,0.9196394477710138,1.0
MATN1,-0.1008879,-21.012207,0.9196394477710138,1.0
HASPIN,-0.10092146,-1.1422304,0.9196128069793131,1.0
PLPP5,-0.10092892,-0.19247757,0.919606886815632,1.0
AC034198.2,-0.10095129,-1.1530163,0.9195891263513264,1.0
AL034417.3,-0.10095502,-0.800054,0.9195861662778418,1.0
LINC01543,-0.100973666,-1.2659202,0.9195713659271345,1.0
AC133919.1,-0.100999765,-0.246814,0.919550645482955,1.0
C3,-0.10104078,-1.7071804,0.9195180848953288,1.0
F2RL1,-0.10104824,-1.3714997,0.9195121648029844,1.0
CAHM,-0.10105197,-0.34049124,0.9195092047584851,1.0
APOC1,-0.101063155,-1.5669478,0.9195003246316796,1.0
LINC00958,-0.1010818,-0.71040356,0.9194855244426476,1.0
AC012405.1,-0.101100445,-2.0570612,0.9194707242815079,1.0
AP003486.1,-0.10114519,-0.47766924,0.919435204008604,1.0
NAP1L5,-0.101163834,-0.9270643,0.9194204039423364,1.0
ASGR1,-0.10118248,-0.43126082,0.9194056039039836,1.0
UNCX,-0.10118994,-2.7445138,0.9193996838964598,1.0
CATSPERB,-0.10120486,-3.1787863,0.919387843894815,1.0
AC104117.3,-0.101219766,-3.2996974,0.9193760039110428,1.0
AC009962.1,-0.10124214,-0.6611295,0.9193582439689013,1.0
AC003001.1,-0.1012496,-0.2321887,0.9193523239971266,1.0
LOXL1-AS1,-0.10133536,-0.46589747,0.9192842446430889,1.0
SLC15A2,-0.10136147,-0.26660776,0.9192635249571021,1.0
AL138820.1,-0.101395026,-0.52370334,0.9192368854413853,1.0
C2orf27A,-0.10148825,-0.15573438,0.9191628872623331,1.0
AC025030.2,-0.101532996,-0.7500395,0.9191273683850187,1.0
FAM66C,-0.10155164,-0.60133106,0.9191125689004269,1.0
AC115102.1,-0.10157774,-1.0261948,0.9190918496690741,1.0
MIR100HG,-0.10158893,-2.089927,0.9190829700153103,1.0
MYOM2,-0.10159265,-1.008128,0.9190800101329647,1.0
AC023355.1,-0.10160384,-0.6071818,0.9190711304926559,1.0
CIB2,-0.101648584,-1.0237591,0.9190356120323574,1.0
AC078962.2,-0.101760454,-0.3477065,0.9189468165885533,1.0
ZNF267,-0.101760454,-0.102308884,0.9189468165885533,1.0
MYO3A,-0.10176418,-1.2304845,0.9189438567578285,1.0
AC018697.1,-0.10179029,-0.7378776,0.9189231379742059,1.0
ADARB2,-0.101879776,-0.4229499,0.9188521025626455,1.0
AC005999.2,-0.10193198,-0.85884464,0.9188106655382926,1.0
HLA-E,-0.10201029,-0.35768208,0.9187485104152288,1.0
AL160408.1,-0.10201401,-0.13446438,0.9187455506598451,1.0
TIGD2,-0.102118425,-0.6106393,0.9186626779663557,1.0
EMC7,-0.102219105,-0.016916469,0.91858276584872,1.0
EPHA8,-0.10223029,-0.12898669,0.918573886775289,1.0
KCNE1,-0.102237746,-0.49347714,0.9185679673986427,1.0
AC012535.1,-0.102319784,-0.55699754,0.9185028545534818,1.0
MPP1,-0.10237198,-0.15251876,0.9184614193910964,1.0
AL137856.1,-0.10245402,-1.362727,0.9183963074405009,1.0
AC087392.2,-0.10266284,0.035809994,0.9182305704003128,1.0
GALNT10,-0.1026703,-0.078897685,0.9182246512859753,1.0
AC240274.1,-0.10270012,-0.03221729,0.9182009748739508,1.0
RINT1,-0.102804534,-0.111696385,0.9181181080032204,1.0
RND2,-0.10286419,-0.8096857,0.9180707559049501,1.0
RPUSD1,-0.1028903,-0.18559305,0.9180500394533276,1.0
MID1IP1,-0.1029164,-0.27791196,0.918029323057342,1.0
RPP25L,-0.103087924,-0.08069882,0.9178931881259669,1.0
NRIP1,-0.103307925,0.008803447,0.9177185838034786,1.0
LINC02307,-0.103356406,-0.13377802,0.917680112197856,1.0
CTBP1-DT,-0.10340488,-0.7054384,0.9176416407849838,1.0
AC112770.1,-0.103445895,-0.10741961,0.917609088201632,1.0
CHID1,-0.10346081,-0.13682353,0.9175972509328375,1.0
PCDHB11,-0.10352793,-1.0115614,0.9175439834493516,1.0
AC023830.3,-0.10352793,-0.8408295,0.9175439834493516,1.0
OCEL1,-0.10352793,-0.855712,0.9175439834493516,1.0
LDHAL6B,-0.10354284,-20.973564,0.9175321462810568,1.0
ZNF346-IT1,-0.10354284,-21.027685,0.9175321462810568,1.0
AC145207.3,-0.10354284,-21.18935,0.9175321462810568,1.0
ST6GAL2,-0.10354284,-21.174875,0.9175321462810568,1.0
TAGAP,-0.10354284,-20.9821,0.9175321462810568,1.0
FAM221A,-0.10354284,-21.09422,0.9175321462810568,1.0
FKBPL,-0.10354284,-21.239763,0.9175321462810568,1.0
AC079148.3,-0.10354284,-20.931774,0.9175321462810568,1.0
OR51D1,-0.10354284,-21.041607,0.9175321462810568,1.0
AP000781.1,-0.10354284,-21.005373,0.9175321462810568,1.0
AL121992.1,-0.10354284,-21.124022,0.9175321462810568,1.0
SHROOM1,-0.10354284,-21.116533,0.9175321462810568,1.0
AC008574.1,-0.10354284,-21.120396,0.9175321462810568,1.0
AC007342.4,-0.10354284,-20.999628,0.9175321462810568,1.0
MESP2,-0.10354284,-21.022476,0.9175321462810568,1.0
AL031709.1,-0.10355776,-0.13666406,0.9175203091310431,1.0
AC080037.2,-0.103572674,-1.1670219,0.9175084719993132,1.0
AL160408.2,-0.10358013,-1.0918545,0.9175025534403053,1.0
AL162274.1,-0.10358759,-0.33846626,0.9174966348858695,1.0
OOEP,-0.10367709,-0.310614,0.9174256125893668,1.0
EDARADD,-0.103729285,-0.09872408,0.9173841832206844,1.0
AL357033.4,-0.1037442,-1.812037,0.9173723462994047,1.0
AC092957.1,-0.10375166,-1.728844,0.9173664278456333,1.0
DNAJC5B,-0.10381878,-1.0158508,0.9173131619678024,1.0
EPB41L4B,-0.10382624,-2.649171,0.9173072435598397,1.0
SDC1,-0.103841156,-2.7495515,0.9172954067576624,1.0
AP005062.1,-0.10385607,-3.2812622,0.9172835699738184,1.0
ANO1,-0.10386353,-3.3927574,0.9172776515887722,1.0
AC005329.3,-0.10386353,-3.0608933,0.9172776515887722,1.0
FAM98C,-0.10387099,-0.36322904,0.9172717332083102,1.0
LINC02789,-0.103885904,-3.3869941,0.9172598964611406,1.0
MAN2A1,-0.103893355,-0.013832613,0.9172539780944334,1.0
MFSD1,-0.10389709,-0.005964821,0.9172510189127995,1.0
RN7SL832P,-0.10391573,-0.6547843,0.9172362230218268,1.0
AL033384.2,-0.10397167,-0.8746679,0.9171918355209256,1.0
RNF26,-0.104005225,-0.6928094,0.9171652031442793,1.0
AC007611.1,-0.10401268,-0.374446,0.9171592848509806,1.0
TMEM240,-0.10402014,-0.82309,0.9171533665622728,1.0
AC007038.2,-0.10407607,0.009782679,0.9171089795433283,1.0
AP001627.1,-0.104087256,-0.55471975,0.9171001021705415,1.0
H2AFY2,-0.104161836,-0.47741696,0.9170409199495078,1.0
ZGLP1,-0.10422896,-0.21464741,0.916987656343638,1.0
SLC4A2,-0.104721166,-0.057964876,0.9165970679681615,1.0
ALX1,-0.10473608,-0.050627466,0.9165852322705885,1.0
AC010761.4,-0.10476218,-0.6044988,0.9165645198443277,1.0
ENG,-0.104792014,0.029225599,0.9165408485693832,1.0
AL355076.2,-0.10483303,-1.1238098,0.9165083006871623,1.0
LINC02381,-0.10483303,-0.03301195,0.9165083006871623,1.0
LIMS1-AS1,-0.104974724,-1.1990976,0.9163958636257644,1.0
COQ6,-0.105105236,-0.24450687,0.9162923046540233,1.0
PSKH1,-0.10525812,-0.15431345,0.9161709945225163,1.0
ABCA1,-0.10529168,-0.0014458133,0.9161443657304514,1.0
UQCRQ,-0.10556761,-0.15115817,0.9159254214547382,1.0
ACOT2,-0.10584728,0.012391384,0.9157035249802488,1.0
MTRR,-0.10599643,-0.13793327,0.9155851828785139,1.0
AL078581.2,-0.106074736,-0.21428336,0.9155230540239033,1.0
AC084782.1,-0.10610084,-0.07331823,0.9155023445203607,1.0
PFDN5,-0.10611576,-0.104841426,0.9154905105440861,1.0
HR,-0.10619779,-21.069628,0.9154254240094506,1.0
AC006387.1,-0.10619779,-21.12554,0.9154254240094506,1.0
AL357500.1,-0.10619779,-20.93001,0.9154254240094506,1.0
CIART,-0.10619779,-21.04692,0.9154254240094506,1.0
AC087286.3,-0.10619779,-20.99266,0.9154254240094506,1.0
AC020550.2,-0.10619779,-21.136133,0.9154254240094506,1.0
RELL2,-0.10619779,-21.130775,0.9154254240094506,1.0
HIST1H3A,-0.10619779,-21.074636,0.9154254240094506,1.0
SMIM22,-0.10619779,-21.003796,0.9154254240094506,1.0
ICOSLG,-0.10619779,-20.944714,0.9154254240094506,1.0
FAM214B,-0.10619779,-21.13956,0.9154254240094506,1.0
AC091096.1,-0.10619779,-21.005753,0.9154254240094506,1.0
S100Z,-0.10619779,-20.942358,0.9154254240094506,1.0
CERS3-AS1,-0.10619779,-20.92015,0.9154254240094506,1.0
PRKAR2A-AS1,-0.10619779,-21.24659,0.9154254240094506,1.0
RHOXF2,-0.10619779,-21.222853,0.9154254240094506,1.0
LINC02406,-0.10619779,-21.194286,0.9154254240094506,1.0
TTC16,-0.10620152,-1.1201937,0.9154224655440729,1.0
LINC01054,-0.10639169,-0.8693526,0.9152715853642306,1.0
HIST3H2BB,-0.106402874,-0.5732353,0.9152627101545474,1.0
HBQ1,-0.10640661,-0.41546485,0.9152597517536671,1.0
NYNRIN,-0.10642152,-0.89560705,0.9152479181618848,1.0
ZNF432,-0.1064439,-0.20353755,0.9152301678094316,1.0
SFMBT2,-0.10647373,-0.9788695,0.9152065007385854,1.0
DGKA,-0.10649983,-2.9113023,0.9151857921132582,1.0
AC012435.3,-0.106540844,-1.1404098,0.9151532501040582,1.0
RPS6KA2,-0.1065744,-0.12754959,0.9151266249295766,1.0
DPP10-AS3,-0.10660051,-1.1913731,0.9151059165263702,1.0
AC022400.2,-0.10661915,-0.2640127,0.9150911248450714,1.0
AC010275.1,-0.106634066,-0.4140656,0.9150792915212026,1.0
ITPRIP,-0.1066639,-0.56364614,0.9150556249299299,1.0
BOLA2,-0.1066639,-0.20379429,0.9150556249299299,1.0
PERP,-0.106809326,-0.16998217,0.9149402513762371,1.0
LINC01135,-0.1068578,-1.0216349,0.9149017939231223,1.0
AL133444.1,-0.106898814,-0.60685736,0.9148692531568459,1.0
CNTNAP4,-0.10702187,-1.210847,0.9147716317143226,1.0
PINCR,-0.1071039,-0.33014387,0.91470655146677,1.0
SLC66A1,-0.10711509,-0.28443462,0.914697676931852,1.0
AC116424.1,-0.107118815,-1.2226387,0.914694718755909,1.0
IGHMBP2,-0.10712627,-0.32775953,0.9146888024075679,1.0
AC114763.2,-0.10723441,-0.9141711,0.914603015887945,1.0
AC022382.2,-0.10744695,-1.9493355,0.9144344039046338,1.0
ERVMER34-1,-0.10755509,0.08189187,0.9143486203379187,1.0
ASAH1,-0.1076856,-0.13814972,0.9142450897758503,1.0
AC020661.2,-0.10770052,-0.44138283,0.9142332578042268,1.0
PACRG,-0.107704245,-0.36213014,0.9142302998142906,1.0
HYI,-0.10773408,-0.13283141,0.9142066359375717,1.0
PRR14L,-0.10774527,-0.071114,0.9141977620034079,1.0
DDR2,-0.107752725,-0.2775172,0.9141918460532406,1.0
SPATA2L,-0.1078012,-0.29207477,0.9141533924930465,1.0
GAL3ST4,-0.10786086,0.022467537,0.9141060653102095,1.0
AC084125.4,-0.10791306,0.3038242,0.9140646542750533,1.0
ZNF287,-0.10795408,-0.4279374,0.914032117196798,1.0
B4GAT1,-0.10798764,-0.27527952,0.9140054960581125,1.0
RNF135,-0.10801002,-0.34622622,0.9139877486859181,1.0
TANC2,-0.108036116,-0.0040102084,0.9139670434725626,1.0
AL021918.5,-0.10834561,-0.45514652,0.9137215432543411,1.0
CDHR5,-0.10838663,-0.21263148,0.9136890076981318,1.0
AC007695.1,-0.10845002,0.07771099,0.9136387257594254,1.0
AC010809.2,-0.10864392,-0.40930152,0.9134849243288562,1.0
LRRC7,-0.10879307,-0.05330348,0.9133666177405202,1.0
AC008760.1,-0.10881545,-0.79315263,0.9133488719177838,1.0
AC093642.7,-0.10883036,-0.8717903,0.9133370413932939,1.0
MTRNR2L10,-0.10885274,-21.116707,0.9133192956425671,1.0
AF130359.1,-0.10885274,-21.030954,0.9133192956425671,1.0
AC090625.2,-0.10885274,-21.131475,0.9133192956425671,1.0
ZNF32-AS2,-0.10885274,-21.149916,0.9133192956425671,1.0
AC073842.2,-0.10885274,-1.731067,0.9133192956425671,1.0
LINC01018,-0.10885274,-21.149645,0.9133192956425671,1.0
RHOJ,-0.10885274,-21.08545,0.9133192956425671,1.0
INE2,-0.10885274,-21.16118,0.9133192956425671,1.0
ID4,-0.10885274,-21.330286,0.9133192956425671,1.0
AC132938.3,-0.10885274,-21.20985,0.9133192956425671,1.0
AC005821.1,-0.10885274,-21.17302,0.9133192956425671,1.0
AC127526.1,-0.10885274,-21.116745,0.9133192956425671,1.0
LINC02299,-0.10885274,-21.045454,0.9133192956425671,1.0
SLC10A4,-0.10885274,-21.1845,0.9133192956425671,1.0
HES2,-0.10885274,-20.994232,0.9133192956425671,1.0
AC092794.1,-0.10885274,-21.14666,0.9133192956425671,1.0
AC020661.4,-0.108860195,-0.20677756,0.9133133804019282,1.0
AL354707.1,-0.10895714,-0.62844074,0.9132364827107491,1.0
SPINT1,-0.10895714,-1.3833803,0.9132364827107491,1.0
LINC00923,-0.108979516,-1.54478,0.9132187372050377,1.0
HOPX,-0.108986974,-1.4294174,0.9132128220460818,1.0
AQP4-AS1,-0.10899443,-1.6201897,0.9132069068919336,1.0
FP326651.1,-0.10900189,-0.5082203,0.9132009917425936,1.0
AC007608.1,-0.109054096,-2.0549679,0.9131595858318682,1.0
AC146944.4,-0.109061554,-1.9261942,0.9131536707210048,1.0
UPB1,-0.10912121,-0.09220874,0.9131063500073234,1.0
RC3H1-IT1,-0.10915104,-0.37506658,0.9130826897659998,1.0
AC074051.5,-0.10916596,-3.2757542,0.9130708596742265,1.0
CNTN6,-0.10916596,-3.2518592,0.9130708596742265,1.0
PTPRJ-AS1,-0.10917342,-3.5081995,0.9130649446355631,1.0
AC011495.2,-0.10917342,-3.2658222,0.9130649446355631,1.0
MS4A12,-0.10920325,-3.1432936,0.9130412845290719,1.0
NCBP2-AS1,-0.10921071,-0.48469457,0.9130353695144913,1.0
AL358944.1,-0.10931511,-0.55018324,0.9129525598163541,1.0
LINC01931,-0.109382235,-0.022066012,0.9128993255094404,1.0
FAM27E3,-0.109426975,-1.7637556,0.9128638361886094,1.0
NSMCE1-DT,-0.10944935,-0.6439367,0.9128460915933538,1.0
IFITM3,-0.10945681,-0.26930743,0.9128401767379241,1.0
LARGE2,-0.10956122,-2.2256699,0.9127573692690247,1.0
PTCD3,-0.109688,-0.034374572,0.9126568186160398,1.0
IL17RE,-0.109702915,-0.2277154,0.9126449892193511,1.0
PAQR7,-0.109822236,-1.2263033,0.912550354742877,1.0
DPF2,-0.109930374,-0.07343057,0.9124645933197107,1.0
EPHB2,-0.11001614,-0.61714846,0.9123965763641328,1.0
PLEKHB1,-0.11001614,-0.42170963,0.9123965763641328,1.0
PHKB,-0.110086985,-0.026917623,0.912340388928338,1.0
GPR62,-0.11014665,-0.4744046,0.9122930735328223,1.0
CD320,-0.11015411,-0.1736628,0.9122871591302419,1.0
PTCSC2,-0.11019512,-1.1281786,0.9122546300029073,1.0
AC026356.2,-0.1104636,-0.09568404,0.9120417157117603,1.0
AC005865.2,-0.11047851,-0.42364076,0.9120298873250317,1.0
JAZF1-AS1,-0.11050089,-0.32467407,0.9120121447814854,1.0
FIZ1,-0.11076937,-0.25044462,0.9117992376828292,1.0
HERC5,-0.11082157,-0.76772696,0.9117578398151033,1.0
ZNF200,-0.110866316,-0.09289795,0.9117223561190989,1.0
SUSD5,-0.11104903,-0.020121112,0.9115774661880744,1.0
UST,-0.111067675,-0.028317384,0.9115626816664506,1.0
PRRT3-AS1,-0.11117954,-0.024015604,0.9114739751798085,1.0
AC092431.1,-0.111351065,-0.23288764,0.9113379607100945,1.0
VASN,-0.11144802,-0.18046916,0.911261084115219,1.0
SHISA6,-0.111462936,-0.43002278,0.9112492570204842,1.0
NAT1,-0.11146666,-0.81556535,0.9112463002498727,1.0
AL031289.2,-0.11148158,-0.9814432,0.9112344731797167,1.0
C5orf66-AS2,-0.11148158,-0.8653181,0.9112344731797167,1.0
AC023200.1,-0.11150768,-21.229694,0.9112137758542665,1.0
LINC02506,-0.11150768,-21.069021,0.9112137758542665,1.0
SLC22A18,-0.11150768,-20.980665,0.9112137758542665,1.0
AC034111.1,-0.11150768,-21.143717,0.9112137758542665,1.0
AC084864.1,-0.11150768,-21.005112,0.9112137758542665,1.0
AC016168.4,-0.11150768,-21.098545,0.9112137758542665,1.0
AC093307.1,-0.11150768,-21.37695,0.9112137758542665,1.0
PPP1R1B,-0.11150768,-21.16732,0.9112137758542665,1.0
AL359880.1,-0.11150768,-21.188873,0.9112137758542665,1.0
AC104530.1,-0.11150768,-21.430607,0.9112137758542665,1.0
TMPRSS12,-0.11150768,-21.333488,0.9112137758542665,1.0
NAA80,-0.11150768,-21.41065,0.9112137758542665,1.0
RBPMS2,-0.11150768,-21.2494,0.9112137758542665,1.0
AC066613.1,-0.11150768,-20.848007,0.9112137758542665,1.0
MUC5B,-0.11150768,-21.133118,0.9112137758542665,1.0
AL442663.3,-0.11150768,-21.084225,0.9112137758542665,1.0
AL590226.1,-0.11150768,-21.21025,0.9112137758542665,1.0
MCCC1-AS1,-0.11150768,-21.193058,0.9112137758542665,1.0
AC114401.1,-0.11157107,-1.2875297,0.9111635111718572,1.0
PPP1R3A,-0.11157107,-1.2531872,0.9111635111718572,1.0
NFATC1,-0.11158599,-0.1466538,0.9111516842394176,1.0
CSGALNACT1,-0.11163819,-1.4938936,0.9111102901309087,1.0
LINC02071,-0.11164565,-1.4853642,0.9111043767065268,1.0
PCBP2-OT1,-0.11164938,-0.77819693,0.9111014199961821,1.0
NCAM1-AS1,-0.11168294,-1.6843793,0.9110748096584776,1.0
AC018766.1,-0.11168666,-0.8026022,0.9110718529604444,1.0
AC126614.1,-0.11171277,-1.8292837,0.9110511561086911,1.0
METTL18,-0.111746326,-0.9032701,0.9110245459594029,1.0
PLA2G4E-AS1,-0.11177988,-3.1488242,0.9109979359099071,1.0
IL20RA,-0.11177988,-2.5206854,0.9109979359099071,1.0
GASK1B,-0.1117948,-2.3189766,0.9109861092532822,1.0
ZNF572,-0.11183209,-3.044168,0.9109565426980029,1.0
ESRP1,-0.11183209,-3.4690487,0.9109565426980029,1.0
AC073270.2,-0.11183955,-3.1074803,0.910950629401741,1.0
AC011495.3,-0.11186192,-3.257221,0.9109328895425491,1.0
SLCO1C1,-0.11188056,-1.3670344,0.9109181063604703,1.0
AC004839.2,-0.11189921,-0.37410033,0.9109033232092283,1.0
ANKRD40CL,-0.11191413,-0.27913675,0.9108914967104403,1.0
PHF11,-0.111936495,0.012674834,0.9108737569992743,1.0
HSPA14,-0.11215277,-0.42777163,0.9107022754164207,1.0
ACPP,-0.11224599,-2.2811925,0.9106283622233862,1.0
AL662797.1,-0.112313114,-2.3150194,0.910575145203256,1.0
CDK16,-0.11243617,-0.28471076,0.9104775817084466,1.0
ANKEF1,-0.11251074,-1.45816,0.910418452974503,1.0
PRICKLE2-AS2,-0.11251447,-0.30279374,0.9104154965508265,1.0
TCEAL1,-0.11254803,-1.5445013,0.91038888879356,1.0
SIX3,-0.112551756,-0.9996073,0.9103859323822889,1.0
CXCR6,-0.112753116,-0.17130184,0.9102262880172717,1.0
UCP1,-0.11282024,-0.21485654,0.9101730740340583,1.0
AC009163.7,-0.11283888,-0.46120888,0.9101582924435571,1.0
TIMM22,-0.112853795,-0.22564098,0.910146467193546,1.0
UQCRFS1,-0.1128799,-0.14775422,0.9101257730539245,1.0
CNNM3,-0.11288735,-0.2402078,0.9101198604538026,1.0
CD81-AS1,-0.11289481,-0.56471384,0.9101139478586583,1.0
PRELID1,-0.113640584,0.052405305,0.9095227135373822,1.0
RHNO1,-0.11385686,-0.07833406,0.909351264941965,1.0
AL513365.2,-0.11390533,-0.22896768,0.9093128373873999,1.0
AC090515.4,-0.1140433,-0.43782195,0.9092034678168165,1.0
TSPAN8,-0.11406568,-0.5258953,0.9091857323728754,1.0
AL357033.3,-0.11408059,-0.66071665,0.9091739087687256,1.0
C15orf65,-0.11408059,-0.8319597,0.9091739087687256,1.0
TAFA3,-0.114162624,-21.290213,0.9091088793055911,1.0
ETV5-AS1,-0.114162624,-21.08954,0.9091088793055911,1.0
ZMYND10,-0.114162624,-21.34581,0.9091088793055911,1.0
AC067852.2,-0.114162624,-21.349348,0.9091088793055911,1.0
AL023803.2,-0.114162624,-21.177265,0.9091088793055911,1.0
AC007570.1,-0.114162624,-21.224155,0.9091088793055911,1.0
FARSA-AS1,-0.114162624,-21.26387,0.9091088793055911,1.0
AC023906.3,-0.114162624,-21.11617,0.9091088793055911,1.0
AL590062.1,-0.114162624,-21.494406,0.9091088793055911,1.0
SYT11,-0.114162624,-21.195766,0.9091088793055911,1.0
AL365214.2,-0.114162624,-21.108273,0.9091088793055911,1.0
AP001160.3,-0.114162624,-21.279514,0.9091088793055911,1.0
NTN3,-0.11420364,-0.45856082,0.9090763648023787,1.0
AL021917.1,-0.11425958,-1.4664435,0.9090320270889192,1.0
AC005332.5,-0.11426704,-0.4774844,0.9090261154151974,1.0
AC104564.5,-0.11427822,-1.4807731,0.9090172479140605,1.0
AL358473.1,-0.114281945,-1.4263618,0.9090142920828672,1.0
LINC02211,-0.11431178,-1.0930971,0.9089906454786703,1.0
MTMR11,-0.11432669,-1.5778973,0.9089788222068087,1.0
AL139022.1,-0.114337884,-0.11968791,0.9089699547661433,1.0
EIPR1,-0.11434907,-0.040955614,0.9089610873368198,1.0
AC005304.2,-0.114446014,-2.7849905,0.9088842367579443,1.0
DACT1,-0.11444975,-1.0534778,0.9088812809834732,1.0
SLC25A41,-0.11450568,-3.3781118,0.9088369445178006,1.0
EYA4,-0.1145728,-1.2818063,0.9087837411338298,1.0
AL592435.2,-0.114639916,-0.87938344,0.9087305381589943,1.0
CERCAM,-0.11467348,-0.13204458,0.9087039368250762,1.0
AC092134.3,-0.11477416,-0.1384097,0.9086241334376757,1.0
B3GALT1,-0.11478907,-0.33966854,0.9086123107920242,1.0
AL445242.1,-0.11482636,-1.9782573,0.9085827542664594,1.0
MIR217HG,-0.114878565,-0.24356925,0.9085413753432853,1.0
ATG9B,-0.11492331,-2.3270884,0.908505907892356,1.0
ZFP30,-0.1149345,-0.06325031,0.9084970410581189,1.0
AC136604.3,-0.11494569,-2.5667658,0.908488174235282,1.0
BMX,-0.11502399,-0.23778598,0.9084261067947241,1.0
LINC00994,-0.115098566,0.088578835,0.9083669954663133,1.0
LINC01388,-0.115161955,-0.33564857,0.9083167512360888,1.0
PNP,-0.115180604,-0.19402868,0.9083019735911124,1.0
MORF4L2-AS1,-0.115273826,-0.32431778,0.908228085842347,1.0
NBPF3,-0.11538569,-0.7190289,0.9081394215919543,1.0
ANKRD6,-0.11547891,-0.118172385,0.9080655355908083,1.0
AC104031.1,-0.11550501,-0.20396066,0.9080448476529933,1.0
LINC00824,-0.1155423,-0.64970994,0.908015293564315,1.0
DLC1,-0.11574366,-0.91590005,0.9078557036867538,1.0
AC095033.1,-0.11578095,-0.4524381,0.9078261504136926,1.0
ZNF423,-0.115795866,-1.0106043,0.907814329140191,1.0
MAP3K8,-0.11598977,-0.3704778,0.9076606544435647,1.0
CNGA1,-0.116004676,-0.5033719,0.9076488334561376,1.0
AC007533.1,-0.11617248,-0.14083733,0.9075158487575569,1.0
AL731577.1,-0.11627688,-0.29234895,0.9074331040309714,1.0
TNFRSF10B,-0.11642977,-0.06977936,0.9073119439225377,1.0
AC023154.1,-0.11653417,0.00455316,0.9072292016730162,1.0
SLC25A11,-0.11655282,-0.19979689,0.9072144263772277,1.0
RPF1,-0.116646044,-0.1630185,0.9071405503799964,1.0
ZXDB,-0.116664685,-0.27484435,0.9071257752769278,1.0
RBP7,-0.11672435,-0.6152961,0.9070784951630988,1.0
TMEM45B,-0.11673181,-0.7009269,0.9070725851720175,1.0
AL591895.1,-0.11675791,0.0919746,0.9070519002437519,1.0
CD24,-0.11676164,-0.8480926,0.9070489452591455,1.0
AP000919.4,-0.116776556,-0.8712525,0.9070371253335856,1.0
HIST1H2BJ,-0.11678401,-0.45802385,0.9070312153785258,1.0
RBMS3-AS2,-0.11678401,-0.86481434,0.9070312153785258,1.0
LINC02014,-0.11680638,-1.1037959,0.9070134855442312,1.0
C9,-0.11681757,-21.26376,0.9070046206444585,1.0
LINC01876,-0.11681757,-21.093988,0.9070046206444585,1.0
XKR7,-0.11681757,-21.349054,0.9070046206444585,1.0
AOX1,-0.11681757,-21.305826,0.9070046206444585,1.0
CDKN2D,-0.11681757,-21.414976,0.9070046206444585,1.0
AC145285.3,-0.11681757,-21.140034,0.9070046206444585,1.0
GRXCR2,-0.11681757,-21.28297,0.9070046206444585,1.0
GLIS1,-0.11681757,-21.289593,0.9070046206444585,1.0
LINC01836,-0.11681757,-21.133429,0.9070046206444585,1.0
AC112484.5,-0.11683621,-1.3003069,0.9069898458372481,1.0
AC245407.2,-0.11691825,-1.4002408,0.9069248370679395,1.0
ITGB1BP1,-0.11693317,-0.11022561,0.9069130173586788,1.0
AC009487.1,-0.11697045,-1.6456629,0.9068834681757223,1.0
CDHR2,-0.117059946,-2.120396,0.9068125506625472,1.0
MIR3681HG,-0.11707113,-0.36934957,0.9068036860256259,1.0
ISG20,-0.117086045,-0.28354633,0.90679186652779,1.0
ABCC3,-0.11712706,-0.4847441,0.9067593630151812,1.0
DOCK10,-0.11739554,-0.9836767,0.9065466166094095,1.0
RIN2,-0.11741046,-0.24070129,0.9065347975611093,1.0
CDH3,-0.11746639,-0.6972116,0.9064904763143449,1.0
AL589693.1,-0.11747757,-0.9488405,0.9064816120999315,1.0
DLGAP1-AS3,-0.11749622,-0.6531346,0.9064668384351301,1.0
AC073046.1,-0.11751114,-1.9353782,0.9064550195265905,1.0
C4orf33,-0.11756707,-0.40617853,0.9064106988040839,1.0
LINC01394,-0.11766029,-0.8830968,0.9063368315809646,1.0
DDX47,-0.11768639,-0.5353183,0.9063161489036526,1.0
HYOU1,-0.11779826,-0.19049732,0.9062275095778216,1.0
ZNF362,-0.11798843,-0.29797325,0.9060768254051558,1.0
VPS52,-0.118010804,-0.2764958,0.9060590980776081,1.0
ZNF185,-0.118029445,-0.76278025,0.906044325340405,1.0
AC105206.3,-0.11807047,-1.0750729,0.9060118254329954,1.0
FAM110A,-0.11807419,-0.80389094,0.9060088709037619,1.0
GCDH,-0.11811521,-0.13474819,0.9059763711680584,1.0
RPA4,-0.11813758,-0.4137685,0.9059586441058541,1.0
WDR88,-0.118506745,-0.17773868,0.9056661543506241,1.0
TLNRD1,-0.11867454,-0.14332326,0.9055332086894157,1.0
DNASE2,-0.11888708,-0.24518484,0.905364814652809,1.0
CELSR2,-0.11901387,-0.6758496,0.9052643711126682,1.0
AC100810.1,-0.11918166,-0.18675895,0.9051314334636911,1.0
AC008870.3,-0.11934573,-0.4114951,0.9050014525552308,1.0
SULT6B1,-0.119450144,-0.39208943,0.904918738756599,1.0
AL121906.2,-0.11947251,-21.20279,0.904901014505356,1.0
OR1I1,-0.11947251,-21.189907,0.904901014505356,1.0
AL365295.2,-0.11947251,-21.3741,0.904901014505356,1.0
AL356481.2,-0.11947251,-21.42169,0.904901014505356,1.0
AC021491.2,-0.11947251,-21.24076,0.904901014505356,1.0
SBK1,-0.11947251,-21.227407,0.904901014505356,1.0
MOBP,-0.11947251,-21.32817,0.904901014505356,1.0
ATOH7,-0.11947251,-21.5249,0.904901014505356,1.0
SLC6A3,-0.11947251,-21.375269,0.904901014505356,1.0
AC104072.1,-0.11947251,-21.367939,0.904901014505356,1.0
MIXL1,-0.11947251,-21.386753,0.904901014505356,1.0
AL122125.1,-0.11947251,-21.263498,0.904901014505356,1.0
CLK3,-0.11956201,-0.052070193,0.9048301179742354,1.0
DPYD-AS1,-0.11966641,-1.7602075,0.9047474063133976,1.0
PYCARD-AS1,-0.11968879,-2.009122,0.9047296825204928,1.0
TENT5D,-0.11968879,-0.6976415,0.9047296825204928,1.0
LINC02254,-0.11971862,-2.1993895,0.9047060508704493,1.0
AL136115.1,-0.119733535,-2.4335036,0.9046942350770747,1.0
RUSC1-AS1,-0.11974099,-0.14512162,0.9046883271883003,1.0
FAM182A,-0.11974099,-0.45358795,0.9046883271883003,1.0
AC015631.1,-0.11974472,-0.2836331,0.9046853732458915,1.0
AL591242.1,-0.11974845,-0.6505634,0.9046824193048016,1.0
RIC3,-0.119752176,-0.18231107,0.9046794653650307,1.0
HHIPL1,-0.11976337,-0.4605372,0.9046706035536326,1.0
AC253536.6,-0.119770825,-1.079519,0.904664695685963,1.0
EFNA4,-0.11977828,-3.0425553,0.9046587878235703,1.0
ZNF316,-0.11980066,-0.09063964,0.9046410642680577,1.0
SCYL1,-0.11982302,-0.10915645,0.9046233407600497,1.0
ADAP2,-0.11986777,-0.73742735,0.9045878938865826,1.0
TEX38,-0.119964726,-1.5113102,0.9045110929797266,1.0
GRIN3A,-0.11999455,-0.6086768,0.9044874621111345,1.0
LRMP,-0.12006913,-0.22028863,0.9044283853097697,1.0
AL606760.3,-0.120128796,-1.8907833,0.904381124249539,1.0
MTRNR2L4,-0.12022574,-1.1290373,0.90430432574917,1.0
FNTB,-0.120348796,-0.028106797,0.9042068520186604,1.0
AC025580.3,-0.12035252,-2.8210256,0.9042038982917776,1.0
SEMA4A,-0.120456934,-0.92069644,0.9041211944773861,1.0
AF131215.6,-0.12046439,-0.14834584,0.9041152871018628,1.0
ARAP1-AS2,-0.1205688,-1.4816356,0.9040325844019317,1.0
MAP3K6,-0.12077016,-0.8293435,0.9038730892785528,1.0
MRPS35,-0.120777614,-0.06767792,0.9038671821262072,1.0
AC091047.1,-0.120859645,-1.0809939,0.9038022038016437,1.0
C5,-0.12111321,-0.56531996,0.9036013657825072,1.0
FANCE,-0.12112067,-0.3945223,0.9035954588752495,1.0
FBXO17,-0.12112813,-0.09645447,0.9035895519733274,1.0
DIO1,-0.1212027,-0.6566822,0.9035304832476356,1.0
L3MBTL1,-0.12126982,-0.647024,0.9034773218510027,1.0
AC027601.2,-0.12132949,-0.7628621,0.9034300676394719,1.0
FAM222A,-0.12135932,-0.06489303,0.9034064406619682,1.0
CENPB,-0.12152339,0.021749742,0.9032764938151987,1.0
LINC00498,-0.1217322,-0.08142454,0.9031111106669224,1.0
PDCD11,-0.121739656,-0.02778799,0.9031052042036214,1.0
MRTFB,-0.121758305,-0.027704785,0.9030904380688305,1.0
SPOP,-0.121784404,-0.043190487,0.9030697655364388,1.0
HNRNPA1P48,-0.12188135,-0.2086929,0.902992982420141,1.0
AC012555.2,-0.12188881,-1.0118967,0.902987076064151,1.0
NFIA-AS1,-0.12193356,-0.52736753,0.9029516380409696,1.0
ADCK2,-0.122015595,-0.3940422,0.9028866688340318,1.0
AL133493.1,-0.12202678,-0.18390305,0.902877809447098,1.0
LINC00881,-0.12203424,-0.63157225,0.9028719031958605,1.0
HP,-0.12203797,-0.37676534,0.9028689500722575,1.0
SEPTIN9-DT,-0.12212746,-21.294127,0.9027980755090355,1.0
NMUR1,-0.12212746,-21.08584,0.9027980755090355,1.0
AC005537.1,-0.12212746,-21.289297,0.9027980755090355,1.0
AC023136.1,-0.12212746,-21.091652,0.9027980755090355,1.0
BEND5,-0.12212746,-21.288439,0.9027980755090355,1.0
AC026740.1,-0.12212746,-21.480736,0.9027980755090355,1.0
CLEC3A,-0.12212746,-21.159943,0.9027980755090355,1.0
GLIPR1L1,-0.12212746,-21.488253,0.9027980755090355,1.0
LGI4,-0.12212746,-21.216879,0.9027980755090355,1.0
AC005597.1,-0.12212746,-21.40504,0.9027980755090355,1.0
HTR7,-0.12212746,-21.095854,0.9027980755090355,1.0
ATXN1L,-0.122168474,-0.15411054,0.9027655915930703,1.0
AL133230.1,-0.122179665,-0.5672227,0.90275673237151,1.0
LGALS1,-0.12227289,-0.46221474,0.9026829059961649,1.0
AL035071.1,-0.1222878,0.18665534,0.9026710938541845,1.0
AL591115.1,-0.12231018,-1.9199862,0.9026533756816117,1.0
FUT6,-0.12234,-1.9048762,0.9026297515269374,1.0
HSD11B1-AS1,-0.12235492,-2.0661843,0.9026179394819299,1.0
CBX7,-0.122399665,-2.3012035,0.9025825034762582,1.0
DAGLB,-0.12240712,-0.121368,0.90257659749418,1.0
AL645465.1,-0.122425765,-0.18195935,0.9025618325625724,1.0
SYDE1,-0.122463055,-0.3029415,0.9025323028004669,1.0
TMEM158,-0.122627124,-0.08256825,0.9024023734497232,1.0
CCDC3,-0.12267933,-0.58638936,0.9023610328407032,1.0
AL691403.1,-0.122690514,-0.90473557,0.9023521741732122,1.0
IDS,-0.122701705,0.00077263947,0.9023433155178797,1.0
SDS,-0.12281357,-0.76477027,0.9022547296335052,1.0
MRPL35,-0.12296645,-0.0042689634,0.9021336642266324,1.0
AL357507.1,-0.12304476,-0.85683537,0.9020716559970241,1.0
AL078590.2,-0.123123065,-1.4323934,0.9020096483648707,1.0
P3H4,-0.12330205,-0.025937468,0.9018679188797474,1.0
BRAP,-0.123380356,-0.12484608,0.9018059132132966,1.0
WIPF2,-0.12354069,-0.102110036,0.9016789510991945,1.0
ARHGAP31-AS1,-0.12367866,-0.069018774,0.9015697066418235,1.0
PPFIA2-AS1,-0.12371968,-0.044592444,0.9015372289192845,1.0
ACP4,-0.12372341,-0.0686146,0.9015342764072254,1.0
FCSK,-0.12379798,-0.19974323,0.9014752264521451,1.0
ORAI1,-0.123991884,-0.050335817,0.9013216991211664,1.0
ZNF318,-0.12407019,-0.16867822,0.9012596987450248,1.0
AC093627.5,-0.1240963,-0.8429156,0.9012390320868162,1.0
KBTBD11,-0.12413731,-0.09349437,0.9012065560448881,1.0
PNPO,-0.12420816,-0.028756585,0.9011504614528925,1.0
POP5,-0.12426409,-0.10376532,0.9011061765973551,1.0
AC004540.2,-0.12443562,-0.6042909,0.9009703716269196,1.0
MMRN2,-0.124461725,-0.45955974,0.9009497059071676,1.0
SLIRP,-0.124525115,-0.020847222,0.900899518010162,1.0
DDX28,-0.12458105,-0.18442978,0.9008552349006183,1.0
SLC7A11-AS1,-0.12458105,-0.43776718,0.9008552349006183,1.0
RRAD,-0.124707825,-0.87327707,0.9007548609949311,1.0
WAC-AS1,-0.12474884,-0.028222898,0.9007223874239593,1.0
SLC9A2,-0.12475257,-1.0150628,0.9007194352893824,1.0
AC069234.2,-0.12476749,-0.17642018,0.9007076267648078,1.0
FBXO15,-0.12477495,-0.98753244,0.900701722510761,1.0
LINC01055,-0.124782406,-21.306805,0.9006958182622083,1.0
AC015563.2,-0.124782406,-21.285067,0.9006958182622083,1.0
MOSPD3,-0.124782406,-21.341063,0.9006958182622083,1.0
KIT,-0.124782406,-21.236814,0.9006958182622083,1.0
BIN2,-0.124782406,-21.43909,0.9006958182622083,1.0
AC068389.2,-0.124782406,-20.86043,0.9006958182622083,1.0
FAR1-IT1,-0.124782406,-21.282211,0.9006958182622083,1.0
AL133520.1,-0.124782406,-21.448769,0.9006958182622083,1.0
AL133551.1,-0.124782406,-21.418285,0.9006958182622083,1.0
RPP25,-0.124782406,-21.613556,0.9006958182622083,1.0
AGBL5-IT1,-0.124782406,-21.37489,0.9006958182622083,1.0
AC099343.3,-0.124782406,-21.542494,0.9006958182622083,1.0
LGR6,-0.124834605,-1.3373795,0.9006544886762022,1.0
AC020978.3,-0.12487935,-0.12671351,0.9006190635311356,1.0
BTC,-0.12489427,-0.58242273,0.9006072551934324,1.0
AC092301.1,-0.124927826,-0.27317166,0.9005806865140312,1.0
ZDHHC12,-0.12493156,-0.4356761,0.9005777344454176,1.0
DNAJC4,-0.12493902,-0.37215602,0.900571830312316,1.0
TGM6,-0.12493902,-1.932058,0.900571830312316,1.0
AL161729.4,-0.12493902,-1.7371507,0.900571830312316,1.0
KMT2B,-0.1250024,-0.1907537,0.9005216454030974,1.0
OPRL1,-0.12503597,-0.9888647,0.900495077082725,1.0
AL365226.2,-0.12511054,-3.2928438,0.900436036769973,1.0
AC010536.1,-0.12512545,-3.2208755,0.9004242287735161,1.0
LINC00632,-0.12512545,-3.300579,0.9004242287735161,1.0
FH,-0.12522614,-0.0921329,0.9003445253739734,1.0
NOS3,-0.12524478,-1.3133025,0.9003297655954189,1.0
RNF25,-0.12540512,-0.45286438,0.9002028329231138,1.0
CHERP,-0.12552817,-0.07806845,0.9001054212077246,1.0
LRRC8C,-0.12569225,-0.116805464,0.899975541261373,1.0
AP002807.1,-0.12574817,-0.35994765,0.8999312646189465,1.0
LINGO2,-0.12582275,-0.23471685,0.8998722295801603,1.0
AL050343.2,-0.126177,-0.6669723,0.8995918207163551,1.0
AC234917.3,-0.12621428,-0.635452,0.8995623047223256,1.0
FECH,-0.12645294,-0.45967585,0.8993734056516989,1.0
ZIC1,-0.12653497,0.020442033,0.8993084729121905,1.0
SNRNP25,-0.12656853,-0.43149996,0.8992819097129979,1.0
VPS29,-0.12672141,-0.13170148,0.8991609010115664,1.0
CAND2,-0.12673259,-0.18608765,0.8991520468083506,1.0
PRAG1,-0.127057,-0.08214712,0.8988952803799031,1.0
ID1,-0.12708683,-1.4738616,0.8988716702047691,1.0
SWSAP1,-0.12722108,-0.3819071,0.8987654255246327,1.0
ZC3HAV1L,-0.12728819,-0.24030955,0.8987123038648586,1.0
AC026124.2,-0.12732922,-0.6976884,0.8986798408517347,1.0
NBAT1,-0.12743735,-21.224733,0.8985942573572415,1.0
AL513548.1,-0.12743735,-21.257233,0.8985942573572415,1.0
LINC01684,-0.12743735,-21.319098,0.8985942573572415,1.0
CHST2,-0.12743735,-21.542719,0.8985942573572415,1.0
SLCO2A1,-0.12743735,-21.335106,0.8985942573572415,1.0
ZFX-AS1,-0.12743735,-21.608528,0.8985942573572415,1.0
AC099791.2,-0.12743735,-21.504713,0.8985942573572415,1.0
NUTM2D,-0.12745227,-0.69154286,0.8985824528298454,1.0
AC012170.2,-0.12753803,-1.4711007,0.8985145772328815,1.0
AC127526.2,-0.1275604,-0.6025761,0.8984968706774934,1.0
AC009292.2,-0.12760141,-0.8957317,0.8984644087905339,1.0
MRPS15,-0.1276238,-0.0909261,0.8984467023783456,1.0
AC083799.1,-0.12762752,-1.7653757,0.8984437513145627,1.0
TMEM167A,-0.12764616,-0.08749648,0.8984289960167151,1.0
LINC01033,-0.12766108,-0.953415,0.8984171918037201,1.0
AC027307.3,-0.1279743,-0.56201804,0.8981693085268979,1.0
DUSP1,-0.12798922,-1.6718748,0.8981575048089848,1.0
LARP6,-0.12799668,-1.724707,0.8981516029584782,1.0
EID2,-0.12800413,-0.27178702,0.8981457011136051,1.0
SIDT1,-0.12807125,-1.8369226,0.8980925847633171,1.0
ARHGAP27,-0.12814583,-0.5029606,0.898033567131847,1.0
NDUFS5,-0.12825769,-0.081275284,0.8979450417422685,1.0
DIABLO,-0.12844414,-0.8677305,0.8977975022493322,1.0
SNAI3,-0.12850007,-0.6707046,0.8977532410901874,1.0
Z99572.1,-0.12851126,-0.12160987,0.8977443888965285,1.0
AC091078.1,-0.1285299,-0.62853146,0.8977296352687106,1.0
ANO8,-0.128556,-0.5536236,0.8977089802491628,1.0
STUB1,-0.1286343,-0.09939868,0.8976470156064298,1.0
ANKRD37,-0.12898855,-0.37826335,0.897366707169394,1.0
RTL8B,-0.12909669,-0.50714815,0.8972811418807618,1.0
FAHD2B,-0.12930924,0.12149387,0.8971129653128265,1.0
PLPP7,-0.12934652,-0.40083978,0.8970834611281521,1.0
AP001363.1,-0.12945838,-0.16671245,0.8969949494281058,1.0
ZNF98,-0.12984246,-0.49656042,0.8966910690199739,1.0
GNPAT,-0.12984619,-0.08370665,0.8966881187989544,1.0
AC015871.4,-0.12995805,-0.28050596,0.8965996128327681,1.0
NPR3,-0.12996551,-0.6002302,0.8965937124807588,1.0
SERTAD1,-0.13004382,-0.3370431,0.8965317591300005,1.0
AC020658.4,-0.1300923,-21.150679,0.8964934073718533,1.0
AC008610.1,-0.1300923,-21.446907,0.8964934073718533,1.0
CYP2C18,-0.1300923,-21.307068,0.8964934073718533,1.0
AL079343.1,-0.1300923,-21.358057,0.8964934073718533,1.0
RASGEF1A,-0.1300923,-21.426914,0.8964934073718533,1.0
AC005363.2,-0.13014077,-0.64899486,0.8964550558555607,1.0
AC012306.3,-0.13014449,-1.3826202,0.8964521057489431,1.0
IRF2BPL,-0.13014449,-0.23263177,0.8964521057489431,1.0
PRAM1,-0.13022654,-1.6337451,0.8963872037656342,1.0
PTGER3,-0.13028619,-2.063015,0.8963400027586965,1.0
ADH4,-0.13035332,-0.17183559,0.8962869020644556,1.0
LINC02624,-0.13035332,-2.4487286,0.8962869020644556,1.0
LINC01192,-0.1303906,-1.1184189,0.8962574018794993,1.0
KCTD14,-0.1304279,-3.5533981,0.8962279018379748,1.0
RGS7,-0.13043535,-0.5922945,0.8962220018468853,1.0
AL020997.4,-0.13043535,-3.3761556,0.8962220018468853,1.0
PITPNM1,-0.13043535,-1.1291332,0.8962220018468853,1.0
JAKMIP1,-0.13045771,-3.4830892,0.8962043019080532,1.0
CRYAB,-0.1304801,-0.81677604,0.8961866020208827,1.0
ZNF79,-0.1306479,-0.14339074,0.8960538545146959,1.0
AL583824.1,-0.13065162,-0.22679001,0.8960509046031536,1.0
LIF,-0.13065535,-0.6449764,0.8960479546930485,1.0
MYB,-0.13067399,-0.08547326,0.8960332051640817,1.0
AC107214.1,-0.13070755,-0.07465825,0.8960066561024996,1.0
WASHC2C,-0.13072993,-0.2479338,0.8959889567928083,1.0
ZC2HC1C,-0.13073365,-0.21622074,0.8959860069128925,1.0
PLPPR1,-0.1307784,-1.0490792,0.8959506084660802,1.0
TMEM170B,-0.1308306,-0.14303564,0.8959093105399465,1.0
SLC39A7,-0.13094248,-0.3895231,0.8958208159338773,1.0
MAGI2-AS3,-0.13094248,-0.46946886,0.8958208159338773,1.0
SGTA,-0.13096857,-0.09890722,0.8958001673789381,1.0
SYS1,-0.13097976,-0.27213696,0.8957913180198575,1.0
AL355501.1,-0.13103943,-0.2197747,0.8957441216571056,1.0
DSCAM,-0.13112892,-0.34510696,0.8956733278048692,1.0
AL513323.1,-0.1313601,-0.7657875,0.8954904475331259,1.0
AC027228.2,-0.13147943,-0.8966416,0.8953960598878241,1.0
SAR1A,-0.13152418,-0.1357379,0.8953606649025324,1.0
FAM89B,-0.13166587,-0.60104644,0.8952485821570184,1.0
SAT1,-0.13172181,-0.4609809,0.8952043395434983,1.0
AC023794.1,-0.13172553,-1.3664553,0.8952013900475184,1.0
CWF19L2,-0.13182248,-0.081254095,0.8951247036606713,1.0
USP10,-0.13188215,-0.009662652,0.8950775125250828,1.0
TOR1A,-0.13189706,-0.23476844,0.8950657147991968,1.0
OBSCN-AS1,-0.13202384,-0.67853004,0.8949654350665162,1.0
CASP3,-0.1321469,-0.047467887,0.8948681063428789,1.0
AC124016.1,-0.13233334,-0.40828243,0.8947206415958685,1.0
FBXO41,-0.13238181,-0.0866184,0.8946823013573947,1.0
SH3BGRL3,-0.13245265,-0.27613354,0.8946262660668406,1.0
FAM177A1,-0.13257198,-0.15965965,0.8945318920293774,1.0
APOA1-AS,-0.13259809,-0.2948002,0.8945112479076394,1.0
PTPN7,-0.1326764,-0.8012513,0.8944493159711843,1.0
ADAMTS2,-0.13274723,-21.408953,0.8943932828688103,1.0
LINC00337,-0.13274723,-21.569218,0.8943932828688103,1.0
AC105275.1,-0.13274723,-21.418903,0.8943932828688103,1.0
AL049812.3,-0.13274723,-21.355999,0.8943932828688103,1.0
AC018413.1,-0.13274723,-21.484634,0.8943932828688103,1.0
AL589642.1,-0.13278826,-1.344786,0.8943608428924938,1.0
AC007610.1,-0.13281436,-0.81783694,0.8943401993631928,1.0
LINC02822,-0.13284045,-1.5188357,0.8943195559054569,1.0
AC144652.1,-0.13291503,-1.8050001,0.894260574992102,1.0
AP000640.2,-0.13291503,-1.8591647,0.894260574992102,1.0
FAM215B,-0.13296723,-0.54480356,0.8942192887005956,1.0
AC022506.2,-0.13299707,-2.3249185,0.894195696662684,1.0
AC008696.2,-0.1330008,-0.9805534,0.8941927476645257,1.0
TAS1R1,-0.13301198,-0.7199523,0.8941839006788265,1.0
PRKCG,-0.13303436,-2.554625,0.8941662067469207,1.0
SIVA1,-0.13304928,-0.10020963,0.8941544108215741,1.0
LINC02301,-0.1330642,-2.814722,0.8941426149196362,1.0
LINC02770,-0.13307165,-3.7002707,0.8941367169774465,1.0
CYP4A22-AS1,-0.13310148,-3.6023889,0.8941131252672223,1.0
MED12L,-0.13310894,-0.76227164,0.8941072273543016,1.0
AC008747.1,-0.13312386,-0.3482924,0.8940954315460248,1.0
FYB1,-0.13316487,-1.4704398,0.8940629931940398,1.0
ACTB,-0.13319843,-0.030194389,0.8940364528560184,1.0
TENM2,-0.13323572,-0.16064675,0.8940069637306944,1.0
NSDHL,-0.13335878,-0.23314449,0.8939096506568082,1.0
AC093249.6,-0.13335878,-1.8155876,0.8939096506568082,1.0
AC090578.1,-0.1333737,-0.2618678,0.8938978552411851,1.0
AC093240.1,-0.13338114,-1.8778833,0.8938919575421728,1.0
AC016168.2,-0.13341098,-2.0122313,0.893868366804792,1.0
GABRQ,-0.13342217,-1.0276928,0.893859520302478,1.0
AC004846.2,-0.13344081,0.102415256,0.8938447761612965,1.0
PVR,-0.13345945,-0.14107288,0.8938300320567972,1.0
AC016588.2,-0.13373539,-0.26882112,0.893611823602363,1.0
CHCHD10,-0.13388453,0.018008946,0.8934938764380644,1.0
SLC27A5,-0.13392928,-0.10869003,0.8934584927479442,1.0
ERVV-1,-0.13402623,-2.0436277,0.893381828813552,1.0
AC023469.1,-0.13411573,-0.5453378,0.8933110629890275,1.0
TXN2,-0.13420895,-0.26677895,0.8932373494916624,1.0
RNF187,-0.13423133,-0.32466936,0.8932196583894997,1.0
TTC30B,-0.1342425,-0.9345494,0.8932108128583411,1.0
C11orf68,-0.13444759,-0.021012148,0.893048647142336,1.0
LINC00159,-0.13455573,-0.2633435,0.8929631433829511,1.0
EPHA5,-0.1346415,-0.5068767,0.8928953309411269,1.0
QPCTL,-0.13474591,-0.0736791,0.8928127777210662,1.0
AC025272.1,-0.13535744,-0.21231312,0.892329275069292,1.0
ARNTL2,-0.1353798,-1.2266036,0.8923115867056703,1.0
MIR210HG,-0.13540219,-21.468443,0.8922938983956242,1.0
AC009567.1,-0.13540219,-21.590054,0.8922938983956242,1.0
LINC02166,-0.13540219,-1.2803965,0.8922938983956242,1.0
EML2-AS1,-0.13540219,-21.444836,0.8922938983956242,1.0
NPPA,-0.13540219,-21.621326,0.8922938983956242,1.0
VWA3A,-0.13540219,-21.575518,0.8922938983956242,1.0
AC012676.4,-0.13544694,-1.4345772,0.8922585219362941,1.0
HDAC4-AS1,-0.13549167,-1.5147401,0.8922231456913707,1.0
DNAJB7,-0.13550659,-0.20010453,0.8922113536573877,1.0
MAP6D1,-0.13553642,-0.95297927,0.8921877696609241,1.0
AL672310.1,-0.13556625,-2.0008824,0.8921641857598142,1.0
CCDC51,-0.13562964,-0.13345273,0.8921140702866542,1.0
TNFRSF8,-0.13563338,-2.0231893,0.892111122331061,1.0
PLEC,-0.13570422,-0.2122953,0.8920551114581172,1.0
AC135166.1,-0.1357527,-3.013562,0.8920167885395207,1.0
HIST1H2AM,-0.13584964,-1.5743679,0.8919401434589801,1.0
QRFP,-0.13590558,-1.4840145,0.8918959256024227,1.0
PCDHB14,-0.1359093,-0.8740094,0.8918929777572684,1.0
AC089985.1,-0.13595778,-0.4307198,0.8918546559062253,1.0
SLC39A4,-0.13597643,-1.0796866,0.8918399167999925,1.0
AIPL1,-0.13598388,-0.94996244,0.8918340211679617,1.0
AC022150.1,-0.13599133,-1.7705314,0.8918281255419098,1.0
CATIP-AS2,-0.136051,-0.9951387,0.8917809607487746,1.0
SAC3D1,-0.13605846,-0.24687864,0.8917750651765475,1.0
AC026401.3,-0.1360883,-1.9709147,0.8917514829474638,1.0
TPCN2,-0.13610694,-0.33939412,0.8917367441029005,1.0
ARFIP2,-0.13622627,-0.29023683,0.8916424163835769,1.0
PLET1,-0.13625236,-0.44573975,0.8916217823993168,1.0
ATRIP,-0.136271,-0.2251498,0.891607043884059,1.0
AC091132.4,-0.13637169,-0.46305317,0.8915274565488565,1.0
C17orf49,-0.13643135,-0.93977976,0.8914802941991272,1.0
IQCN,-0.13664016,-0.6827897,0.8913152289992654,1.0
CKMT1A,-0.13665508,-0.677162,0.8913034388079804,1.0
TERT,-0.13669983,-0.47057316,0.8912680683783247,1.0
PLA2G4E,-0.13670728,-0.9099882,0.8912621733277479,1.0
FAM174C,-0.13686389,-0.35224864,0.8911383786544724,1.0
CMTM8,-0.13697949,-0.09332976,0.8910470080974885,1.0
LINC02074,-0.13742322,-0.34248242,0.890696276503012,1.0
SYNJ2,-0.13752763,-0.055158503,0.8906137545275539,1.0
GM2A,-0.1379639,-0.9451355,0.89026894338908,1.0
AP000844.1,-0.13797882,-0.93046504,0.8902571553406154,1.0
AL117329.1,-0.13797882,-1.140076,0.8902571553406154,1.0
AL807752.5,-0.1380534,-1.2906884,0.8901982154622428,1.0
AL035587.2,-0.13805713,-21.514053,0.8901952684842505,1.0
AKAP14,-0.13805713,-21.365356,0.8901952684842505,1.0
Z95115.1,-0.13805713,-21.513807,0.8901952684842505,1.0
NLRP5,-0.13805713,-21.603354,0.8901952684842505,1.0
AC092944.3,-0.13805713,-21.449123,0.8901952684842505,1.0
SPPL2A,-0.1381056,-0.106565945,0.8901569579084204,1.0
AL133215.2,-0.13815407,-0.9061394,0.8901186475890668,1.0
PLA2R1,-0.13819137,-0.76926535,0.8900891782872217,1.0
PLIN5,-0.1381951,-1.699932,0.8900862313653884,1.0
MORN2,-0.13820255,-0.5249884,0.8900803375262778,1.0
RALB,-0.13822865,-0.5962709,0.8900597091372302,1.0
MOCOS,-0.1382473,-1.9956845,0.8900449746191922,1.0
DACH2,-0.13826594,-0.60134864,0.8900302401391326,1.0
IFIH1,-0.13828832,-0.5648924,0.8900125588131997,1.0
PTPN4,-0.13832188,-0.0050809877,0.8899860369268748,1.0
AC092896.2,-0.13841137,-3.0556874,0.8899153124986523,1.0
AC010998.1,-0.13841882,-3.5191004,0.8899094188358363,1.0
AL139193.1,-0.13843374,-3.1802886,0.8898976315284566,1.0
DMRTA1,-0.13845612,-3.3128865,0.8898799506130223,1.0
GXYLT1,-0.1384673,-0.10543078,0.8898711101758433,1.0
MED14,-0.13855307,-0.10742496,0.8898033339458163,1.0
FBXO46,-0.13857543,-0.11829588,0.8897856533225891,1.0
AC007216.3,-0.13862391,0.004954759,0.8897473454936589,1.0
CSTB,-0.13868357,-0.31141827,0.8897001977499052,1.0
CYB5R3,-0.13873205,-0.20012696,0.8896618904953417,1.0
MRPL10,-0.13874696,-0.20118597,0.8896501036996081,1.0
LINC02006,-0.13881035,-0.4899481,0.8896000100898984,1.0
TSHZ2,-0.13908629,-0.54296595,0.8893819606914585,1.0
CYP27B1,-0.13910866,-0.5308121,0.8893642813770486,1.0
RNF112,-0.13916087,-0.73218703,0.8893230298574197,1.0
POU5F1,-0.13931748,-0.6255747,0.8891992770970593,1.0
DCTN6,-0.13932493,-0.16753906,0.8891933841757966,1.0
ARF4,-0.13956359,-0.14199308,0.8890048139300941,1.0
AC015912.3,-0.13999987,-0.6744993,0.8886601001927705,1.0
SLC7A6,-0.14009309,-0.096753135,0.8885864461390941,1.0
FAM155B,-0.14022732,-0.37656423,0.8884803859918126,1.0
Z98885.3,-0.14031309,-0.33846712,0.8884126263872525,1.0
ZNF624,-0.14031681,-0.20222037,0.8884096803359822,1.0
ERVFRD-1,-0.14036156,-0.28875613,0.8883743278409825,1.0
CFAP298,-0.1404324,-0.08730232,0.8883183535113551,1.0
FZD8,-0.14054054,-0.07913277,0.8882329200820385,1.0
AC079142.1,-0.14057784,-0.89497125,0.888203460579826,1.0
IFNLR1,-0.14070834,-0.4356896,0.88810035353844,1.0
AC104232.3,-0.14071207,-21.607664,0.8880974076507854,1.0
L1TD1,-0.14071207,-21.475143,0.8880974076507854,1.0
AC141586.3,-0.14071207,-21.496958,0.8880974076507854,1.0
AC006355.2,-0.14071207,-21.518837,0.8880974076507854,1.0
AL121972.1,-0.14071207,-21.58496,0.8880974076507854,1.0
AC021236.1,-0.14072698,-0.78747725,0.8880856241156241,1.0
CPLX1,-0.14077173,-0.22893173,0.8880502736585527,1.0
SBF1,-0.1407792,-0.12456662,0.8880443819373542,1.0
DDN,-0.14080903,-0.6450509,0.8880208151144202,1.0
AC110614.1,-0.14085376,-1.7648108,0.8879854650656339,1.0
GPANK1,-0.14089851,-0.22900803,0.887950115239647,1.0
SVOPL,-0.14095818,-2.171452,0.8879029824850276,1.0
THORLNC,-0.14098056,-2.455012,0.8878853078042271,1.0
TLCD2,-0.14104767,-3.5446687,0.8878322840963541,1.0
AC121320.1,-0.14112225,-1.436311,0.8877733694541301,1.0
RBM22,-0.1412192,-0.26406583,0.8876967813462514,1.0
SNX31,-0.14128631,-1.7872311,0.8876437594242413,1.0
AC090907.2,-0.14130123,-0.7327103,0.8876319768431801,1.0
L3MBTL4,-0.14139818,-1.0724646,0.8875553906716898,1.0
AC124862.1,-0.14143547,-0.65174675,0.8875259347314013,1.0
ACADS,-0.14143547,-0.5945442,0.8875259347314013,1.0
SYVN1,-0.14147276,-0.19374357,0.8874964789464608,1.0
RIPOR1,-0.14153242,-0.054762837,0.88744935001378,1.0
SAMD10,-0.14153242,-2.4437227,0.88744935001378,1.0
AL023653.1,-0.1415697,-1.2375152,0.8874198946329321,1.0
AKT3-IT1,-0.141607,-2.630608,0.8873904394075767,1.0
ZBTB21,-0.14164428,-0.061266962,0.8873609843377539,1.0
AC012510.1,-0.14171886,-0.86832696,0.8873020746648664,1.0
DGKI,-0.14178598,-0.7567378,0.8872490564915919,1.0
ELP1,-0.14182328,-0.12214291,0.8872196021688842,1.0
AKR1D1,-0.1418382,-1.0651184,0.8872078204834131,1.0
LLPH-DT,-0.14197989,-0.8001739,0.8870958957149369,1.0
PMM1,-0.14201717,-0.5521918,0.8870664422026472,1.0
AC091729.1,-0.14244972,-0.2409385,0.8867247928690304,1.0
AL031602.2,-0.14250192,-0.16858113,0.886683560751124,1.0
ROBO2,-0.14250192,-0.14458095,0.886683560751124,1.0
TTI2,-0.14252056,-0.09026078,0.8866688350690586,1.0
OSCP1,-0.1427182,-1.2551888,0.8865127452457979,1.0
OPTN,-0.14274056,-1.1718645,0.8864950749770663,1.0
PARP10,-0.14281514,0.12099017,0.8864361744888989,1.0
USE1,-0.14283006,-0.540164,0.8864243944665348,1.0
MAN2B1,-0.14289345,-0.111946896,0.8863743296514933,1.0
ADSL,-0.14290464,-0.12792537,0.8863654947312025,1.0
AC023481.1,-0.14301278,-0.450384,0.8862800912300357,1.0
PAX6,-0.14304633,-0.13607107,0.8862535869636924,1.0
SEMA5B,-0.14309853,-0.2035702,0.8862123583578478,1.0
U2AF1L4,-0.1431582,-0.5538476,0.8861652403283046,1.0
HSD17B6,-0.14318058,-0.29029432,0.8861475711709701,1.0
ZMAT5,-0.1432365,-0.089917354,0.8861033985252833,1.0
PTAFR,-0.14329617,-0.50712115,0.886056281426623,1.0
AC087749.2,-0.14329989,-0.3281693,0.8860533366213297,1.0
AL133477.2,-0.14331108,-1.295391,0.8860445022148915,1.0
UAP1L1,-0.143326,-0.47774577,0.8860327230283386,1.0
AC108749.1,-0.14336702,-21.592564,0.8860003303951659,1.0
AC079362.1,-0.14336702,-21.537998,0.8860003303951659,1.0
ADGRL4,-0.14336702,-21.585482,0.8860003303951659,1.0
AC105411.1,-0.14336702,-21.305603,0.8860003303951659,1.0
ICA1,-0.14336702,-21.700806,0.8860003303951659,1.0
AC006435.2,-0.14336702,-21.695522,0.8860003303951659,1.0
AC003992.1,-0.14336702,-21.450092,0.8860003303951659,1.0
LINC00366,-0.14336702,-21.629395,0.8860003303951659,1.0
AC025262.4,-0.14336702,-21.39041,0.8860003303951659,1.0
KCNK10,-0.14350872,-0.40655753,0.8858884300374527,1.0
TTLL1,-0.143546,0.002331738,0.8858589829529954,1.0
FAM166A,-0.14363922,-2.5826755,0.8857853659315217,1.0
EFS,-0.14367278,-0.35103923,0.8857588640450684,1.0
AC112493.1,-0.14375108,-3.563382,0.8856970268069897,1.0
AC242988.1,-0.14376228,-1.4419283,0.885688192972649,1.0
GEM,-0.14379211,-0.35205096,0.8856646361505315,1.0
CARMIL3,-0.1438033,-0.7670103,0.885655802368287,1.0
AC015923.1,-0.14404567,-0.024507144,0.8854644072443101,1.0
AL355075.4,-0.144165,-0.89793,0.8853701844064026,1.0
LINC01266,-0.14424703,-0.8822295,0.8853054071454703,1.0
AL096701.3,-0.1446311,-0.47942603,0.8850021419896649,1.0
GMPPB,-0.14467211,-0.36445817,0.884969755443567,1.0
ALG11,-0.14469449,-0.104952864,0.8849520901357859,1.0
AKT1S1,-0.14475416,-0.36403963,0.8849049829279755,1.0
AC010745.2,-0.14478025,-1.9769715,0.8848843736524774,1.0
UBQLN4,-0.14487721,-0.22299692,0.8848078255968989,1.0
AC097717.1,-0.14492568,-0.53358483,0.884769551972257,1.0
BPGM,-0.14494433,-0.31097752,0.8847548314189858,1.0
AC009542.1,-0.1450823,-0.68374777,0.8846459005614892,1.0
HILPDA,-0.14510839,0.032564566,0.8846252922660962,1.0
AL078587.2,-0.14511213,-0.48130423,0.8846223482302689,1.0
ARPC5,-0.14516805,-0.24923627,0.8845781878840434,1.0
CMTM3,-0.14535077,-0.31930757,0.8844339332525557,1.0
AL157871.4,-0.14548501,-0.13906425,0.8843279526989771,1.0
ANKK1,-0.14564535,-0.7741764,0.884201367528251,1.0
NFYB,-0.14566772,-0.08733999,0.884183704716117,1.0
RAPGEFL1,-0.1457945,-0.004280852,0.8840836165349275,1.0
TBXAS1,-0.14597349,-0.11097435,0.8839423187231161,1.0
NIM1K,-0.14599213,-0.5392664,0.8839276004132783,1.0
CCDC33,-0.14602196,-21.632818,0.8839040512008687,1.0
AC007342.5,-0.14602196,-21.760397,0.8839040512008687,1.0
AC087501.4,-0.14602196,-21.604511,0.8839040512008687,1.0
SLC10A6,-0.14602196,-21.282753,0.8839040512008687,1.0
AC015540.1,-0.14602196,-21.62429,0.8839040512008687,1.0
ITPRIPL2,-0.14602196,-21.538961,0.8839040512008687,1.0
LTBR,-0.14602196,-21.607656,0.8839040512008687,1.0
TDP2,-0.14608535,-0.19585404,0.8838540094651187,1.0
TTLL7-IT1,-0.14609282,-0.7136874,0.8838481222325516,1.0
CD274,-0.146104,-1.5669359,0.8838392913957278,1.0
LINC01234,-0.14624569,-0.5360035,0.8837274353789236,1.0
CLEC20A,-0.1462979,-1.1228186,0.8836862258516466,1.0
TAF1L,-0.14632773,-2.7393937,0.8836626776916455,1.0
FLT3,-0.14635757,-3.113156,0.8836391296344338,1.0
HES7,-0.14638738,-0.89369076,0.883615581680032,1.0
PCMTD1,-0.14639112,-0.060117554,0.8836126381929615,1.0
CHCHD4,-0.14646196,-0.12825677,0.883556712243955,1.0
NSG1,-0.14660366,-1.9610538,0.8834448620871668,1.0
THYN1,-0.14667824,-0.77130425,0.883385994516702,1.0
SAV1,-0.14672671,-0.19610684,0.8833477309411923,1.0
AL513523.4,-0.1467901,-0.20079374,0.8832976943684913,1.0
AC009090.6,-0.14686468,-0.13093568,0.8832388284084753,1.0
FBN1,-0.14687215,-0.32711527,0.8832329418479292,1.0
RHOG,-0.1469318,-0.36084908,0.8831858495957048,1.0
TMEM265,-0.1469318,-0.095148,0.8831858495957048,1.0
AC132192.2,-0.1469318,-3.200018,0.8831858495957048,1.0
AL137024.1,-0.14705113,-1.0005339,0.8830916663298747,1.0
AC009275.1,-0.14716671,-0.13409601,0.8830004278670155,1.0
DNM1L,-0.14729351,-0.029311832,0.8829003616602151,1.0
LY75,-0.14736435,-1.2009728,0.8828444431231403,1.0
ATAD2B,-0.14737926,-0.008860171,0.8828326708739282,1.0
ANKIB1,-0.14748368,-0.019093249,0.8827502658541719,1.0
AC009403.1,-0.14780809,-0.026108569,0.8824942297861096,1.0
NPLOC4,-0.1479386,-0.034904514,0.882391230231666,1.0
UBE2B,-0.14797588,-0.067690596,0.8823618021527246,1.0
NCOA4,-0.14817351,-0.16494434,0.8822058360461934,1.0
TMEM63C,-0.14835623,-0.47504738,0.8820616450295633,1.0
AL353771.1,-0.14843453,-0.122606926,0.8819998500757827,1.0
ZSWIM3,-0.14847182,-0.097943574,0.8819704241597419,1.0
KLHL11,-0.14850911,-0.5882644,0.8819409984066113,1.0
LY96,-0.14856876,-0.95215714,0.8818939175405553,1.0
PHF12,-0.1486359,-0.07758562,0.8818409520650743,1.0
LINC00623,-0.14866945,-0.4277073,0.8818144695254689,1.0
TMEM156,-0.1486769,-21.544577,0.8818085845346102,1.0
SMYD3-IT1,-0.1486769,-21.504208,0.8818085845346102,1.0
NPC2,-0.1486769,-21.761158,0.8818085845346102,1.0
ARHGAP5-AS1,-0.1486769,-21.757532,0.8818085845346102,1.0
AC092839.2,-0.1486769,-21.532867,0.8818085845346102,1.0
AC006557.3,-0.1486769,-21.491198,0.8818085845346102,1.0
CPTP,-0.1486769,-21.658041,0.8818085845346102,1.0
AGTR1,-0.14868064,-1.5051055,0.8818056420416277,1.0
RCE1,-0.14869556,-0.24409623,0.8817938720860118,1.0
MSR1,-0.14869556,-1.3578576,0.8817938720860118,1.0
ACMSD,-0.14871046,-0.0073625864,0.8817821021564999,1.0
RAB35,-0.1487142,-0.19790708,0.881779159678201,1.0
AC100805.1,-0.14872912,-0.8723943,0.8817673897813226,1.0
AC092718.1,-0.14878131,-0.6589742,0.8817261953478803,1.0
GLIPR1L2,-0.14889318,-1.0455115,0.8816379226394724,1.0
RCAN3,-0.14891556,-1.1535805,0.8816202682741875,1.0
AC007785.3,-0.14897895,-2.7078016,0.881570247891996,1.0
GEMIN4,-0.1489864,-0.21317706,0.8815643631722025,1.0
AC010457.1,-0.14904979,-0.7124404,0.8815143433179814,1.0
WT1,-0.14906843,-3.8258948,0.8814996316860846,1.0
AC239799.2,-0.14909081,-0.28837913,0.8814819777817804,1.0
LINC01374,-0.14909826,-0.8716149,0.8814760931600978,1.0
AC004943.1,-0.1491542,-1.4517881,0.8814319587060684,1.0
CASKIN1,-0.14915793,-0.21697162,0.8814290164222229,1.0
ZNF408,-0.14927353,-1.3277501,0.8813378064348997,1.0
AL157395.1,-0.14938912,-0.17815447,0.8812465980214094,1.0
NCKIPSD,-0.14940403,-0.16098878,0.881234829308563,1.0
AC083949.1,-0.1494264,-0.9767505,0.8812171762884674,1.0
PCNX2,-0.14944878,-0.06429272,0.8811995233273883,1.0
AL133227.1,-0.14945623,-0.27781045,0.8811936390201447,1.0
PXDC1,-0.14986268,-1.0890723,0.8808729542031455,1.0
AC073655.2,-0.15006778,-0.40290946,0.880711148174669,1.0
AL133325.3,-0.15010878,-0.55636656,0.8806787875663393,1.0
AC011933.2,-0.15011251,-0.27714792,0.8806758457027339,1.0
GVQW3,-0.15023556,-0.23450202,0.8805787651277956,1.0
GSKIP,-0.15026912,-0.2212842,0.8805522889187736,1.0
CCDC18,-0.15033253,-0.025068797,0.8805022786660471,1.0
DIP2B,-0.15035489,-0.017135954,0.8804846281023894,1.0
INAVA,-0.15051523,-0.6055096,0.8803581341342321,1.0
KRIT1,-0.1507837,-0.047992814,0.8801463371173918,1.0
FAM189B,-0.15078744,-0.075721934,0.8801433955524907,1.0
MRPS14,-0.15087692,-0.06839533,0.8800727984911354,1.0
ARL4A,-0.15100372,-0.25593257,0.8799727876194079,1.0
SIGLEC10,-0.15117525,-0.67695856,0.8798374818407568,1.0
HIST1H2BO,-0.1511827,-0.8734923,0.8798315990603758,1.0
SPTLC1,-0.15132439,-0.024531977,0.8797198274937132,1.0
AL022328.1,-0.15133186,-21.47352,0.8797139448460469,1.0
AC009118.2,-0.15133186,-21.697704,0.8797139448460469,1.0
SLC5A10,-0.1513393,-0.21338293,0.8797080622050196,1.0
TEX264,-0.15142134,-0.15862449,0.8796433535919909,1.0
HYAL1,-0.15149592,-0.539326,0.8795845282776422,1.0
SLC23A3,-0.15159287,-1.2572672,0.879508056362632,1.0
AC074286.1,-0.1516227,-2.6140015,0.8794845267687057,1.0
MNX1,-0.15163016,-3.1680138,0.8794786443868522,1.0
AC015727.1,-0.15164508,-1.2876415,0.8794668796431011,1.0
CXorf40B,-0.15174948,-1.3388072,0.8793845271820684,1.0
AP000331.1,-0.15182406,-0.70069975,0.8793257047944041,1.0
PGBD2,-0.15190609,-0.8032812,0.8792610009372368,1.0
AL512353.1,-0.15197322,-0.10268025,0.8792080620174503,1.0
PAM16,-0.15218203,-0.06347896,0.8790433666102273,1.0
RNF5,-0.15221559,-0.68389446,0.8790168981934597,1.0
AP003501.1,-0.1523088,-0.9454858,0.8789433755230678,1.0
PIK3C2B,-0.1524505,-0.3712815,0.8788316230635557,1.0
EDDM13,-0.15272644,-0.1005875,0.8786140067826741,1.0
CUEDC1,-0.15276372,-0.03837168,0.878584599880171,1.0
Z96074.1,-0.15287186,-1.4208447,0.8784993208103307,1.0
MIR646HG,-0.15303221,-0.6996835,0.8783728751295148,1.0
AP000593.4,-0.15347967,-1.2888265,0.8780200198828556,1.0
LAMP1,-0.15359527,-0.117392786,0.8779288695465716,1.0
ZNF714,-0.153599,-0.18762077,0.877925929240081,1.0
AC092119.2,-0.153819,-0.4170031,0.8777524541392759,1.0
AP001626.1,-0.15383019,-0.7095924,0.8777436335282052,1.0
AL596330.2,-0.15386374,-0.52393395,0.8777171717860701,1.0
CA5A,-0.15395324,-1.3238863,0.8776466078084638,1.0
LINC01491,-0.1539868,-21.671389,0.8776201465674771,1.0
LINC01605,-0.1539868,-21.361595,0.8776201465674771,1.0
SEC14L5,-0.1539868,-21.659037,0.8776201465674771,1.0
CEP19,-0.1539868,-21.739815,0.8776201465674771,1.0
MIR548A1HG,-0.15399425,-0.6200956,0.8776142663102715,1.0
RGS10,-0.15417697,-0.17602585,0.8774702021190299,1.0
ARL5C,-0.15422171,-2.3950706,0.8774349217110518,1.0
AC107308.1,-0.15422544,-1.0927374,0.8774319816880424,1.0
PWWP2A,-0.15424408,-0.1027877,0.8774172815983573,1.0
RSPO2,-0.15428883,-2.665926,0.8773820015556006,1.0
CU633967.1,-0.15428883,-2.560927,0.8773820015556006,1.0
PGAM1,-0.15432613,-0.042699065,0.8773526017060256,1.0
SFT2D1,-0.15434477,-0.0400594,0.8773379018446794,1.0
DCC,-0.15435596,-0.13692026,0.8773290819481758,1.0
SNHG31,-0.15437087,-0.14438157,0.8773173221098616,1.0
SPR,-0.15445663,-1.5718615,0.8772497035650969,1.0
PER1,-0.15447901,-0.22394362,0.8772320640920153,1.0
JDP2,-0.15457223,-0.07857306,0.8771585669438277,1.0
SMAD5-AS1,-0.15462443,-0.1736226,0.8771174090033934,1.0
SIGIRR,-0.15465054,-2.0131686,0.8770968301577542,1.0
NDFIP1,-0.15468782,-0.067863494,0.8770674319509456,1.0
GP6,-0.15471019,-0.79213655,0.877049793108252,1.0
PLPPR2,-0.15479223,-0.5476249,0.8769851178741261,1.0
GLIS2-AS1,-0.15485935,-2.8476958,0.8769322023843158,1.0
AC008115.1,-0.15488172,-2.7639873,0.876914564009924,1.0
NRXN1,-0.15491901,-1.2235302,0.8768851668550979,1.0
CUZD1,-0.15492646,-3.201614,0.8768792874445096,1.0
MICU3,-0.15497121,-0.04715232,0.876844011123645,1.0
P3H1,-0.15507935,-0.22322603,0.8767587610249242,1.0
BSPRY,-0.15509799,-0.6638294,0.8767440628765055,1.0
SMAD9-IT1,-0.15510172,-0.5289026,0.876741123251922,1.0
AC008703.1,-0.15516512,-1.0638053,0.8766911498941541,1.0
ARV1,-0.15523224,-0.03685154,0.8766382374628666,1.0
AL136295.7,-0.15530308,-0.39096373,0.8765823860501566,1.0
FGF23,-0.15549326,-0.49836266,0.8764324721395993,1.0
NUTF2,-0.15561257,-0.16488172,0.8763384107724537,1.0
KCNQ5-IT1,-0.15588479,-1.1373973,0.8761238398174578,1.0
LBHD1,-0.1559631,-0.5577898,0.8760621156119139,1.0
FAM3A,-0.15611598,0.055970952,0.8759416086216304,1.0
AC137894.3,-0.15624648,-0.35847506,0.8758387390761597,1.0
AC091729.3,-0.15631732,-0.40103796,0.8757828964869603,1.0
STOX2,-0.15644038,-0.15576111,0.8756859081968031,1.0
RNF181,-0.15650004,-0.18386604,0.8756388842432494,1.0
SRSF1,-0.15651496,-0.027891561,0.8756271283234582,1.0
RBBP9,-0.1565597,-0.23536783,0.8755918607287588,1.0
AC112196.1,-0.1566231,0.074582875,0.8755418987258783,1.0
SMIM31,-0.15664174,-21.778156,0.8755272041135422,1.0
CPNE9,-0.15664174,-21.784863,0.8755272041135422,1.0
KCNA7,-0.15664174,-21.715818,0.8755272041135422,1.0
LINC01440,-0.15667903,-1.5657254,0.8754978150176206,1.0
SDC3,-0.1567014,-0.72022647,0.8754801816424812,1.0
EPHX4,-0.15676107,-1.7191018,0.8754331596110344,1.0
LINC00115,-0.15685056,-2.1114564,0.8753626273884982,1.0
TXNDC12-AS1,-0.15696242,-0.70894414,0.875274463502651,1.0
NMB,-0.1569997,-3.052547,0.8752450758846554,1.0
TSGA10,-0.1570109,-0.41164467,0.8752362596328033,1.0
NRGN,-0.15701462,-3.3593287,0.875233320885627,1.0
MS4A5,-0.15702209,-3.6520877,0.8752274433964362,1.0
PLEKHG4,-0.15702209,-0.42362532,0.8752274433964362,1.0
BABAM1,-0.15703326,-0.1470476,0.8752186271755551,1.0
C1orf115,-0.15708175,-1.4890287,0.8751804237307133,1.0
GK3P,-0.15711157,-1.047033,0.8751569140630872,1.0
MIS12,-0.15723836,-0.31052262,0.8750569992051649,1.0
CTSA,-0.1573726,-0.15928602,0.8749512091736502,1.0
AC093655.1,-0.15749937,-0.37997937,0.874851298418133,1.0
AC087284.1,-0.15755159,-1.0071263,0.874810159275043,1.0
AC010325.1,-0.1576187,-3.1138313,0.8747572665882684,1.0
SHISAL1,-0.15773803,-0.75955206,0.8746632365268994,1.0
OSGEPL1-AS1,-0.15782006,-0.64177716,0.8745985918862524,1.0
FRRS1,-0.15785362,-0.2825681,0.8745721465926413,1.0
ACBD3,-0.15785734,-0.13032736,0.8745692082353318,1.0
RANGAP1,-0.15787226,-0.16617855,0.87455745482339,1.0
AC025430.1,-0.15788718,-1.8290206,0.8745457014391242,1.0
MSX2,-0.15811092,-0.48193908,0.8743694039980037,1.0
VAV3,-0.15818176,-0.3925096,0.8743135777746686,1.0
CGREF1,-0.15823023,-0.119478546,0.8742753812454787,1.0
ZNF689,-0.15823023,-0.5903432,0.8742753812454787,1.0
TSPAN6,-0.15833464,-0.20501521,0.8741931127931817,1.0
LIN37,-0.15838684,-1.083952,0.8741519790769788,1.0
FBXL15,-0.15848379,-0.279781,0.8740755887921594,1.0
AC090115.1,-0.15849125,0.053042382,0.8740697126650112,1.0
EI24,-0.15869634,-0.10519154,0.8739081218912952,1.0
HYDIN,-0.15875973,-0.7129665,0.8738581767158354,1.0
GYG2,-0.15909906,-0.1850054,0.8735908316809787,1.0
AC005180.2,-0.15910651,-0.77618414,0.8735849561279029,1.0
OAS3,-0.15915872,-1.1537904,0.8735438274515991,1.0
VRTN,-0.15918855,-1.1784395,0.8735203255042747,1.0
PLPBP,-0.15925194,-0.045455173,0.8734703842367961,1.0
LINC02068,-0.15929669,-21.579788,0.8734351318809294,1.0
LINC02484,-0.15929669,-21.66094,0.8734351318809294,1.0
TCF7L1-IT1,-0.15929669,-21.642925,0.8734351318809294,1.0
AC010542.2,-0.15929669,-21.660625,0.8734351318809294,1.0
AP001107.4,-0.15929669,-21.556993,0.8734351318809294,1.0
TJP3,-0.15930042,-1.3340496,0.8734321941959484,1.0
FTO,-0.15931161,0.00071172434,0.873423381151476,1.0
PGAP3,-0.15932278,-0.21415621,0.8734145681227097,1.0
KBTBD11-OT1,-0.15935262,-1.6624415,0.87339106678946,1.0
METTL5,-0.15937872,-0.1629527,0.873370503214508,1.0
CACNB3,-0.15941228,-1.8023697,0.8733440644581296,1.0
SAFB2,-0.15952042,-0.17869921,0.8732588738721031,1.0
AC010883.3,-0.15960245,-0.57458454,0.8731942475111947,1.0
AC092651.3,-0.15964347,-3.2827694,0.8731619346480182,1.0
FRMD6-AS1,-0.15970314,-0.57598865,0.8731149344974887,1.0
DPAGT1,-0.15970686,-0.6817957,0.873111997002948,1.0
PLD2,-0.15978889,-1.6092696,0.8730473725657084,1.0
AL583808.1,-0.1599455,-0.7830106,0.8729240009927254,1.0
MELTF-AS1,-0.15999772,-2.1120043,0.8728828778216614,1.0
KIAA1324L,-0.16002755,-2.3082082,0.8728593790209764,1.0
GPX8,-0.16005364,-0.29315308,0.8728388176623967,1.0
CYP2U1,-0.16012076,-0.2884525,0.8727859459919463,1.0
AP001029.1,-0.16015433,-0.54705626,0.872759510369789,1.0
CTSH,-0.16049738,-0.39176798,0.8724892877202843,1.0
RUFY1,-0.16053466,-0.13012333,0.8724599165890793,1.0
ZNF483,-0.16070992,-0.16825879,0.8723218746281567,1.0
DPH2,-0.16072856,-0.01906173,0.8723071895418992,1.0
AL034351.4,-0.16085161,-0.22894295,0.8722102690765094,1.0
AL136526.1,-0.16094483,-1.4750173,0.8721368457585735,1.0
HARBI1,-0.16098213,-0.5586448,0.8721074767398119,1.0
CHCHD5,-0.16098586,-0.20292369,0.8721045398476314,1.0
TUBA8,-0.16107908,-0.6740499,0.8720311181161939,1.0
DPYD,-0.16113874,-0.57685673,0.8719841287866235,1.0
PDGFD,-0.1611723,-0.21016577,0.87195769748725,1.0
OAF,-0.16117603,-0.28289938,0.871954760685033,1.0
ZBTB45,-0.16141094,-0.15286244,0.8717697457053001,1.0
OSTM1,-0.16142586,-0.16657339,0.871757998959204,1.0
THSD1,-0.1614706,-0.3290906,0.871722758890624,1.0
AC105389.3,-0.16164586,-0.4734808,0.8715847377408904,1.0
EVPL,-0.1618323,-1.2062563,0.8714379110229655,1.0
AC116158.1,-0.16195163,-21.668072,0.8713439442480744,1.0
AC021097.2,-0.16195163,-21.688812,0.8713439442480744,1.0
AC011676.2,-0.16195163,-21.640928,0.8713439442480744,1.0
AC055822.1,-0.16195163,-21.658417,0.8713439442480744,1.0
AC090630.1,-0.16195163,-21.760805,0.8713439442480744,1.0
DND1,-0.16198891,-1.5568205,0.8713145800032515,1.0
AC021351.1,-0.16199638,-1.7030866,0.87130870717557,1.0
CDC20B,-0.16199638,-0.57188106,0.87130870717557,1.0
SLBP,-0.16203366,-0.25440672,0.871279343143595,1.0
MEI1,-0.1620635,-0.4514567,0.8712558520457534,1.0
AP000813.1,-0.16212316,-0.52263623,0.8712088701907921,1.0
AC010168.2,-0.16219774,-0.03443608,0.8711501435111539,1.0
H2AFX,-0.16221638,-0.4312025,0.8711354619522269,1.0
AL359513.1,-0.1623096,-3.3364258,0.8710620548237353,1.0
SNRPB,-0.16232452,-0.07171516,0.871050309786233,1.0
OR6A2,-0.16233197,-0.91832924,0.8710444372781454,1.0
TLCD4,-0.16266385,-0.33147737,0.870783117870289,1.0
MILR1,-0.16271232,-2.0933201,0.8707449487997639,1.0
AP003068.1,-0.16279435,-2.624745,0.8706803556739927,1.0
AKAP3,-0.1628391,-2.8102975,0.8706451234234934,1.0
RTL6,-0.16295096,-0.99729055,0.8705570439205315,1.0
RRS1,-0.16298452,-0.07494112,0.8705306203826768,1.0
AC025265.1,-0.16300316,-0.59288806,0.870515940701873,1.0
UQCC2,-0.16301063,-0.07862763,0.8705100688420429,1.0
ZNF354A,-0.16327165,-0.28881264,0.8703045582474036,1.0
AC024060.2,-0.16329029,-0.08393732,0.8702898792541847,1.0
ZNF219,-0.16345435,-0.20542146,0.8701607060414073,1.0
LINC02058,-0.16356249,-1.9962989,0.8700755710449436,1.0
ITGA9,-0.16360724,-0.4909301,0.8700403432109436,1.0
TESK1,-0.16362962,-0.45292836,0.87002272939065,1.0
NKD1,-0.16365571,-0.3416743,0.8700021800151401,1.0
SORBS3,-0.1637564,-1.660723,0.8699229189605736,1.0
AC012050.1,-0.16387945,-0.14360921,0.8698260461130083,1.0
AC023090.1,-0.16393165,-0.19140704,0.8697849491314046,1.0
PSEN1,-0.1642486,-0.093839765,0.8695354392969734,1.0
LINC01498,-0.16452827,-1.2706655,0.8693152943465484,1.0
AC005005.4,-0.16456556,-1.3201305,0.869285942451445,1.0
AC130456.2,-0.16460657,-21.717323,0.8692536555748653,1.0
MTMR8,-0.16460657,-21.661472,0.8692536555748653,1.0
AL135878.1,-0.16460657,-21.696949,0.8692536555748653,1.0
AC083864.5,-0.16460657,-21.752728,0.8692536555748653,1.0
HIST1H4B,-0.16460657,-21.800537,0.8692536555748653,1.0
FCAR,-0.16460657,-21.667707,0.8692536555748653,1.0
PPIF,-0.16462521,-0.22980492,0.8692389797939347,1.0
AL022151.1,-0.16464013,-0.63219696,0.8692272392016221,1.0
AL928654.2,-0.16465878,-0.95598143,0.8692125635017753,1.0
BCAS2,-0.16471098,-0.1865684,0.8691714717819048,1.0
LCTL,-0.16473709,-0.18866546,0.8691509260544609,1.0
RNF17,-0.16474454,-2.0091887,0.869145055862846,1.0
SURF2,-0.16483404,-0.18101865,0.8690746141261099,1.0
KRTCAP3,-0.1648676,-0.10679352,0.8690481987426993,1.0
NBPF19,-0.1649198,-0.37290817,0.8690071084367961,1.0
GCHFR,-0.16492353,-2.889208,0.8690041734284815,1.0
AC008115.3,-0.16496454,-1.3538158,0.8689718884561565,1.0
HOMER3,-0.16497573,-3.2723477,0.8689630835016153,1.0
C9orf139,-0.16498318,-3.4378047,0.8689572135409487,1.0
AC253572.2,-0.16499065,-0.81507564,0.8689513435875045,1.0
AC130895.1,-0.16501676,-0.6307962,0.8689307988073305,1.0
MAD2L2,-0.16504285,-0.5827778,0.8689102541156482,1.0
RAMP1,-0.16509132,-1.6371274,0.8688720999230581,1.0
AC007389.1,-0.16509879,-0.14399295,0.868866230074374,1.0
AL353622.1,-0.16510251,-0.9780038,0.8688632951527422,1.0
TSSC4,-0.16513234,-0.67159384,0.868839815844738,1.0
NDUFAF3,-0.1652554,-0.04909782,0.8687429649220033,1.0
C17orf78,-0.16531506,-0.18230246,0.8686960076076997,1.0
UBQLN2,-0.16532624,-0.06474401,0.868687203162823,1.0
AL591506.1,-0.16542692,-0.9582434,0.8686079638918061,1.0
CCDC47,-0.16557235,-0.095726766,0.8684935094970869,1.0
LINC01936,-0.16562082,-0.41802642,0.8684553586444748,1.0
ABCB5,-0.16570659,-1.7634263,0.8683878617325416,1.0
MINAR2,-0.16571032,-0.75920296,0.8683849271059527,1.0
AC092155.1,-0.16572896,-1.7651775,0.8683702540002091,1.0
LCOR,-0.16574387,-0.012690948,0.8683585155482575,1.0
FRMD6-AS2,-0.16613914,-0.38002282,0.8680474571532253,1.0
ZNF419,-0.16615032,-0.104750186,0.8680386539107467,1.0
SPATA12,-0.16618015,-1.5732102,0.868015178677466,1.0
DUT,-0.16618015,-0.069187224,0.868015178677466,1.0
AC010538.1,-0.16618387,-0.6678822,0.8680122442814879,1.0
ZDHHC20,-0.16626965,-0.06565357,0.867944753675945,1.0
ADH5,-0.16642626,-0.09538823,0.867821512445143,1.0
CELF3,-0.1666127,-0.70924157,0.8676748008826205,1.0
AP005436.3,-0.16665745,-0.9308449,0.86763959078556,1.0
MPHOSPH10,-0.1667544,-0.079182215,0.8675633031427854,1.0
PRPS2,-0.16699678,-0.31351188,0.8673725894331616,1.0
GGCT,-0.16703406,-0.12791464,0.8673432495473102,1.0
FOXO3B,-0.16709372,-0.56532973,0.8672963061100671,1.0
OSBP,-0.16724287,-0.039489727,0.8671789495647321,1.0
AC013391.1,-0.16724661,-1.5455828,0.8671760156885957,1.0
EPHA10,-0.16726153,-21.637049,0.8671642802023474,1.0
AL589642.2,-0.16726153,-21.864914,0.8671642802023474,1.0
AC108449.2,-0.16741067,-1.9278353,0.867046926950538,1.0
ZNF845,-0.16747779,-0.25030172,0.8669941189430742,1.0
AC023024.1,-0.16756728,-0.34543097,0.8669237091898919,1.0
CCDC24,-0.1676195,-0.8363685,0.8668826373214349,1.0
GPHN,-0.16763441,0.016984329,0.8668709025678821,1.0
AC011455.6,-0.16764186,-3.6014655,0.8668650352021083,1.0
G6PD,-0.16773881,-0.7493386,0.8667887601146973,1.0
ANKRD33,-0.16775373,-1.0449423,0.866777025595942,1.0
AC113414.1,-0.16786559,-0.20731853,0.8666890176413378,1.0
USHBP1,-0.16791406,-0.11155462,0.8666508813741808,1.0
AC108112.1,-0.16803339,-0.3536273,0.866557008808452,1.0
SYTL3,-0.1680595,-0.4443091,0.8665364744355465,1.0
AC009961.1,-0.16808933,-0.36284217,0.8665130066910973,1.0
TSBP1-AS1,-0.16815645,-1.0252194,0.8664602046963585,1.0
UROS,-0.16817509,-0.115397535,0.8664455375813505,1.0
USP19,-0.16857035,-0.16032693,0.866134605573092,1.0
TOR1B,-0.16893205,-0.21949232,0.8658500916037863,1.0
FOXD1,-0.16896188,-0.6229011,0.865826627309648,1.0
TTC23L,-0.169029,-0.3643412,0.8657738330802784,1.0
C12orf73,-0.16927883,-0.12508701,0.8655773264923083,1.0
LINC02389,-0.16974494,-0.8976387,0.8652107319482136,1.0
C4orf3,-0.16978596,-0.3360909,0.8651784730156656,1.0
SULT2B1,-0.16991647,-21.740786,0.8650758324524268,1.0
HDAC7,-0.16994257,-0.5754931,0.865055304612858,1.0
OR2AG2,-0.1699985,-1.0436532,0.8650113166918516,1.0
KRBA1,-0.17011036,-0.57093173,0.8649233421047433,1.0
PLCL2-AS1,-0.17011036,-1.1615275,0.8649233421047433,1.0
P4HA3,-0.17013647,-0.17142591,0.8649028149419293,1.0
AC004704.1,-0.1701924,-0.6576407,0.8648588284714519,1.0
AC084740.1,-0.17019613,-2.6494224,0.864855896054973,1.0
KCNH6,-0.17020358,-2.6491296,0.8648500312275986,1.0
RASEF,-0.17027444,-1.4307785,0.8647943157388742,1.0
AC092969.1,-0.17027444,-0.3988623,0.8647943157388742,1.0
EGFLAM-AS1,-0.17027816,-0.9943022,0.864791383363347,1.0
PRMT7,-0.1703341,-0.080133796,0.864747397953887,1.0
PCK2,-0.17033783,0.057614163,0.8647444656081548,1.0
BICRA-AS1,-0.17033783,-0.10570499,0.8647444656081548,1.0
ABT1,-0.17044969,-0.34662688,0.8646564961024376,1.0
CARD9,-0.17053172,-0.6420045,0.8645919861975604,1.0
AC135279.4,-0.17071444,-0.9823417,0.8644483082898475,1.0
MED22,-0.17076291,-0.40347958,0.8644101904132873,1.0
AC022726.2,-0.17084868,-2.9547675,0.8643427518662264,1.0
MAP2,-0.1709046,-0.51978683,0.8642987707374343,1.0
AL355336.1,-0.17097919,-0.7972601,0.8642401298863902,1.0
AL031717.1,-0.17103513,-1.2739669,0.8641961497387891,1.0
ASB6,-0.17104258,-0.301933,0.8641902857508947,1.0
NBPF26,-0.17116563,-0.054746952,0.8640935310308018,1.0
LINC02788,-0.17133343,-0.84012496,0.863961596060556,1.0
IRF1,-0.17138563,-0.4886945,0.863920550398786,1.0
TNS1,-0.17140427,-0.31427646,0.8639058913228607,1.0
HECA,-0.17144902,-0.5548295,0.863870709731781,1.0
NHSL2,-0.17168021,-0.07983993,0.863688942479066,1.0
KCNN2,-0.17185546,-0.89173245,0.8635511559814284,1.0
AC008592.2,-0.17189276,-0.4401148,0.8635218402406057,1.0
AP001505.1,-0.17190021,-0.046756152,0.8635159771149882,1.0
ALOX12,-0.17195243,-0.43538526,0.8634749354461428,1.0
AC044840.1,-0.17198598,-0.2791651,0.8634485517107087,1.0
PNRC2,-0.17200835,-0.17820644,0.8634309626383514,1.0
AC099487.2,-0.17208666,-0.2391241,0.8633694014182083,1.0
MKRN2OS,-0.17217615,-0.069601655,0.8632990467538502,1.0
AC006115.2,-0.17222835,-0.69044834,0.8632580070335598,1.0
LINC01034,-0.17235513,-1.0985203,0.8631583406778305,1.0
AP000265.1,-0.17242226,-1.0630844,0.8631055770181424,1.0
DSCR4,-0.17246701,-0.63133854,0.8630704015842381,1.0
AP005436.1,-0.17256023,-0.45103714,0.8629971203022163,1.0
PCED1B,-0.1725714,-21.972551,0.8629883266275779,1.0
AC011445.1,-0.1725714,-21.695347,0.8629883266275779,1.0
IL12RB1,-0.1725714,-21.794529,0.8629883266275779,1.0
AC025176.1,-0.1725714,-21.804413,0.8629883266275779,1.0
LINC02388,-0.1725714,-21.948156,0.8629883266275779,1.0
AC022966.2,-0.17260124,-1.6522762,0.8629648769115388,1.0
AC026689.1,-0.17266463,-0.7008574,0.8629150466658707,1.0
AC022929.2,-0.1727504,-0.7367696,0.8628476301428264,1.0
CD74,-0.17276531,-0.8628536,0.862835905632068,1.0
AC004076.2,-0.17276904,-0.42199013,0.862832974509099,1.0
AC010618.2,-0.17279515,-2.239634,0.8628124567011913,1.0
AC005355.1,-0.17283243,-2.5858116,0.8627831457075713,1.0
AC093323.1,-0.17294057,-0.023820218,0.8626981448944393,1.0
AC124852.1,-0.17307854,-0.74598783,0.8625896978891197,1.0
CDKL2,-0.17330226,-0.6558833,0.8624138433859316,1.0
FBN2,-0.17338057,-0.49555457,0.8623522959202021,1.0
BTBD6,-0.17343278,-0.23625831,0.8623112647405863,1.0
BTD,-0.17346634,-0.051558226,0.8622848877498528,1.0
VIPR1,-0.1737087,-0.05978446,0.8620943918221824,1.0
BRK1,-0.17371617,-0.18318716,0.8620885305361524,1.0
AC095060.1,-0.17376465,-1.9011055,0.8620504323620619,1.0
TTC39B,-0.17376837,-0.5419882,0.8620475017465767,1.0
AC026427.1,-0.17392126,-1.2700502,0.8619273481471015,1.0
ZNF221,-0.17396227,-0.8113376,0.8618951123589743,1.0
AC012676.1,-0.173966,-1.3165716,0.8618921818441859,1.0
SYTL1,-0.1740704,-0.09562973,0.8618101282020646,1.0
ACY1,-0.17422329,-0.23281224,0.8616899809168824,1.0
FIBP,-0.17427923,-0.32370636,0.8616460253924593,1.0
TMEM185B,-0.17436126,-0.37633407,0.8615815580650701,1.0
AC244093.5,-0.17451414,-0.38578773,0.8614614168703633,1.0
SETD5,-0.1745216,-0.009976719,0.8614555564062509,1.0
NDUFC2,-0.17468567,-0.19910312,0.8613266281261156,1.0
BOLA1,-0.17474906,-0.2323028,0.8612768159164135,1.0
ELK1,-0.17478262,-0.5022558,0.8612504449699473,1.0
PPP2CB,-0.17509584,-0.111702114,0.8610043235992451,1.0
AC073968.2,-0.17522636,-21.783052,0.8609017770105479,1.0
LINC02115,-0.17522636,-21.801876,0.8609017770105479,1.0
JUP,-0.17522636,-21.905535,0.8609017770105479,1.0
AC024267.6,-0.17522636,-21.936056,0.8609017770105479,1.0
AC117473.1,-0.17522636,-21.762842,0.8609017770105479,1.0
SLC4A9,-0.17522636,-21.924831,0.8609017770105479,1.0
TCF19,-0.17530093,-1.0818058,0.860843180012652,1.0
AC003991.2,-0.17531212,-1.8742653,0.8608343905290325,1.0
CD83,-0.17532331,-1.1385412,0.8608256010626505,1.0
AC004415.1,-0.17532703,-1.8956277,0.8608226712443537,1.0
PHACTR2-AS1,-0.1753755,-0.7632589,0.8607845837808152,1.0
AC021739.4,-0.17549856,-2.7172966,0.8606879016739213,1.0
AC027682.4,-0.17557687,-0.21227013,0.8606263777837926,1.0
FREM3,-0.17558059,-0.99497896,0.8606234480958347,1.0
CAPS2,-0.1756328,-3.6894124,0.8605824326658438,1.0
KCNJ11,-0.17563653,-0.74068993,0.8605795030066616,1.0
PXYLP1,-0.17568873,-0.42620608,0.8605384879795939,1.0
CAPN14,-0.1756962,-1.6646641,0.8605326287207182,1.0
AC007383.3,-0.17570364,-0.34846842,0.86052676946952,1.0
CPT1A,-0.17583789,-0.5533253,0.8604213042611348,1.0
NCMAP,-0.17588264,-2.0778282,0.860386149744782,1.0
AC048344.4,-0.17596467,-0.53382826,0.8603217005167529,1.0
RHBDL2,-0.17603925,-0.286095,0.860263111116756,1.0
CLDN15,-0.17605416,-0.024395056,0.8602513933290489,1.0
PSMB3,-0.17625552,-0.15172578,0.8600932062076412,1.0
COMMD2,-0.176304,-0.13388029,0.8600551249610707,1.0
LRRC4C,-0.1766135,-0.76649964,0.8598119985242734,1.0
AIFM2,-0.1766657,-1.2709607,0.8597709905549805,1.0
RAB11B,-0.17689316,-0.5555886,0.8595923173898502,1.0
USP44,-0.17689689,-0.4458656,0.859589388381437,1.0
JTB,-0.177143,-0.2463793,0.8593960780997921,1.0
ZNF814,-0.17766502,-0.067093715,0.858986053898805,1.0
AL160396.2,-0.17773214,-0.2997976,0.85893333925817,1.0
SLC25A15,-0.17774706,-0.23885755,0.8589216249789748,1.0
ANKRD30BL,-0.17782164,-0.68826824,0.8588630540488975,1.0
HAP1,-0.1778813,-21.837631,0.858816197864065,1.0
FAM182B,-0.1778813,-21.937164,0.858816197864065,1.0
CDYL2,-0.1778813,-21.61763,0.858816197864065,1.0
CCN4,-0.1778813,-21.867228,0.858816197864065,1.0
TEX11,-0.17790367,-0.5613925,0.8587986269229461,1.0
PODN,-0.178023,-0.7912597,0.8587049164183411,1.0
AC107982.2,-0.17803045,-1.0468731,0.8586990595778842,1.0
EIF2B4,-0.17809758,-0.17512056,0.8586463483637354,1.0
LMTK3,-0.17812741,-1.2497774,0.8586229213596863,1.0
SCN1A,-0.1781796,-2.6919606,0.858581924402151,1.0
AC093227.3,-0.1782318,-0.60219663,0.8585409278259545,1.0
BMP1,-0.17839588,-0.11006629,0.8584120839274243,1.0
ZNF436,-0.1785525,-0.7246088,0.8582891000875841,1.0
PGM3,-0.17862707,-0.07040375,0.8582305375628678,1.0
AC007679.1,-0.17867927,-0.46858957,0.8581895442597279,1.0
AC006148.1,-0.1787091,-0.042318936,0.8581661196867478,1.0
PRELID3B,-0.1787725,-0.32922208,0.8581163428838212,1.0
PTPA,-0.17877996,-0.19465479,0.8581104868264411,1.0
AC025887.2,-0.17886199,-0.2873092,0.858046070710645,1.0
AC008763.1,-0.1789813,-0.82077724,0.8579523762295642,1.0
AC091053.1,-0.1789925,-0.06672117,0.8579435924745321,1.0
ZNF746,-0.1790969,-0.20637533,0.8578616116091645,1.0
AC106820.6,-0.17911555,-0.8722695,0.8578469723302078,1.0
PDZD11,-0.17916402,-0.47203106,0.8578089104337263,1.0
AC107398.2,-0.17922741,-2.1317222,0.8577591376832776,1.0
PLCB3,-0.17926097,-0.44649363,0.8577327876325477,1.0
KSR2,-0.17962268,-0.18724722,0.8574488027084135,1.0
TBC1D9B,-0.17973082,-0.15476714,0.857363903579992,1.0
MRPL55,-0.17977555,-0.24900664,0.8573287733887596,1.0
NIBAN2,-0.17979793,-0.39391014,0.8573112083991127,1.0
ZC3H11A,-0.18012235,-0.535119,0.8570565239936745,1.0
AC002116.2,-0.1801298,-0.22153638,0.8570506693546431,1.0
ALG10,-0.18020065,-0.18810476,0.8569950506761497,1.0
AL138767.1,-0.18053624,-22.022043,0.8567316034305459,1.0
DRAXIN,-0.18053624,-21.83337,0.8567316034305459,1.0
AC008406.1,-0.18053624,-21.790667,0.8567316034305459,1.0
EFEMP1,-0.18053624,-21.95227,0.8567316034305459,1.0
SMIM29,-0.18058471,-1.7371434,0.8566935512580919,1.0
PRMT5-AS1,-0.18074133,-0.31761187,0.8565706157471293,1.0
AC087280.2,-0.18074133,-0.09763163,0.8565706157471293,1.0
ABCG5,-0.18076743,-0.946038,0.8565501268335367,1.0
TSPAN19,-0.1808532,-2.6530354,0.856482806798186,1.0
AC110603.1,-0.18086812,-2.9414353,0.8564710990725257,1.0
ATP1B2,-0.18089421,-0.45048603,0.8564506106286212,1.0
CCDC13,-0.18094642,-1.6058992,0.8564096340310454,1.0
SNAPC2,-0.1809576,-0.9541663,0.8564008533819196,1.0
SCX,-0.18097252,-4.000876,0.8563891458774014,1.0
PIM2,-0.18106574,-1.6455748,0.8563159746902409,1.0
CDK18,-0.18115151,-1.1202066,0.8562486582888441,1.0
FAH,-0.18115896,-0.6991377,0.8562428047381407,1.0
PPP1R42,-0.18127829,-0.32266593,0.8561491490026341,1.0
AC018695.9,-0.1814088,-0.098714754,0.8560467153615737,1.0
AL033519.5,-0.18142371,-0.74538094,0.8560350088141245,1.0
GCC1,-0.18169965,-0.62121916,0.8558184434028836,1.0
FP671120.4,-0.1820539,-0.5654819,0.8555404361588377,1.0
KIAA0513,-0.1821061,-1.1364394,0.8554994681851492,1.0
AC084018.2,-0.18214712,-0.67568046,0.8554672793361829,1.0
PSMD13,-0.18235593,-0.0639172,0.8553034125620269,1.0
COL10A1,-0.18247898,-0.11756592,0.8552068511344183,1.0
RNF144B,-0.18269898,-0.080249734,0.8550342164107927,1.0
ACSL4,-0.18277729,-0.072520606,0.8549727718272091,1.0
AC005332.4,-0.18278474,-0.7800202,0.8549669200079658,1.0
AL645608.7,-0.18296745,-0.79839855,0.8548235529290684,1.0
AL591501.1,-0.18304949,-1.32737,0.854759185595227,1.0
TUSC2,-0.18314645,-0.6924389,0.854683116355955,1.0
AC068473.1,-0.1831912,-21.865103,0.8546480079318038,1.0
NLRP9,-0.1831912,-21.627909,0.8546480079318038,1.0
AC002074.2,-0.1831912,-22.049397,0.8546480079318038,1.0
AL163541.1,-0.1831912,-21.955769,0.8546480079318038,1.0
TELO2,-0.18319492,-0.15870081,0.8546450822427807,1.0
AC011978.2,-0.1832434,-0.75302815,0.8546070484673629,1.0
AC006017.1,-0.18338509,-1.216427,0.854495874753558,1.0
UBALD2,-0.18343729,-0.5776305,0.8544549167449838,1.0
HAUS3,-0.18347459,-0.50543237,0.854425661264701,1.0
AC008549.2,-0.18357898,-1.5094151,0.8543437469848365,1.0
AC087439.1,-0.18360136,-3.7826118,0.854326194129102,1.0
AC021683.3,-0.18363865,-4.0033197,0.8542969395297765,1.0
AC008982.2,-0.18367594,-1.1609752,0.8542676851307746,1.0
EIF3F,-0.18406375,-0.102224074,0.8539634512659712,1.0
PIP5K1B,-0.18425764,-0.8226412,0.8538113424741063,1.0
AC007327.2,-0.18427256,-1.1576989,0.8537996420228317,1.0
IGFBP7,-0.18433222,-0.5163274,0.8537528405393453,1.0
RPL10A,-0.18436205,-0.08543956,0.8537294399906044,1.0
SLC35A4,-0.18439189,-0.56314576,0.8537060395705586,1.0
ZNF502,-0.18453358,-0.7226193,0.8535948893334508,1.0
ZNF778,-0.18455595,-0.22706886,0.8535773395616296,1.0
SHPK,-0.18464544,-0.24856524,0.8535071411990744,1.0
DOLPP1,-0.18466036,-1.0587536,0.8534954415847427,1.0
RBP3,-0.18474986,-0.72169954,0.8534252445755448,1.0
ZKSCAN4,-0.18485798,-0.0999953,0.8533404247379669,1.0
POLR3GL,-0.18490647,-0.5727321,0.85330240260249,1.0
AGAP3,-0.18517494,-0.056575786,0.8530918246406873,1.0
CCT2,-0.1852085,-0.08509659,0.8530655031312411,1.0
PPDPF,-0.18553291,-0.5441105,0.8528110703121119,1.0
AC091212.1,-0.18557766,-0.36679566,0.8527759773313565,1.0
DQX1,-0.18559258,-0.37014547,0.8527642797358586,1.0
AC004973.1,-0.18565597,-0.9981148,0.8527145653162749,1.0
SH3BP1,-0.18567088,-1.1216564,0.852702867890806,1.0
ZNF630,-0.18571189,-0.89633137,0.8526707001378072,1.0
THY1,-0.1857641,-0.8276743,0.8526297597156587,1.0
TYRO3,-0.18577528,-0.2310738,0.8526209868197053,1.0
PIEZO2,-0.18577902,-0.852401,0.8526180625251056,1.0
ENOX1-AS1,-0.18580511,-1.5619825,0.8525975925196319,1.0
ZFAND2B,-0.18584614,-0.45289963,0.852565425568758,1.0
AL031985.3,-0.18584614,-21.920464,0.852565425568758,1.0
AL590666.4,-0.18584614,-22.05762,0.852565425568758,1.0
NOL8,-0.18593189,-0.08550202,0.8524981681911684,1.0
UNC119B,-0.185958,-0.7640197,0.852477698767365,1.0
AC132872.1,-0.18602511,-0.880303,0.852425063562414,1.0
C1orf74,-0.18604003,-1.2457606,0.8524133669394431,1.0
AC012078.2,-0.18617427,-1.4798518,0.8523080987935492,1.0
AC108673.3,-0.18624139,-0.4556611,0.8522554657070409,1.0
CBX4,-0.1863197,-0.95106834,0.8521940612710157,1.0
AC011330.2,-0.18632343,-1.6649126,0.8521911372725959,1.0
AC015982.2,-0.18640547,-1.5878274,0.852126809821404,1.0
MBOAT2,-0.18641664,-0.08530941,0.8521180379724463,1.0
AC026624.1,-0.1864875,-0.8284814,0.852062483353883,1.0
WDR53,-0.18659563,-0.24703084,0.8519776908776185,1.0
NAGA,-0.18690886,-0.77641606,0.8517320947428785,1.0
TAF1C,-0.18711022,-0.16246437,0.8515742191043179,1.0
KCNQ5-AS1,-0.18715124,-0.08163961,0.8515420599810435,1.0
SH2D2A,-0.18721089,-1.2927986,0.8514952835151655,1.0
AC090198.1,-0.18725191,-0.4518376,0.8514631249979312,1.0
NPIPB12,-0.18733768,-1.320853,0.8513958852600991,1.0
DHRS13,-0.18760616,-0.44751132,0.8511854026324837,1.0
AC109361.2,-0.18762107,-0.4351908,0.851173709463878,1.0
DGUOK,-0.18765463,-0.0861068,0.8511473999541617,1.0
AC002558.3,-0.18777022,0.015189602,0.851056779577983,1.0
CLASP2,-0.18784107,-0.0074790046,0.8510012390292241,1.0
CRTC3,-0.18785599,-0.058643598,0.850989546376292,1.0
TUBGCP2,-0.1880648,-0.055144314,0.8508258526764152,1.0
ZNF490,-0.1881543,-0.11756497,0.8507557002010488,1.0
CTDSP1,-0.18826243,0.10607014,0.8506709342027174,1.0
AC011471.2,-0.1883743,-1.3856373,0.8505832470548789,1.0
TNFAIP1,-0.18838176,-0.07107865,0.8505774013107101,1.0
DBP,-0.18839668,-0.7519793,0.8505657098470106,1.0
MAN1C1,-0.18846379,-0.03420585,0.8505130986669573,1.0
SLC2A3,-0.18850107,-21.90804,0.8504838705211435,1.0
AC093734.1,-0.18850107,-21.893764,0.8504838705211435,1.0
AC012181.1,-0.18850107,-21.912132,0.8504838705211435,1.0
NRARP,-0.18850107,-22.11588,0.8504838705211435,1.0
LINC01098,-0.18850107,-22.025612,0.8504838705211435,1.0
AGPAT2,-0.1885831,-0.6443412,0.850419569323564,1.0
AHDC1,-0.18860176,-0.25427863,0.8504049555537396,1.0
RAD17,-0.18862413,-0.11326953,0.8503874190977817,1.0
CDRT4,-0.18862785,-1.9691308,0.8503844963623167,1.0
PGR,-0.18873227,-2.3653316,0.8503026606040781,1.0
LINC01999,-0.18874718,-0.92369944,0.8502909699130909,1.0
P2RX7,-0.18882921,-2.7974393,0.850226671701032,1.0
GEMIN7,-0.18888888,-0.39561203,0.8501799099905574,1.0
UBASH3B,-0.18888888,-0.80102926,0.8501799099905574,1.0
ZNF468,-0.18891126,-0.8156402,0.8501623744849813,1.0
MELTF,-0.1889299,-0.9376987,0.8501477616202828,1.0
BRPF3,-0.18933634,-0.1484948,0.8498292139704016,1.0
TBC1D22B,-0.18937363,-0.10981391,0.8497999906421996,1.0
AC005632.3,-0.18950415,-0.09624919,0.8496977106188255,1.0
AC013733.2,-0.18966448,-0.98037815,0.8495720557675073,1.0
MAST1,-0.18979871,-0.28770223,0.8494668592957394,1.0
AC068189.1,-0.19001499,-0.13783313,0.8492973817295231,1.0
AC064874.1,-0.19004855,-0.44020644,0.8492710841104998,1.0
LOXL3,-0.19021262,-0.16538283,0.8491425203879963,1.0
NLGN1-AS1,-0.19036178,-0.1556282,0.8490256477581757,1.0
RBM12,-0.19049601,0.023605714,0.848920465228453,1.0
TAS2R30,-0.19061162,-0.105894625,0.8488298935386249,1.0
BRWD1,-0.19061162,-0.00048242885,0.8488298935386249,1.0
MGAT2,-0.19077195,0.03366953,0.8487042651439356,1.0
ARFGEF3,-0.19077568,-0.82960063,0.8487013435990713,1.0
AP003778.1,-0.19082043,-0.63036597,0.8486662852228205,1.0
SLC12A4,-0.19090992,-0.3350345,0.8485961693684205,1.0
AC004549.1,-0.19115603,-21.864115,0.8484033569472217,1.0
RNF144A-AS1,-0.19115603,-21.984512,0.8484033569472217,1.0
GACAT2,-0.19124179,-0.8302968,0.8483361668704993,1.0
NTRK1,-0.19128281,-1.1153713,0.8483040328755099,1.0
LINC00276,-0.19138348,-0.9898298,0.8482251595931847,1.0
NCALD,-0.19141331,-2.599957,0.848201790023577,1.0
KCNG1,-0.19163331,-1.7743527,0.8480294435700487,1.0
BCL7B,-0.19173026,-0.25640875,0.847953496591449,1.0
GEMIN8,-0.19177501,-0.38642845,0.8479184446158854,1.0
AC084757.3,-0.19189806,-1.3503642,0.8478220532342229,1.0
UNC13D,-0.19204348,-2.5148969,0.8477081390814014,1.0
LSM6,-0.19205467,-0.21455254,0.8476993765860036,1.0
DEUP1,-0.19206586,-0.97072667,0.8476906141094314,1.0
BCL11B,-0.19207706,-0.23524496,0.8476818516516857,1.0
SMIM15,-0.19211806,-0.35593802,0.8476497228010417,1.0
PDCD1LG2,-0.19228214,-0.22950423,0.8475212099307886,1.0
BHMT2,-0.19229332,-0.56182563,0.8475124478372327,1.0
CCDC22,-0.19231197,-0.3903121,0.8474978443898582,1.0
SLC12A9-AS1,-0.19251333,-0.3154937,0.8473401304956626,1.0
SLCO4A1-AS1,-0.19265875,-0.63436973,0.84722622981825,1.0
PINX1,-0.19291231,-0.051901706,0.8470276413994772,1.0
AC024996.1,-0.19349775,-0.75311077,0.8465691729101372,1.0
CD8A,-0.19363198,-1.1799556,0.8464640536913217,1.0
CAB39L,-0.19384453,-0.11684971,0.8462976205168959,1.0
WDR93,-0.19390047,-1.2005131,0.8462538234524738,1.0
QSOX1,-0.19422114,-0.26199287,0.8460027294555776,1.0
AC024075.1,-0.1942808,-1.1751791,0.8459560160180076,1.0
AC010401.1,-0.19428825,-1.022124,0.8459501768763793,1.0
AC009630.2,-0.19463131,-1.4197198,0.8456815855124451,1.0
ZFYVE19,-0.1947208,-0.6208472,0.8456115211481702,1.0
EIF3K,-0.19472827,-0.07104313,0.8456056825062515,1.0
AC051619.4,-0.1947581,-0.15097868,0.84558232802337,1.0
MPV17L2,-0.19478793,-1.1160963,0.8455589736761729,1.0
SDHB,-0.19484758,-0.24464205,0.8455122653889121,1.0
TMEM64,-0.1952876,-0.16028172,0.8451678085495352,1.0
SNRPA,-0.19533233,-0.13406114,0.8451327806973487,1.0
NCF2,-0.1953398,-0.3325874,0.8451269427517476,1.0
UNC13C,-0.19541438,-1.0906461,0.8450685637635433,1.0
AC107896.1,-0.19580218,-0.6521017,0.8447650067464427,1.0
PARVB,-0.1958171,-0.8225736,0.8447533319365693,1.0
RASSF1,-0.19585066,-0.23546982,0.8447270637390305,1.0
MLLT3,-0.19605201,0.0070576854,0.8445694581804871,1.0
GDPGP1,-0.19612658,-1.0897812,0.8445110873299446,1.0
RP1L1,-0.19614524,-0.5491372,0.8444964947506964,1.0
ZNF619,-0.19621235,-0.86153954,0.8444439619072984,1.0
PPP1R13B,-0.19624963,-0.47222364,0.8444147772932259,1.0
CALM3,-0.19625337,-0.22014812,0.8444118588435642,1.0
ZNF263,-0.19632049,-0.31188795,0.8443593271149008,1.0
ANKRD24,-0.19638015,-1.5893526,0.8443126328260782,1.0
CLDN22,-0.19646591,-21.968342,0.8442455107444023,1.0
AC003044.1,-0.19646591,-22.015707,0.8442455107444023,1.0
AL157769.1,-0.19646591,-21.939215,0.8442455107444023,1.0
AC011468.1,-0.19646591,-22.01688,0.8442455107444023,1.0
CFI,-0.19646591,-21.943537,0.8442455107444023,1.0
CENPW,-0.19648455,-0.28977767,0.8442309191371561,1.0
ADD3-AS1,-0.1966076,-0.66257846,0.8441346158701732,1.0
NIT1,-0.19665235,-0.2266433,0.8440995970779333,1.0
AL139300.2,-0.19671574,-2.7268002,0.84404998764976,1.0
TBCC,-0.19672693,-0.23055767,0.8440412331089997,1.0
AL136980.1,-0.19672693,-0.76029813,0.8440412331089997,1.0
USP3-AS1,-0.19673438,-0.0027002343,0.844035396759196,1.0
AC079035.1,-0.19681269,-0.9750859,0.8439741156033097,1.0
NDFIP2,-0.19683135,-1.5004871,0.8439595249910969,1.0
ALKBH6,-0.19693574,-0.9185564,0.8438778185523403,1.0
CFAP77,-0.19697304,-0.21495275,0.8438486380884549,1.0
MOCS3,-0.19706999,-1.9431841,0.8437727698854911,1.0
RBM15-AS1,-0.19709982,0.02100708,0.8437494261146288,1.0
AC011092.3,-0.19711846,-0.017623829,0.8437348363275373,1.0
RHPN1,-0.19719677,-2.1113763,0.8436735598073324,1.0
AL136040.2,-0.19730118,-2.4514337,0.8435918592523295,1.0
APBB1,-0.19745407,-0.6464902,0.8434722293335101,1.0
ABCG1,-0.19758457,-0.7204512,0.843370109089188,1.0
CNBP,-0.19759576,-0.0906341,0.8433613560478951,1.0
WDR18,-0.19767407,-0.36202943,0.8433000853006432,1.0
LRP3,-0.19768524,-0.50622785,0.8432913324141624,1.0
NCOA7,-0.19786796,-0.6261461,0.8431483713423952,1.0
MT3,-0.1980656,-1.036608,0.8429937457976934,1.0
RHOC,-0.19817,-0.18940513,0.8429120592737123,1.0
TMED9,-0.19838254,-0.00417419,0.8427457740731452,1.0
MCUR1,-0.19881137,-0.34204882,0.8424103077377181,1.0
CCDC88B,-0.1989456,-0.31354958,0.8423052980640309,1.0
CU638689.5,-0.19898662,-0.3261603,0.8422732123341248,1.0
EXOC3-AS1,-0.19898662,-1.0529757,0.8422732123341248,1.0
AC023906.5,-0.19898662,-0.14515562,0.8422732123341248,1.0
AC010542.5,-0.19912086,-21.919456,0.8421682063220655,1.0
AC023796.1,-0.19912086,-22.19362,0.8421682063220655,1.0
CRTAC1,-0.19912086,-22.062567,0.8421682063220655,1.0
FZD2,-0.19912086,-22.21071,0.8421682063220655,1.0
AC136285.1,-0.19912086,-21.898243,0.8421682063220655,1.0
AL355388.1,-0.19912086,-22.123457,0.8421682063220655,1.0
AL160408.3,-0.19929239,-0.4124654,0.8420340360580761,1.0
ZNF606,-0.19929612,-0.103937015,0.8420311193641291,1.0
AC107223.1,-0.19938561,-0.5035002,0.8419611193597488,1.0
AL445524.1,-0.19941917,-2.5044641,0.8419348696800942,1.0
EFCAB3,-0.19951612,-3.1114285,0.8418590382591141,1.0
TMSB15B.1,-0.19952357,-1.6429131,0.8418532051336314,1.0
AC002074.1,-0.19956832,-3.8765204,0.8418182065630175,1.0
TSNAXIP1,-0.19957578,-1.6170709,0.8418123734982986,1.0
ALOX12B,-0.19957578,-1.8018492,0.8418123734982986,1.0
NRN1,-0.1995795,-0.21440218,0.8418094569691948,1.0
RBMS3-AS3,-0.19979206,-0.5743274,0.8416432183992978,1.0
EXOSC3,-0.19981815,-0.042998984,0.8416228036228693,1.0
SLC16A8,-0.20016493,-1.1764919,0.8413515888455836,1.0
MFSD4A,-0.20028053,-0.23848765,0.8412611881017027,1.0
UBE2D3,-0.20032156,-0.020190801,0.8412291109214038,1.0
ZNF286A,-0.20034392,-0.12627134,0.8412116143886911,1.0
KCNQ3,-0.20047817,-2.013995,0.8411066368396318,1.0
AC109322.2,-0.20082867,-0.75285107,0.84083254211847,1.0
SLC37A4,-0.20085105,-0.34496075,0.8408150473654523,1.0
STARD4,-0.20103748,-0.16329172,0.8406692608150359,1.0
TADA3,-0.20131342,-0.3201273,0.8404535067498691,1.0
BOK,-0.20135817,-0.3925788,0.8404185207330616,1.0
CENPS,-0.20148122,-0.27679408,0.8403223108124138,1.0
AC113386.1,-0.20157444,-0.9469986,0.8402494260968107,1.0
AP002498.1,-0.20157817,-0.39268014,0.8402465107366696,1.0
CA3,-0.20162664,-0.53003544,0.840208611254261,1.0
LGR5,-0.20166767,-1.488452,0.8401765427507749,1.0
CBARP,-0.2016975,-1.6295952,0.8401532203693953,1.0
FAAP24,-0.2017385,-1.1397474,0.8401211523241281,1.0
GSDMD,-0.2017758,-22.024876,0.8400919997859689,1.0
SLC43A2,-0.20179445,-0.2421071,0.8400774235991397,1.0
FAM111A-DT,-0.20183173,-1.8923619,0.8400482713900064,1.0
INO80B,-0.20185038,-0.37192336,0.8400336953677119,1.0
FAM217A,-0.2018653,-0.08598384,0.8400220345893714,1.0
ENPP4,-0.20210022,-2.611585,0.8398383819632784,1.0
DSEL,-0.20214123,-0.7760387,0.8398063165255577,1.0
PMM2,-0.20217852,-0.020337284,0.8397771663583362,1.0
UPK3BL2,-0.202227,-4.1553392,0.8397392714694962,1.0
TDRKH,-0.20247683,-0.24778014,0.839543972935213,1.0
CENPT,-0.20265955,-0.08749268,0.8394011489176438,1.0
LHFPL3-AS1,-0.20282361,-1.6696733,0.8392729032858474,1.0
SLC4A11,-0.2028348,-0.68859595,0.8392641594208654,1.0
XKR5,-0.20284225,-0.72179717,0.8392583301885663,1.0
GRIN2C,-0.20295411,-0.29628298,0.8391708927624257,1.0
TMED7,-0.20305853,-0.28536367,0.8390892862890275,1.0
ABCA6,-0.20337547,-2.3230186,0.8388415629535232,1.0
AL022323.1,-0.2034426,-0.17769358,0.8387891059421804,1.0
EGLN2,-0.20359175,-0.1497101,0.8386725373706977,1.0
ERCC2,-0.20379685,-0.13949367,0.8385122613651372,1.0
LFNG,-0.20384532,-0.6958504,0.8384743789241964,1.0
MVB12A,-0.2039721,-0.20312552,0.8383753035409479,1.0
ABCB8,-0.20398328,-0.3064018,0.8383665617183492,1.0
GREB1,-0.2041026,-0.54034865,0.8382733168520305,1.0
RASIP1,-0.2041399,-0.4180141,0.8382441782969534,1.0
AC005342.1,-0.20425177,-0.6105884,0.8381567639627024,1.0
Z95118.2,-0.20430396,-0.74858135,0.8381159712901706,1.0
AC002553.1,-0.2043599,-0.35096338,0.8380722653381134,1.0
TMEM106C,-0.20437108,-0.5635056,0.8380635242076468,1.0
KLHL22,-0.20443074,-0.12348371,0.8380169051826918,1.0
AC242988.2,-0.20443074,-22.171438,0.8380169051826918,1.0
PPP1R17,-0.20443074,-22.083828,0.8380169051826918,1.0
AC020637.1,-0.20443074,-22.033098,0.8380169051826918,1.0
TTPA,-0.20443074,-22.135674,0.8380169051826918,1.0
ZBTB8B,-0.20446804,-1.9523948,0.837987768580824,1.0
EIF2AK1,-0.20451652,-0.008978793,0.8379498913305097,1.0
ELMSAN1,-0.20455007,-0.07132743,0.8379236688387228,1.0
AC103923.1,-0.20464702,-1.0159245,0.8378479159848129,1.0
CHRNA10,-0.20474397,-0.546553,0.8377721646338683,1.0
CDH13,-0.20485583,-0.604372,0.8376847610974134,1.0
PLEKHJ1,-0.20487075,0.09762013,0.8376731074438635,1.0
AC007292.3,-0.20507585,-0.70882213,0.8375128733197407,1.0
PFKM,-0.20541516,-0.22634092,0.8372477734802757,1.0
ISM1-AS1,-0.20543754,-2.831097,0.8372302950189741,1.0
HYAL2,-0.20558296,-1.1023728,0.837116686979072,1.0
MYO3B,-0.20562771,-0.6480623,0.837081731342312,1.0
LMO2,-0.20585518,-0.3995949,0.8369040451631392,1.0
DISC1-IT1,-0.20587754,-1.405758,0.8368865682833116,1.0
TMUB1,-0.20590365,-0.3949823,0.8368661786919239,1.0
AL359762.1,-0.20615348,-1.1229717,0.8366710267203052,1.0
AL158206.1,-0.20623551,-0.9306364,0.836606949159837,1.0
KIAA0895,-0.20645551,-0.2695564,0.8364351101463867,1.0
HIST2H2AA4,-0.20646298,-0.23210622,0.8364292852318086,1.0
ZNRD1,-0.20650399,-0.31123698,0.8363972483619558,1.0
EMP2,-0.20654501,-0.109482296,0.8363652117634623,1.0
AL109984.1,-0.20684332,-0.27492848,0.8361322264878801,1.0
CPSF3,-0.20684332,-0.13661775,0.8361322264878801,1.0
AC027514.1,-0.2068806,-1.281095,0.8361031043388005,1.0
AC106820.5,-0.20692535,-1.3807391,0.8360681580564537,1.0
GRINA,-0.20702976,-0.17681041,0.8359866179894248,1.0
AC005586.1,-0.20708568,-22.176754,0.8359429365356189,1.0
AL353693.1,-0.20708568,-21.988678,0.8359429365356189,1.0
AC022079.1,-0.20713417,-1.9556843,0.8359050796849101,1.0
AC000082.1,-0.20714909,-1.9399215,0.835893431499622,1.0
PCBD1,-0.20719756,-0.29108173,0.8358555751460014,1.0
NDUFA13,-0.20720501,-0.15475447,0.8358497511253439,1.0
AL731569.1,-0.20724976,-0.7362401,0.8358148071904031,1.0
AC138904.3,-0.20726468,-1.3151131,0.8358031592840988,1.0
RAB43,-0.20734671,-1.4348114,0.8357390964431476,1.0
DCUN1D2-AS,-0.20742129,-0.26796925,0.8356808584424051,1.0
AC112484.1,-0.20753315,-1.7437857,0.8355935031305186,1.0
AC002550.1,-0.20754062,-0.5184671,0.8355876795151547,1.0
CYP3A7,-0.20764875,-0.20914704,0.8355032381054441,1.0
SRPRA,-0.20777926,-0.36072588,0.8354013285844104,1.0
SHC1,-0.20786875,-0.26609245,0.8353314493670589,1.0
AC012640.1,-0.20790604,-0.29315054,0.835302333410125,1.0
ARMT1,-0.20807756,-0.122351356,0.835168402916114,1.0
RNF113A,-0.20811112,-1.6097667,0.8351421996827898,1.0
AP002075.1,-0.20817825,-0.33009014,0.8350897937651892,1.0
MYADM,-0.20818943,-1.1674503,0.8350810595167742,1.0
AC009244.2,-0.20824537,-0.18829422,0.8350373885798408,1.0
MRPS17,-0.20829384,-0.26306832,0.8349995408459474,1.0
AMH,-0.20829757,-0.23967828,0.8349966294976293,1.0
TXLNA,-0.20872267,-0.084364586,0.8346647506215995,1.0
ALKBH2,-0.20881961,-0.2711738,0.834589063069609,1.0
SMURF1,-0.20883079,-0.045622434,0.8345803299891216,1.0
CCDC120,-0.20883825,-0.20742123,0.8345745079467972,1.0
UFM1,-0.2088569,-0.06341819,0.8345599528806579,1.0
IFT20,-0.20920742,-0.32173538,0.8342863281913225,1.0
PSD4,-0.20924842,-1.0446326,0.8342543095915922,1.0
UST-AS1,-0.20933047,-0.47405452,0.8341902732166101,1.0
MICALL1,-0.20936403,-1.26662,0.8341640768346743,1.0
CNOT10-AS1,-0.20943859,-0.15188433,0.8341058633116167,1.0
TAFA2,-0.20962504,-0.07821731,0.8339603334826134,1.0
AL596218.1,-0.20971453,-0.32981506,0.8338904811846443,1.0
FAM241B,-0.20974064,-22.28237,0.8338701078446572,1.0
LINC01076,-0.20974064,-22.103935,0.8338701078446572,1.0
LRP10,-0.20974809,-1.1583123,0.8338642869108609,1.0
NICN1,-0.20978165,-0.6263142,0.8338380928214605,1.0
HHLA2,-0.20978539,-0.5286078,0.8338351823784655,1.0
GGA2,-0.20979284,-0.028271241,0.8338293614993059,1.0
AC124045.1,-0.2098003,-0.8486608,0.8338235406292533,1.0
AL358452.1,-0.2098525,-1.9765136,0.8337827947939135,1.0
RHD,-0.2100464,-0.4220188,0.833631457028681,1.0
NAPEPLD,-0.21009861,-0.13615538,0.8335907132986031,1.0
LIMD2,-0.21032234,-2.0005538,0.8334161023754041,1.0
DLX5,-0.21050878,-0.29212224,0.8332705995486813,1.0
GLMP,-0.21050878,-2.131141,0.8332705995486813,1.0
SORBS2,-0.21053116,-0.32266045,0.8332531395931289,1.0
LINC00326,-0.21065047,-1.6730349,0.8331600212193353,1.0
CBX2,-0.21065794,-0.9187743,0.8331542013986736,1.0
MATR3,-0.21068777,-0.14256246,0.8331309222074608,1.0
SV2A,-0.21075489,-0.78455204,0.8330785445622046,1.0
AC018645.3,-0.2108593,-1.7310299,0.832997069697906,1.0
DHRS7,-0.2108593,-0.11234161,0.832997069697906,1.0
AC018445.5,-0.21091895,-0.5312484,0.8329505134378641,1.0
AC137932.3,-0.2109637,-0.107350685,0.8329155966272881,1.0
HIF1A,-0.21106811,-0.04444412,0.8328341253511995,1.0
FOXN3-AS2,-0.2111203,-0.56991327,0.8327933903863689,1.0
AC004241.1,-0.21116878,-0.22875959,0.8327555654638751,1.0
AC087885.1,-0.21161252,-0.9956514,0.8324093399473471,1.0
C17orf97,-0.21208608,-0.4406774,0.8320398746280396,1.0
ANAPC2,-0.2121793,-0.5437035,0.8319671496030665,1.0
TMEM234,-0.21231727,-1.6713403,0.8318595192061471,1.0
PIM1,-0.21239558,-22.235254,0.8317984330859526,1.0
GPR1,-0.21240677,-1.8049784,0.8317897065802811,1.0
AL162231.1,-0.2125671,-0.76927584,0.8316646289447157,1.0
DDIT3,-0.21257083,-0.34668458,0.8316617202132035,1.0
BEND6,-0.21259694,-0.24799107,0.8316413591571773,1.0
AL732314.6,-0.21261558,-0.292498,0.8316268156149051,1.0
AC105290.1,-0.21267524,-2.538955,0.8315802766670752,1.0
C18orf25,-0.21270135,-0.07326748,0.8315599160630777,1.0
PPP1R3F,-0.21297355,-0.18521488,0.8313475907887182,1.0
AC021016.2,-0.21299966,-1.8657387,0.8313272314773987,1.0
GID8,-0.21301457,-0.23451328,0.831315597636036,1.0
AC018362.1,-0.2131078,-0.14191261,0.8312428869650604,1.0
SMLR1,-0.21316372,-0.7263583,0.8311992612557823,1.0
DTNBP1,-0.21364848,-0.06951029,0.8308211935773888,1.0
LEP,-0.2137044,-0.87723166,0.830777572901584,1.0
SYNGAP1-AS1,-0.21422645,-0.13446844,0.8303704717545245,1.0
TMC5,-0.21436441,-0.9962849,0.8302628883385277,1.0
COA6,-0.21456577,-0.20403376,0.8301058804153595,1.0
CSPG4,-0.21478204,-0.2554225,0.8299372498314523,1.0
ASAH2,-0.21496849,-1.7190592,0.8297918849250361,1.0
ADAM15,-0.21496849,-0.8299366,0.8297918849250361,1.0
ATP5MC2,-0.21497221,-0.07675553,0.829788977686317,1.0
AC046143.1,-0.21519223,-0.15409677,0.829617454728093,1.0
GAS2L1,-0.2152407,-0.13748382,0.829579662625343,1.0
PRSS27,-0.21525934,-1.4089524,0.8295651273061985,1.0
FAM107A,-0.2152929,-0.48196444,0.8295389638787466,1.0
AGTRAP,-0.21529663,-0.7878299,0.8295360568429202,1.0
WDR45B,-0.21547934,-0.09743625,0.8293936149470834,1.0
SIAH3,-0.21549053,-3.628543,0.8293848941968225,1.0
RPS6KB2-AS1,-0.21570681,-1.9973959,0.829216297158394,1.0
DPM3,-0.21571799,-0.3854473,0.8292075768357892,1.0
AC012150.1,-0.21580748,-0.6699662,0.8291378150125991,1.0
FAM85B,-0.21593054,-0.52811164,0.8290418947057228,1.0
COPS8,-0.216158,-0.1826719,0.8288645941826079,1.0
KANK1,-0.2162102,0.009544466,0.8288239034888698,1.0
RABGGTA,-0.21625867,-1.2355183,0.8287861196844916,1.0
ZNF638,-0.21639664,-0.029860971,0.8286785833325812,1.0
AC095056.1,-0.21672851,-0.28396356,0.8284199279634927,1.0
B3GALNT1,-0.21675834,-0.3113357,0.8283966789535256,1.0
AGPAT3,-0.21678445,-0.056415997,0.828376336193121,1.0
HSD11B2,-0.21685529,-0.97942734,0.8283211207094484,1.0
KRBOX1,-0.21688512,-0.69305,0.8282978723385181,1.0
TSPAN31,-0.21731395,-0.12982401,0.8279636936379576,1.0
AC106028.3,-0.21760853,-1.1608464,0.8277341454402168,1.0
MEG8,-0.21782853,-2.196436,0.827562720307316,1.0
LINC00511,-0.21784717,-0.23077905,0.8275481931311612,1.0
GRPEL2-AS1,-0.21803734,-0.28560615,0.8274000193055033,1.0
AC093512.2,-0.21806344,-0.9550625,0.8273796822009818,1.0
FTL,-0.21812311,-0.08869146,0.8273331978253442,1.0
AP002518.2,-0.21816039,-0.35603327,0.827304145397749,1.0
AL158154.3,-0.21837667,-2.0887914,0.8271356459794803,1.0
VTN,-0.21846616,-0.9985961,0.8270659244095901,1.0
PLPP4,-0.21860039,-0.06742597,0.8269613446107694,1.0
IRS2,-0.21890989,-0.3628048,0.8267202417715034,1.0
AIMP2,-0.21898074,-0.071493,0.8266650518520896,1.0
LINC00189,-0.21901058,-0.85502,0.8266418142474266,1.0
KCNJ15,-0.21927533,-0.45285633,0.8264355871609768,1.0
LMO4,-0.21942075,-0.024838943,0.8263223125869902,1.0
MYL12A,-0.2195065,-0.10693347,0.8262555113273065,1.0
AC007610.2,-0.21953261,-0.056068283,0.826235180758732,1.0
AC005921.2,-0.21966685,-0.2975726,0.8261306253894112,1.0
DERL2,-0.21976008,-0.41219416,0.8260580193078585,1.0
TXNL4B,-0.21990177,-0.32522467,0.8259476609127996,1.0
PXMP4,-0.22009566,-0.17348494,0.8257966497343934,1.0
AC023830.1,-0.2201516,-0.508357,0.8257530900149287,1.0
AL358292.1,-0.22051702,-1.0765363,0.8254685130533127,1.0
NARS,-0.22069602,-0.14332637,0.8253291367831943,1.0
SHROOM2,-0.22075567,-0.07902303,0.825282679249708,1.0
LINC00536,-0.22086754,-1.8756899,0.8251955730237314,1.0
SNX33,-0.22105771,-0.40729246,0.8250474973793097,1.0
DCLRE1B,-0.22109872,-0.9045737,0.8250155603111375,1.0
NOL12,-0.22113602,-0.23671378,0.8249865268641321,1.0
PCGF1,-0.22180721,-1.1317595,0.8244639657933536,1.0
NRAS,-0.22192654,-0.17648698,0.8243710741850425,1.0
GDNF,-0.22198246,-0.5912012,0.8243275320903385,1.0
AL157369.1,-0.2223218,-0.26634967,0.8240633883089767,1.0
SBSPON,-0.22234416,-1.0118245,0.8240459729353818,1.0
AP003392.1,-0.22252688,-0.56005436,0.8239037506278254,1.0
ARHGAP45,-0.22282146,-0.33913353,0.8236744656166815,1.0
MPC1,-0.22286993,-0.14685866,0.8236367366133144,1.0
F11-AS1,-0.22294451,-1.7689426,0.8235786927887011,1.0
LINC01703,-0.22295196,-0.47460765,0.823572888459313,1.0
SLIT1,-0.22301535,-22.278687,0.8235235520492014,1.0
USP50,-0.22305638,-1.9316763,0.8234916288613661,1.0
BUD31,-0.22307876,-0.1796854,0.8234742163365566,1.0
MINCR,-0.22316451,-0.2233402,0.8234074691299393,1.0
AL021707.6,-0.22321671,-0.364413,0.8233668410209096,1.0
CLIC1,-0.22333232,-0.25386316,0.8232768804644155,1.0
SMPDL3B,-0.22350384,-0.51648575,0.8231433948866002,1.0
FAM135B,-0.22391774,-0.6345699,0.8228213094636019,1.0
CRLF3,-0.22413029,-0.016172238,0.8226559258427666,1.0
AC073641.1,-0.22413774,-1.2209638,0.8226501230517264,1.0
TM2D2,-0.2241974,-0.354719,0.8226037010726187,1.0
SZRD1,-0.22452182,-0.06350584,0.8223512924328754,1.0
AP001178.2,-0.22483504,-0.48266608,0.822107604983156,1.0
MRPL9,-0.22523403,-0.29586306,0.8217972184440926,1.0
TTC39A,-0.22524895,-0.8752616,0.8217856157495271,1.0
ABCG8,-0.22526759,-0.36755893,0.8217711124361382,1.0
GFM1,-0.22539064,-0.103688665,0.8216753920956947,1.0
C3orf84,-0.22558828,-1.7304807,0.8215216649840067,1.0
AC019131.2,-0.22567031,-22.1128,0.8214578557426196,1.0
UPK1B,-0.2256964,-0.6676909,0.8214375530498856,1.0
EMILIN3,-0.22570014,-1.2839108,0.8214346526749727,1.0
AC079296.1,-0.225812,-2.3566947,0.8213476425628057,1.0
TMBIM1,-0.22592759,-0.007723494,0.8212577344225951,1.0
SGSM1,-0.2259537,-1.1266879,0.821237432909401,1.0
AC006027.1,-0.22597606,-2.8802564,0.821220031707676,1.0
VCPKMT,-0.22610286,-0.08262599,0.8211214265599247,1.0
AC073569.2,-0.22615133,-0.18794027,0.821083725338562,1.0
AC023946.1,-0.22615506,-3.960248,0.8210808252617291,1.0
LNP1,-0.22624081,-0.16574208,0.8210141241696445,1.0
AL355483.1,-0.2263042,-1.3139513,0.8209648241942396,1.0
GNRH1,-0.22635642,-0.98765236,0.8209242247455202,1.0
CHRNA9,-0.22650184,-0.34883988,0.8208111288112561,1.0
ALG3,-0.22665472,-0.15547512,0.8206922371022045,1.0
AC125611.4,-0.22673675,-1.1723222,0.8206284432492137,1.0
EP400,-0.22680761,-0.040055834,0.8205733495128775,1.0
RANBP2,-0.22693066,-0.06609769,0.8204776624961215,1.0
C1orf100,-0.22699405,-0.13757479,0.8204283702271475,1.0
DHX16,-0.22704998,-0.1375385,0.8203848776376523,1.0
KRT10,-0.22724389,-0.39039707,0.8202341076045059,1.0
FADS3,-0.2272588,-0.7073115,0.8202225101847416,1.0
EML4,-0.22744897,0.00067856186,0.8200746465294628,1.0
NAA35,-0.22786286,-0.03848134,0.8197528477475471,1.0
CLNK,-0.22806422,-0.91454536,0.819596307958854,1.0
REX1BD,-0.22822458,-0.13798335,0.819471661045795,1.0
CIRBP,-0.22824322,-0.06991072,0.8194571675146594,1.0
RNF207,-0.2283961,-0.15569061,0.8193383228861996,1.0
ZSCAN16,-0.22861983,-0.1908894,0.8191644113983401,1.0
Z98745.2,-0.2286683,-0.4959778,0.819126731748129,1.0
FAT4,-0.22882864,-4.175731,0.8190021020349915,1.0
ANAPC13,-0.22885847,-0.8733817,0.8189789156160261,1.0
WARS2-IT1,-0.22896288,-0.1768164,0.818897764396342,1.0
ZNF486,-0.22910085,-0.11452149,0.818790531831666,1.0
AC010491.2,-0.22923508,-0.718455,0.8186862006976334,1.0
CDC42EP4,-0.22949983,-0.46571258,0.8184804459279671,1.0
CLPTM1L,-0.22960052,-0.14693393,0.8184022044365865,1.0
TOMM34,-0.23055138,-0.22228907,0.8176633463245585,1.0
DECR2,-0.23057374,-0.29266328,0.8176459633755219,1.0
ZBTB24,-0.2306707,-0.3078978,0.8175706382993503,1.0
AC022154.1,-0.2308124,-0.42972207,0.8174605508337339,1.0
MYLK3,-0.23084968,-0.6400404,0.8174315810463619,1.0
AC118755.2,-0.23098019,-22.254654,0.8173301887546174,1.0
CORO6,-0.23101749,-1.012728,0.8173012200897212,1.0
SMDT1,-0.23102868,-0.16899377,0.8172925295389116,1.0
AP000350.7,-0.23115918,-0.59823513,0.8171911414392803,1.0
RYR3,-0.23121884,-0.053362425,0.8171447936123661,1.0
PRKCSH,-0.23124494,-0.41981566,0.8171245166391307,1.0
NTF3,-0.23134935,-0.16689181,0.817043409970224,1.0
SHANK2-AS1,-0.23145004,-0.90902734,0.8169652018234375,1.0
GTF2H4,-0.2316029,-0.29060233,0.8168464447892974,1.0
CEP164,-0.23169613,-0.19675241,0.8167740340271094,1.0
CTNNA2,-0.2317036,-0.86522615,0.8167682412336906,1.0
GLTP,-0.23172596,-0.172032,0.8167508629134944,1.0
NPRL2,-0.23234496,-0.6097571,0.8162700984786969,1.0
AC009088.1,-0.23252393,-0.7126296,0.8161310951351478,1.0
SLU7,-0.23286699,-0.28748658,0.8158646882333855,1.0
COX14,-0.23287445,-0.37515417,0.8158588970152398,1.0
CLUAP1,-0.2328819,-0.15564099,0.8158531058071518,1.0
TMEM151B,-0.2328931,-0.2940943,0.8158444190138785,1.0
TLX2,-0.23312429,-0.40044022,0.8156648970213349,1.0
AC093523.1,-0.23321378,-0.5827817,0.8155954072341354,1.0
MAFG-DT,-0.2332287,-0.41835347,0.8155838257439225,1.0
NDUFB11,-0.23325479,-0.14204122,0.8155635582329956,1.0
RIOX1,-0.23327345,-0.79446137,0.8155490815150246,1.0
TUB,-0.23339276,-0.5132565,0.8154564320111579,1.0
AC136424.2,-0.23349717,-0.5515233,0.8153753658117855,1.0
TAL2,-0.23360159,-0.50744563,0.8152943015886985,1.0
MARCH4,-0.23363514,-22.35005,0.8152682456511235,1.0
NPIPA1,-0.23364632,-0.28615096,0.8152595603839965,1.0
ZFP69B,-0.23370598,-0.22150998,0.8152132393427324,1.0
AC010727.1,-0.23381785,-1.3214974,0.8151263891312882,1.0
SYT14,-0.23391853,-0.16859545,0.8150482258832119,1.0
HIST1H3J,-0.23420939,-0.6678492,0.814822431287145,1.0
ZNF232,-0.23423176,-0.55802506,0.814805063108899,1.0
RNF157-AS1,-0.23428395,-0.21160404,0.8147645377136299,1.0
PSMB6,-0.23443311,-0.13169257,0.8146487536014649,1.0
C7orf31,-0.23446295,-0.3644115,0.8146255972647759,1.0
CCDC170,-0.23447786,-1.0971923,0.8146140191571651,1.0
MMP21,-0.23452634,-0.10198582,0.8145763905870942,1.0
LINC02728,-0.23470905,-0.39804882,0.8144345636686771,1.0
ARHGEF18,-0.23501481,-0.10073863,0.8141972342700696,1.0
ZNF32-AS3,-0.23510058,-1.113239,0.8141306693296455,1.0
ZNF687,-0.23530194,-0.10243251,0.8139743917015487,1.0
H2AFV,-0.23546973,-0.103204265,0.8138441660005744,1.0
ADCY6,-0.23565617,-0.39789128,0.8136994768120385,1.0
AL109824.1,-0.23604771,-0.037600398,0.8133956502137529,1.0
GPR176,-0.23631991,-0.2352798,0.8131844349320857,1.0
SRRM1,-0.23632364,-0.057574473,0.8131815416663626,1.0
RAB8A,-0.23652127,-0.13429661,0.8130282022324503,1.0
MAJIN,-0.23653619,-2.912465,0.8130166297357976,1.0
AL355613.1,-0.23660703,-0.39832175,0.8129616609342973,1.0
NXT1,-0.23670025,-0.330007,0.8128893349678078,1.0
ZNF799,-0.23696874,-0.81991786,0.8126810451029665,1.0
PCDHGB6,-0.23702839,-2.2155168,0.8126347602653743,1.0
AC100839.1,-0.23706569,-0.028023612,0.8126058325742492,1.0
UBB,-0.23728941,-0.08534855,0.8124322717988408,1.0
COL17A1,-0.23756908,-0.47695908,0.8122153337876379,1.0
CSTF1,-0.23784874,-0.1424077,0.8119984101892197,1.0
AL157834.1,-0.23796807,-2.4910085,0.8119058605111132,1.0
HSBP1L1,-0.23800908,-0.19838142,0.8118740471661391,1.0
SRPX2,-0.23829249,-0.7169293,0.8116542543619826,1.0
WDR33,-0.23834841,-0.011597643,0.8116108759565155,1.0
EIF1AD,-0.2385796,-0.48312885,0.8114315846837407,1.0
MCF2L-AS1,-0.23894502,-22.188313,0.8111482089733482,1.0
AL096712.2,-0.23901588,-0.2724629,0.8110932716470112,1.0
AC090519.2,-0.23905316,-1.083681,0.8110643576383754,1.0
FOXF2,-0.2391091,-0.8775142,0.81102098710869,1.0
GAU1,-0.23913147,-1.4567864,0.8110036390592186,1.0
VIT,-0.23915385,-1.4378681,0.8109862911025612,1.0
CFAP61,-0.23917249,-2.471643,0.8109718345429187,1.0
SRP54,-0.23948571,-0.060276378,0.8107289739833898,1.0
FBRS,-0.2396274,-0.48065254,0.8106191144753562,1.0
AC244213.1,-0.23966096,-0.55005586,0.8105930956644605,1.0
PCSK2,-0.23974301,-2.4073827,0.8105294950077602,1.0
MED7,-0.23990707,-0.54828626,0.8104022974472801,1.0
RELN,-0.2399369,-2.7084348,0.8103791711559047,1.0
SLC26A3,-0.23995182,-1.1131781,0.8103676080722882,1.0
AC007163.1,-0.24013826,-1.2799253,0.8102230730196405,1.0
ADGRF3,-0.24067521,-0.14474507,0.8098068482392713,1.0
PHYHIPL,-0.24093623,-0.38689682,0.8096045361697285,1.0
TRPM6,-0.24095115,-0.47635415,0.8095929758641985,1.0
CES2,-0.2409959,-0.19696772,0.8095582951968965,1.0
PRSS53,-0.24117488,-0.3723084,0.8094195762681695,1.0
CPEB1,-0.24117862,-0.20877066,0.8094166863541468,1.0
AC093581.1,-0.24128301,-0.94286776,0.8093357698168221,1.0
AQP1,-0.24146946,-1.0060526,0.8091912810707435,1.0
MPHOSPH8,-0.24155895,-0.049455244,0.8091219287828291,1.0
MYPOP,-0.24171929,-0.18525203,0.8089976763500174,1.0
SLC9A3R2,-0.24172676,-1.0026342,0.8089918972842726,1.0
TFR2,-0.24180134,-1.5312845,0.8089341071998686,1.0
ADHFE1,-0.24180879,-0.3920835,0.8089283282487392,1.0
AC145207.4,-0.2418237,-2.5668092,0.8089167703777451,1.0
GAMT,-0.24201387,-0.27434722,0.8087694111776174,1.0
ENC1,-0.2422749,-0.7760658,0.808567164495437,1.0
LINC02579,-0.24232337,-2.2522416,0.8085296058050674,1.0
AC002066.1,-0.2425322,-1.6642462,0.8083678195681436,1.0
LPP-AS1,-0.24263659,-0.57041335,0.8082869295217872,1.0
AC106820.2,-0.24266642,-1.0214517,0.808263818456314,1.0
AC007100.1,-0.24298711,-0.90161115,0.8080153850724341,1.0
C21orf91-OT1,-0.24311389,-0.33226264,0.8079171725609465,1.0
AC084816.1,-0.24331152,-0.66004133,0.8077640826248536,1.0
NUFIP1,-0.24340847,-0.16531894,0.8076889845924802,1.0
ELL,-0.24352406,-0.14112787,0.807599446947016,1.0
AC005329.1,-0.24353898,-0.46233115,0.807587893886008,1.0
GNG3,-0.24362475,-0.4500176,0.8075214645996939,1.0
SMG9,-0.24373288,-0.32043412,0.8074377079127132,1.0
COLGALT1,-0.24375898,-0.20148917,0.80741749111207,1.0
TRAPPC6B,-0.24378881,-0.15810837,0.8073943863545571,1.0
OLFM1,-0.24392678,-0.747088,0.8072875290370274,1.0
NAGPA,-0.24418034,-0.4003571,0.8070911519947599,1.0
AC002550.2,-0.24425492,-22.22344,0.8070333963544809,1.0
AC002458.1,-0.24435933,-1.4141874,0.8069525402256137,1.0
AC017006.2,-0.24444883,-0.56402916,0.8068832366141361,1.0
AC115284.4,-0.24447492,-1.1522319,0.8068630233463486,1.0
LINC00884,-0.24457933,-1.2301388,0.8067821715651897,1.0
SQSTM1,-0.24465017,-0.14900608,0.8067273090323208,1.0
C4orf36,-0.24472103,-3.7439313,0.8066724474503778,1.0
CRNKL1,-0.24485527,-0.10494811,0.8065685017985785,1.0
CELSR1,-0.24503052,-2.39065,0.8064328001176129,1.0
TMEM17,-0.24513493,-2.5761905,0.8063519593326374,1.0
PKN1,-0.24514239,-0.13497356,0.8063461850700151,1.0
ZC3H3,-0.24519832,-0.10087194,0.8063028784368573,1.0
EDRF1-AS1,-0.24528408,-0.15398881,0.8062364760862712,1.0
AC011498.3,-0.24532883,-3.2016582,0.8062018319361061,1.0
TCEAL8,-0.2453773,-0.99751467,0.8061643012025935,1.0
ELP5,-0.24565697,-0.37519482,0.8059477864595518,1.0
OXLD1,-0.24579494,-0.3948744,0.8058409779977159,1.0
LINC00839,-0.24589188,-0.7380479,0.8057659255696493,1.0
AK6,-0.24589561,-0.092656806,0.805763038973527,1.0
MXRA7,-0.24592544,-0.1057683,0.8057399462998337,1.0
TEX30,-0.24599257,-0.5448155,0.8056879884034621,1.0
BBOF1,-0.2460858,-0.31186268,0.8056158260817012,1.0
ANKRD44,-0.24613427,-0.12940626,0.8055783023285694,1.0
AC130650.1,-0.24620138,-0.06403195,0.8055263471018272,1.0
C6orf47,-0.24625358,-1.7020762,0.8054859380745799,1.0
AC092828.1,-0.24637663,-0.087956734,0.8053906902801828,1.0
THOC6,-0.2464885,-0.9071609,0.8053041038819199,1.0
ZNF416,-0.24664138,-1.5063049,0.8051857729988907,1.0
CA2,-0.24664885,-0.7288867,0.8051800008748073,1.0
HLA-C,-0.24668613,-0.5139265,0.8051511404136581,1.0
AXL,-0.24673833,-1.7805623,0.8051107362140535,1.0
AC004974.1,-0.24682783,-0.73266524,0.8050414730827319,1.0
AC010883.1,-0.24683529,-0.9219452,0.8050357012241751,1.0
GRIN2B,-0.24687257,-1.3481864,0.8050068420907711,1.0
AC011257.1,-0.24690986,-22.229437,0.8049779832230294,1.0
RDM1,-0.24690986,-22.454704,0.8049779832230294,1.0
TMEM54,-0.2469919,-0.8434235,0.8049144946493139,1.0
SDC4,-0.24703665,-0.5468417,0.8048798650603673,1.0
CDH4,-0.24705529,-1.4948328,0.804865436177946,1.0
AL358777.1,-0.2470963,-0.8812098,0.804833692870571,1.0
BRCC3,-0.24713732,-0.1368793,0.8048019498849207,1.0
LINC00570,-0.24720818,-1.6269596,0.8047471218494529,1.0
PRR7-AS1,-0.24720818,-0.83079356,0.8047471218494529,1.0
AP000223.1,-0.24729766,-1.7571367,0.8046778667561971,1.0
AC110015.1,-0.24745427,-1.9797071,0.8045566740313429,1.0
AGBL4,-0.24752885,-0.2533533,0.8044989648605612,1.0
C2CD2L,-0.24753632,-1.0050346,0.8044931940020695,1.0
ZCCHC4,-0.2477153,-0.11885158,0.804354696594956,1.0
NUDT16L1,-0.24802852,-0.1861872,0.8041123409105165,1.0
TSC2,-0.24808446,-0.2079497,0.8040690650902915,1.0
TMEM216,-0.24831937,-0.40252376,0.803887313204219,1.0
RERG-AS1,-0.24837157,-0.759678,0.8038469253356664,1.0
CASP6,-0.24837904,-0.43309444,0.8038411556829046,1.0
PPARGC1A,-0.24903159,-0.22053203,0.8033363524799096,1.0
TRIM68,-0.24934854,-1.1807687,0.8030911919368117,1.0
ERVK3-1,-0.24946412,-0.07085439,0.8030017852649538,1.0
TRIB2,-0.24946786,-1.2861702,0.8029989012216833,1.0
CAMTA2,-0.24953498,-0.2532579,0.802946988901614,1.0
AC026803.3,-0.24963565,-0.249077,0.8028691220518034,1.0
HCG11,-0.24989295,-0.9066121,0.8026701378840263,1.0
UBXN11,-0.24993396,-0.56794024,0.80263841695233,1.0
AC112178.1,-0.24995634,-3.3665752,0.8026211147630106,1.0
PRKAR2A,-0.24999735,-0.05716676,0.8025893943339018,1.0
CACNA1G,-0.250057,-1.8492734,0.8025432561085812,1.0
AL139286.3,-0.25013906,-0.033487663,0.802479817172699,1.0
AC010327.8,-0.2502099,-0.8624334,0.8024250300483806,1.0
KIF1BP,-0.2502994,-0.33850554,0.8023558266479962,1.0
PPT2,-0.2503889,-0.34111482,0.8022866247977452,1.0
AL121933.2,-0.25039262,-1.159686,0.8022837414209657,1.0
AL161449.2,-0.250415,-2.4733224,0.8022664412168257,1.0
AC072022.2,-0.25042617,-0.3055979,0.8022577911511021,1.0
GLIS2,-0.2504299,-0.49691737,0.8022549078012458,1.0
RABGGTB,-0.25054923,-0.15014589,0.8021626420277,1.0
AC078778.1,-0.25069466,-0.3418442,0.8020501968457703,1.0
AC007319.1,-0.25089228,-1.3352971,0.8018973932980307,1.0
TMEM8A,-0.25100788,-0.39474156,0.8018080211493989,1.0
CCAR1,-0.25107127,-0.050713133,0.8017590117171305,1.0
AC123512.1,-0.2511794,-0.69240993,0.8016754091918165,1.0
GRID1,-0.2512279,-1.0436574,0.8016379329347746,1.0
AC108519.1,-0.25128755,-1.2077026,0.8015918089372612,1.0
AL357054.5,-0.2513845,-0.5581905,0.8015168589162034,1.0
AL359636.2,-0.25139195,-0.7207499,0.8015110936056195,1.0
EGOT,-0.25152618,-0.19614527,0.801407319863713,1.0
JMJD7,-0.25160077,-0.31575087,0.801349669298759,1.0
PLP2,-0.25166044,-0.48044285,0.8013035496256232,1.0
ENY2,-0.2518506,-0.19630326,0.8011565477895964,1.0
TNIP2,-0.25186923,-0.22779231,0.8011421362237633,1.0
MIR3659HG,-0.25206316,-0.17063668,0.800992259951767,1.0
UGT8,-0.25206688,-1.5843999,0.8009893777875379,1.0
LINC01483,-0.25206688,-0.6844212,0.8009893777875379,1.0
STXBP2,-0.25207806,-0.8032324,0.8009807313111044,1.0
AL358472.3,-0.2521079,-1.930675,0.8009576741598192,1.0
B9D2,-0.2522384,-0.6347805,0.8008568011620374,1.0
SHANK2,-0.25228688,-0.3601859,0.8008193348942377,1.0
LRATD2,-0.25229433,-0.9488649,0.8008135708937041,1.0
TIMM23B,-0.25249195,-0.1957594,0.800660828832201,1.0
RFX2,-0.252533,-0.5679561,0.8006291286045153,1.0
MRPS18A,-0.2526374,0.031241657,0.8005484385976547,1.0
AL109955.1,-0.25286484,-0.6775577,0.800372657024433,1.0
AC007619.1,-0.2528723,-0.32150638,0.80036689386529,1.0
UBA5,-0.253014,-0.07337208,0.8002573959069189,1.0
ILF3-DT,-0.25304756,-0.24297614,0.8002314627548294,1.0
CREBZF,-0.25309232,-0.16327715,0.8001968855612926,1.0
AL365258.1,-0.2534801,-1.4087228,0.7998972329605197,1.0
MAGT1,-0.25355467,-0.16218023,0.7998396108358625,1.0
AC018809.2,-0.2536852,-0.42875,0.7997387747397138,1.0
LURAP1L-AS1,-0.2538157,-1.8403065,0.799637941982035,1.0
TNRC18,-0.25397232,-1.2594889,0.7995169470818635,1.0
EXO5,-0.25402078,-0.5224274,0.7994794972546199,1.0
TUT1,-0.25435266,-0.25488323,0.7992231223654689,1.0
IRAK2,-0.2547852,-1.2912588,0.7988890033119085,1.0
IL1B,-0.2548747,-22.248081,0.7988198798269724,1.0
GLYCTK-AS1,-0.2548747,-22.43142,0.7988198798269724,1.0
VKORC1,-0.25494927,-0.07031127,0.7987622781272193,1.0
U91328.2,-0.25497538,-2.3384259,0.7987421177910297,1.0
AL356608.3,-0.25506115,-1.4840918,0.7986758776311691,1.0
CYB5D2,-0.2550947,-0.21610749,0.7986499579630207,1.0
ADH1A,-0.25510216,-2.5831842,0.7986441980668986,1.0
AC004828.2,-0.25515437,-2.8960845,0.7986038791008852,1.0
IPO4,-0.25525504,-0.436832,0.7985261226117043,1.0
FRS3,-0.25534454,-1.2162848,0.7984570074099329,1.0
MB21D2,-0.25541165,-0.03581785,0.7984051720450328,1.0
PRDX3,-0.2554601,-0.22115223,0.798367735945231,1.0
SYNJ1,-0.25547504,-0.049830068,0.7983562172385538,1.0
MYH15,-0.25554588,-0.77896416,0.7983015039812806,1.0
TSPOAP1,-0.25558692,-0.07257975,0.7982698283377032,1.0
TMEM246-AS1,-0.25559437,-0.6754395,0.7982640691654556,1.0
TMC4,-0.2556391,-0.5969796,0.7982295143625144,1.0
SMAD2,-0.25576216,0.008971335,0.7981344906927137,1.0
TIMM10,-0.2557659,-0.28465664,0.7981316112342459,1.0
PFKFB2,-0.2557771,-0.26258686,0.7981229728753196,1.0
PLIN2,-0.2559859,-0.55709857,0.7979617280466579,1.0
GPR137C,-0.25688827,-0.35439327,0.7972650192220003,1.0
ZNF615,-0.2571642,-0.28065765,0.7970520082431436,1.0
AL445248.1,-0.2572388,-0.07758597,0.7969944403022751,1.0
AC106743.1,-0.25768626,-0.9951902,0.7966490558595047,1.0
AL049552.2,-0.25790253,-1.292616,0.7964821343166817,1.0
PAMR1,-0.2580032,-1.5313098,0.7964044326359183,1.0
NME4,-0.25810015,-0.09641065,0.7963296107027462,1.0
TRADD,-0.25823066,-2.2788653,0.7962288918262761,1.0
ZNF236,-0.2583761,-0.07032852,0.7961166662195286,1.0
ARHGEF17,-0.2584022,-0.6804304,0.7960965236081903,1.0
TWF1,-0.25849542,-0.2989709,0.7960245868196854,1.0
SGSM2,-0.25859982,-0.29282552,0.7959440196745527,1.0
ARRDC2,-0.2586222,-1.2327251,0.7959267555692896,1.0
KLHL20,-0.25863338,-0.12020251,0.7959181235541175,1.0
VPS25,-0.2587788,-0.17083889,0.7958059096299054,1.0
AC244102.4,-0.25881982,-0.9047107,0.7957742603121248,1.0
PRPF6,-0.2588683,-0.12807953,0.7957368570061121,1.0
NSMCE3,-0.25892425,-1.8586981,0.7956936999285602,1.0
CDK9,-0.25904354,-0.5144204,0.7956016335855377,1.0
THRSP,-0.25925982,-2.3889422,0.7954347705929092,1.0
ZNF660,-0.25953576,-0.13750246,0.7952218900142021,1.0
SETD1A,-0.25988626,-0.1534544,0.7949514961279878,1.0
CAMSAP3,-0.25999814,-0.2531377,0.7948652053900445,1.0
ELOC,-0.2600727,-0.17826873,0.7948076796256411,1.0
EMC1,-0.2600951,-0.093126185,0.7947904221138736,1.0
RAC3,-0.26012492,-0.021791933,0.7947674122543995,1.0
RAD21L1,-0.2601846,-22.398277,0.7947213930711201,1.0
AL590723.1,-0.26019204,-1.4337788,0.7947156407234349,1.0
TAF10,-0.2602927,-0.20916909,0.7946379851222933,1.0
C19orf44,-0.26037103,-0.051926065,0.7945775877282943,1.0
AC008686.1,-0.2603934,-1.6488853,0.7945603315561703,1.0
AC018730.1,-0.26045308,-1.6209,0.7945143155886799,1.0
OSMR-AS1,-0.26049036,-0.43064085,0.7944855559720947,1.0
SLC9A3R1,-0.26049036,-0.31506148,0.7944855559720947,1.0
POLDIP2,-0.2605351,-0.32133475,0.7944510448009372,1.0
ISL2,-0.26069918,-0.709313,0.7943245072826552,1.0
AC073957.1,-0.26085952,-0.09702767,0.7942008508461773,1.0
RNH1,-0.2608968,-0.1395959,0.7941720942765143,1.0
PPP2R5B,-0.26151207,-0.50307375,0.7936976512946187,1.0
TKT,-0.26168358,-0.14475991,0.7935653959413023,1.0
AC009970.1,-0.26180664,-1.1894944,0.7934705207575323,1.0
BAG6,-0.26207885,-0.12679844,0.7932606562118503,1.0
CLP1,-0.26211613,-0.041915048,0.7932319088095108,1.0
FAM227A,-0.26220563,-0.18473037,0.7931629161903395,1.0
AL035448.1,-0.26239952,-0.23519775,0.793013437736628,1.0
VAC14-AS1,-0.26253375,-0.2903239,0.7929099571080798,1.0
AL133243.3,-0.2626009,-0.021480668,0.7928582181612553,1.0
LSMEM2,-0.26261207,-0.30374685,0.7928495950921046,1.0
LINC00582,-0.26274258,-0.53507155,0.7927489944907097,1.0
KIAA1324,-0.26275003,-0.49295163,0.7927432459890922,1.0
ROM1,-0.26276496,-0.6724643,0.7927317490196502,1.0
AL021978.1,-0.26281342,-0.6088445,0.7926943841801676,1.0
THG1L,-0.26285446,-0.6812572,0.7926627681493291,1.0
COL24A1,-0.26292157,-1.1016467,0.7926110335614263,1.0
HSCB,-0.26305208,-0.26042536,0.7925104411430748,1.0
TBL3,-0.26308936,-0.2496744,0.79248170108634,1.0
MEA1,-0.26327953,-0.31809604,0.7923351311834359,1.0
TNN,-0.2636897,-2.673205,0.7920190250098045,1.0
AC099329.1,-0.26380903,-1.6507196,0.7919270732673973,1.0
PTRHD1,-0.2638165,-0.58174676,0.7919213263795895,1.0
PCDHGA8,-0.26398802,-1.7727437,0.7917891510812884,1.0
SETD1B,-0.26407006,-0.40123427,0.7917259389236161,1.0
BBS7,-0.26417074,-0.18044919,0.7916483622380479,1.0
CIITA,-0.26417446,-0.52806467,0.7916454890670899,1.0
SELENOS,-0.2641819,-0.027982965,0.791639742733665,1.0
MLF1,-0.26424158,-0.27240306,0.79159377247386,1.0
LINC01414,-0.2643087,-0.3673482,0.7915420567978536,1.0
BMP6,-0.26448023,-1.1363486,0.7914098986833606,1.0
DEPDC7,-0.2646294,-0.44444868,0.7912949834569754,1.0
BFSP1,-0.2647487,-1.8575066,0.7912030545414438,1.0
MRPL39,-0.2649053,-0.114736505,0.7910824022471288,1.0
AC073626.1,-0.2649538,-0.38085794,0.7910450585036604,1.0
ABCE1,-0.2650582,-0.07927113,0.7909646274545576,1.0
EFNA5,-0.26516634,-0.0023352029,0.7908813262144903,1.0
MOB1A,-0.26524836,-0.15937583,0.7908181337635762,1.0
CCDC173,-0.2654348,-0.7497606,0.7906745196713159,1.0
GFI1B,-0.26546463,-1.6062225,0.7906515420759683,1.0
RRAGD,-0.26563245,-0.14077556,0.7905222964931041,1.0
MAK16,-0.26567346,-0.124713674,0.7904907040044695,1.0
SERPINE2,-0.26572567,-0.5328401,0.7904504958804871,1.0
NDUFS3,-0.26598296,-0.17712161,0.7902523354200908,1.0
APLP1,-0.26599786,-1.3748705,0.7902408482729004,1.0
GPRC5B,-0.26609856,-1.0791807,0.7901633112215511,1.0
AC073332.1,-0.26627007,-0.2060808,0.7900312158445774,1.0
SNHG16,-0.266326,-0.055848114,0.7899881425693481,1.0
AC004832.5,-0.26639313,-1.5612997,0.7899364554860363,1.0
OSBPL10-AS1,-0.26639685,-1.5990611,0.7899335840085033,1.0
NRAV,-0.26643413,-0.6092114,0.789904869390061,1.0
NECAP2,-0.266546,-0.22863038,0.7898187272465423,1.0
DAGLA,-0.26659077,-1.2668779,0.7897842711082566,1.0
VANGL1,-0.26663923,-0.5590497,0.7897469440889433,1.0
HMCN1,-0.2669711,-1.484804,0.7894914105343379,1.0
AMZ1,-0.266986,-0.008789876,0.7894799264116108,1.0
C12orf60,-0.26759756,-0.13482013,0.789009116782357,1.0
FGF22,-0.26761246,-0.36880088,0.7889976345824199,1.0
AC005670.1,-0.26784366,-1.589687,0.7888196663455902,1.0
ELOVL2-AS1,-0.26786602,-0.96151173,0.7888024441976756,1.0
LINC01220,-0.268004,-0.5678051,0.7886962432332065,1.0
AL512604.2,-0.26802263,-0.8206149,0.788681892052659,1.0
MAD2L1BP,-0.2680935,-0.45500913,0.7886273582206492,1.0
LDHC,-0.26814944,-22.542048,0.7885843059270273,1.0
AC025178.1,-0.26823145,-0.15915094,0.7885211637310989,1.0
SPTLC3,-0.26830977,-0.055481672,0.7884608929310699,1.0
CIPC,-0.2684701,-0.2824564,0.788337485244348,1.0
CLN8,-0.2686006,-0.28155488,0.7882370410487607,1.0
AP006621.4,-0.26902196,-0.8352194,0.7879127738316445,1.0
STXBP3,-0.2691935,-0.10816171,0.7877807817712648,1.0
ZNF577,-0.26944333,-0.12449701,0.7875885433698405,1.0
TRIM46,-0.26954773,-0.956304,0.7875082087667247,1.0
KIAA0100,-0.26966333,-0.15696098,0.7874192695218787,1.0
AC012073.1,-0.26973045,-2.2020864,0.7873676286518558,1.0
TNFRSF6B,-0.26979756,-0.70344174,0.7873159887167381,1.0
TAB2,-0.27037182,-0.094724834,0.7868742186296699,1.0
MTUS2,-0.27046132,-1.13794,0.7868053775169863,1.0
ARR3,-0.2705135,-1.5790255,0.786765220970695,1.0
C12orf10,-0.27055082,-0.40053195,0.7867365380705311,1.0
TMEM51-AS1,-0.2709386,-1.0862863,0.7864382530692171,1.0
LINC02827,-0.27098334,-1.6659688,0.7864038375849284,1.0
EHHADH,-0.27105048,-0.1584223,0.7863522151409568,1.0
SLC25A20,-0.27120334,-0.012763499,0.786234634191439,1.0
HSPA13,-0.27128538,-0.46625948,0.7861715439842395,1.0
AC138649.1,-0.27135995,-4.5514326,0.7861141904687994,1.0
TOMM40,-0.271401,-0.101355955,0.786082646530022,1.0
ELMOD3,-0.2715837,-0.22728787,0.7859421368876517,1.0
NTPCR,-0.27159116,-0.16834383,0.7859364019482763,1.0
ZBTB38,-0.27186337,-0.572757,0.7857270846130372,1.0
FBXO22,-0.27186337,-0.027608734,0.7857270846130372,1.0
AL021707.2,-0.27196777,-0.6632485,0.7856468026210669,1.0
PSENEN,-0.27201998,-3.5740013,0.7856066624798894,1.0
NAT8L,-0.2722176,-0.35133424,0.7854547085383623,1.0
TAP1,-0.27232948,-0.83669424,0.7853687004961376,1.0
LINC02585,-0.27240404,-0.19564864,0.7853113632568908,1.0
PANX1,-0.27259794,-0.21906826,0.7851622918868503,1.0
C5orf56,-0.27278438,-0.044452965,0.7850189614614732,1.0
RARG,-0.27313116,-0.78198,0.7847523862621594,1.0
AC105389.2,-0.27315354,-0.66806066,0.7847351887288866,1.0
AC005785.1,-0.273161,-2.0436184,0.7847294562411506,1.0
UBE2O,-0.2731722,-0.04765614,0.7847208575314429,1.0
LSM10,-0.27317593,-0.64339685,0.7847179913007128,1.0
ZRANB1,-0.27329525,-0.10377702,0.7846262734591197,1.0
TMEM266,-0.2733288,-0.07696591,0.7846004783550102,1.0
AP003110.1,-0.27370915,-0.031656276,0.7843081503848627,1.0
DNPH1,-0.2737576,-0.20913766,0.7842708950840236,1.0
AC002398.1,-0.27381727,-1.8440866,0.7842250430847664,1.0
RELB,-0.2740932,-0.7051185,0.7840129873340823,1.0
ATG12,-0.27417153,-0.028176272,0.7839528122715144,1.0
GLUL,-0.2742461,-0.21775681,0.7838955038891978,1.0
SVIL,-0.27432066,-0.2867248,0.7838381966789677,1.0
KCNJ14,-0.27439526,-0.32425627,0.7837808906411188,1.0
DCST2,-0.27447727,-0.96950203,0.7837178553539372,1.0
WASL,-0.27470103,-0.04174922,0.7835459481494496,1.0
C6orf201,-0.27478305,-0.5469264,0.783482918154492,1.0
ZNF446,-0.27488375,-1.5495927,0.783405565102568,1.0
AC022150.4,-0.27498814,-1.1822215,0.783325349383921,1.0
MPP3,-0.27499187,-0.49265778,0.783322484579416,1.0
YWHAG,-0.27509254,-0.057263747,0.7832451359683099,1.0
AL118516.1,-0.27510747,-0.59256196,0.783233677096987,1.0
CTBP1-AS,-0.27521187,-0.25241664,0.7831534663144069,1.0
FSCN1,-0.275279,-0.16811909,0.7831019034568989,1.0
SPATA5L1,-0.27543932,-0.10713677,0.7829787293762788,1.0
AC018628.2,-0.27581593,-0.20149586,0.7826894349118982,1.0
DRAP1,-0.27596882,-0.21136467,0.7825720071180102,1.0
LINC02487,-0.27611426,-22.481255,0.7824603121068239,1.0
HIST1H1D,-0.2761441,-0.4215474,0.7824374008639342,1.0
AC093827.4,-0.27630815,-0.29955256,0.7823113924021501,1.0
KLHL32,-0.27641258,-0.30425468,0.7822312081731766,1.0
WASHC5-AS1,-0.27677053,-0.17247145,0.7819563083895977,1.0
SULT1A2,-0.27703154,-0.38981822,0.7817558777982083,1.0
ACSL1,-0.27725902,-0.2730149,0.7815812286713568,1.0
C16orf95,-0.27736342,-0.3657441,0.781501065546623,1.0
CXCL3,-0.27745292,-2.0632505,0.78143235614447,1.0
AL512288.1,-0.27749392,-0.6568331,0.781400864905277,1.0
MAFG,-0.27757224,-0.18299334,0.7813407462621791,1.0
B4GALT4-AS1,-0.27767664,-0.47628513,0.7812605901040822,1.0
AC009065.8,-0.27850446,-0.9699314,0.7806251485978252,1.0
STARD7,-0.27854174,-0.09000808,0.7805965285513122,1.0
SLC25A23,-0.27859396,-0.42324767,0.780556460985596,1.0
LRRC57,-0.27878413,-0.1743786,0.7804105054962868,1.0
NCAPH2,-0.27888107,-0.3512025,0.780336099793099,1.0
GDA,-0.27897057,-1.555769,0.7802674193910796,1.0
HINT2,-0.27903023,-0.48114744,0.7802216334089455,1.0
CAV1,-0.27914208,-3.178184,0.7801357867469609,1.0
ST3GAL1,-0.27945903,-2.0276685,0.7798925690986636,1.0
ATP6V1F,-0.27951124,-0.2700826,0.7798525117869498,1.0
CDH22,-0.27953735,-0.71709394,0.7798324833502728,1.0
ZNF215,-0.27962685,-0.17089166,0.7797638155340445,1.0
AL133415.1,-0.27985802,-0.49569267,0.7795864316300607,1.0
PLCD3,-0.2799587,-0.2640991,0.7795091873875093,1.0
TMEM60,-0.2801899,-0.7875051,0.7793318199604221,1.0
TMEM248,-0.28027192,-0.073752314,0.7792688858926503,1.0
AL139193.2,-0.2809394,-1.1896355,0.7787568852480702,1.0
CDK2,-0.28110346,-0.65731835,0.7786310450320931,1.0
KLF15,-0.28112584,-0.42535907,0.7786138854522378,1.0
ATG4D,-0.28112957,-0.12320886,0.7786110255327545,1.0
AL596223.1,-0.28120413,-0.8049692,0.7785538277727263,1.0
LSM12,-0.28138313,-0.10725783,0.7784165580431921,1.0
THOC7,-0.28151736,-0.15149413,0.7783136102826025,1.0
CTDSP2,-0.28160685,-0.3188191,0.7782449806034254,1.0
AP005329.1,-0.2817709,-3.0889022,0.7781191640173595,1.0
AL117350.1,-0.28181568,-0.570557,0.7780848514122998,1.0
AL139220.2,-0.2818343,-0.4836965,0.7780705546212237,1.0
AC020917.2,-0.28214008,-0.6233904,0.7778360979695724,1.0
ACTR6,-0.2824906,-0.17372914,0.777567355471364,1.0
HIST1H4E,-0.2825055,-0.70498466,0.7775559202103931,1.0
GALNT4,-0.28258756,-1.0065063,0.777493027136414,1.0
TCEANC,-0.28317672,-1.5121093,0.7770413833732143,1.0
TVP23C,-0.28318045,-0.5263606,0.777038525108172,1.0
INAFM2,-0.28330722,-0.9497249,0.7769413458927709,1.0
KMT2E-AS1,-0.28334078,-0.25209308,0.7769156225670055,1.0
AC116158.3,-0.28376213,-0.5961139,0.7765926727449701,1.0
LTN1,-0.28400823,-0.08359265,0.7764040650437118,1.0
MRC1,-0.28401944,-1.3896295,0.7763954922795209,1.0
RTL9,-0.28406417,-0.3376923,0.7763612014951401,1.0
MEAF6,-0.2841313,-0.17129552,0.7763097661358279,1.0
TMEM214,-0.28419468,-0.0012189075,0.7762611891971458,1.0
RNLS,-0.2842879,-1.0838994,0.7761897541124118,1.0
SNX5,-0.28457877,-0.09993276,0.7759668888181371,1.0
POMK,-0.28500012,-0.42634943,0.77564405258899,1.0
TFPT,-0.28500012,-0.20951621,0.77564405258899,1.0
IFNK,-0.2850635,-1.7425207,0.7755954876601915,1.0
NOC4L,-0.285373,-0.37768185,0.7753583891424395,1.0
GXYLT2,-0.285552,-0.13137558,0.7752212814825954,1.0
NVL,-0.2857235,-0.045803823,0.7750898932173131,1.0
AC026356.1,-0.28582418,-1.0693034,0.7750127770168272,1.0
SPATA2,-0.2858354,-0.54671514,0.7750042086870752,1.0
AC009097.1,-0.28597334,-0.09505597,0.7748985348731081,1.0
MRPL28,-0.2861859,-0.43182936,0.7747357482381554,1.0
CFTR,-0.28624183,-0.24911998,0.7746929112954247,1.0
SLCO1B3,-0.2862642,-0.5698531,0.7746757767103574,1.0
AL354928.1,-0.28630894,-0.5372822,0.7746415078694511,1.0
AIP,-0.2864991,-0.4351315,0.7744958701942226,1.0
AC131953.1,-0.28673404,-0.2837419,0.7743159757860656,1.0
ACSS3,-0.28678623,-0.29630566,0.7742760008961294,1.0
AC022168.1,-0.28685334,-1.6101435,0.7742246054884743,1.0
LINC00271,-0.2869876,-0.5244068,0.7741218176419603,1.0
CBX1,-0.2872076,-0.16515729,0.7739533683459656,1.0
HIST1H3D,-0.28725606,-2.0241985,0.7739162538300668,1.0
FAM13C,-0.28753573,-0.4854647,0.7737021417169507,1.0
AL162734.1,-0.2875581,-1.5951267,0.7736850134914635,1.0
AC008267.5,-0.2876625,-1.0328408,0.7736050832296782,1.0
MOV10,-0.28794965,-0.12166076,0.7733852873903151,1.0
DNASE1L2,-0.28803915,-1.7517283,0.7733167833099921,1.0
MYO1C,-0.2883337,-0.6177201,0.7730913031876888,1.0
GPR157,-0.2885015,-0.40579456,0.7729628737034517,1.0
OGFRL1,-0.28855,-0.5420477,0.7729257730097653,1.0
LY6E,-0.28868422,-0.63695914,0.7728230353358202,1.0
XBP1,-0.28871778,-0.3209962,0.772797351539342,1.0
SAR1B,-0.28885576,-0.18657471,0.7726917652130818,1.0
KHDRBS3,-0.28920254,-0.14853121,0.7724263911394764,1.0
WDR47,-0.2892883,-0.29333538,0.7723607650958635,1.0
DISC1FP1,-0.28938898,-22.527784,0.772283727904865,1.0
MAPK11,-0.28938898,-22.42031,0.772283727904865,1.0
TPI1,-0.28968355,-0.10661323,0.7720583356842243,1.0
SBNO1,-0.2897171,-0.066496044,0.7720326593094916,1.0
CCDC106,-0.28995204,-0.79137546,0.7718529316779204,1.0
SAMM50,-0.29025033,-0.16133048,0.7716247237575787,1.0
ABHD6,-0.29031748,-0.57954884,0.7715733796977842,1.0
APH1B,-0.29033983,-0.19001275,0.7715562652335036,1.0
RTL8A,-0.29063442,-0.7581156,0.771330935158441,1.0
R3HCC1,-0.29068288,-0.91845316,0.7712938573737633,1.0
DENND1A,-0.29072392,0.0072865724,0.7712624842717197,1.0
PMEL,-0.2907761,-2.1399128,0.771222555410199,1.0
AAGAB,-0.29086933,-0.16412595,0.7711512553793587,1.0
AL591623.1,-0.29096627,-0.40167427,0.771077105398128,1.0
LINC01504,-0.2910595,-0.28682384,0.7710058093118034,1.0
PNMA2,-0.29142493,-3.04525,0.7707263473130033,1.0
MFSD2B,-0.2914585,-0.16394766,0.7707006839270553,1.0
KIF3C,-0.2914697,-0.4867009,0.7706921295208533,1.0
PLK3,-0.29168594,-0.6077436,0.7705267498177812,1.0
BHLHE40-AS1,-0.29171577,-0.8261922,0.7705039396428146,1.0
MLKL,-0.292208,-0.84454596,0.7701276004276008,1.0
AC090159.1,-0.29229376,-2.7011437,0.7700620317050169,1.0
P2RX4,-0.29239815,-0.35498023,0.7699822111308354,1.0
TUBB6,-0.2925585,-0.10754916,0.7698596342796206,1.0
C10orf95,-0.29257342,-1.95612,0.7698482320741004,1.0
GSEC,-0.29291275,-1.0892811,0.769588845345349,1.0
AC011246.1,-0.29291275,-0.17255618,0.769588845345349,1.0
CSPG5,-0.29333037,-0.624413,0.7692696355337814,1.0
PAPOLG,-0.2942738,-0.11315595,0.7685487073774699,1.0
PAPPA-AS1,-0.29437074,-0.71032214,0.7684746312283128,1.0
RPN2,-0.29447514,-0.08754194,0.7683948592780899,1.0
TTTY14,-0.29459447,-0.043614466,0.7683036943382009,1.0
LINC02568,-0.29460937,-1.0064255,0.7682922989460121,1.0
AC097173.2,-0.29469886,-22.399029,0.7682239276445093,1.0
KCMF1,-0.29487786,-0.046596058,0.7680871904514722,1.0
C19orf25,-0.29500464,-0.27796242,0.7679903393058106,1.0
FRMD6,-0.29531786,-0.095193505,0.7677510755371035,1.0
DUSP16,-0.2955304,-0.05903253,0.7675887305824112,1.0
CHST3,-0.29558635,-2.5862029,0.7675460099204527,1.0
GPR34,-0.29560125,-0.30251366,0.7675346178632106,1.0
GPS1,-0.2957877,-0.2858573,0.7673922213863915,1.0
MRPL57,-0.29595175,-0.28754973,0.7672669189823029,1.0
USP42,-0.2959704,-0.081016526,0.7672526804576615,1.0
ADGRB2,-0.2959928,-0.927678,0.7672355943318048,1.0
KIF24,-0.29601514,-0.037111193,0.7672185083190969,1.0
SEC23A,-0.29605246,-0.18891563,0.7671900318827133,1.0
PIK3CD,-0.29608974,-0.75185645,0.7671615557606899,1.0
CEP85,-0.29609346,-0.16518587,0.7671587081657787,1.0
AC018695.2,-0.29616803,-1.4098929,0.7671017569278434,1.0
KAT2A,-0.2962128,-0.1688969,0.7670675867888501,1.0
ZNF649,-0.2962389,-0.3846022,0.7670476544169194,1.0
ITGA6-AS1,-0.29625008,-0.94486207,0.7670391120189866,1.0
RSPH4A,-0.2962687,-0.6325418,0.7670248747520094,1.0
UGDH,-0.29633585,-0.3500117,0.7669736212420829,1.0
AL365436.2,-0.29645514,-0.74523175,0.766882506408314,1.0
RPIA,-0.29654464,-0.06182929,0.7668141723980437,1.0
AP000708.1,-0.29657075,-1.80967,0.7667942419866239,1.0
OTUD7A,-0.2968355,-0.4513154,0.7665920993914581,1.0
RABEP1,-0.29688397,-0.051208235,0.7665550890871566,1.0
BAG4,-0.2968989,-0.045415852,0.7665437014083702,1.0
SMARCD1,-0.2970555,-0.17915376,0.7664241338261911,1.0
SLC39A3,-0.29723823,-0.802529,0.7662846453441491,1.0
RUNX1,-0.29744703,-0.5607588,0.766125239212289,1.0
TRIOBP,-0.2975999,-0.816714,0.766008537429002,1.0
CCDC58,-0.2976633,-0.19327843,0.7659601504417507,1.0
EPS8L2,-0.29770058,-0.5446119,0.7659316879345532,1.0
AC000068.1,-0.297805,-1.4171695,0.765851994595399,1.0
SRPX,-0.2978199,-0.6657227,0.7658406100349204,1.0
ZNF496,-0.29791686,-0.09001213,0.765766611624589,1.0
CUL3,-0.29796162,-0.021172892,0.7657324592329455,1.0
GPS2,-0.29808468,-0.44837192,0.7656385425039575,1.0
ZBTB11-AS1,-0.29827484,-1.6901468,0.7654934052444351,1.0
FKBP4,-0.29828602,-0.101670004,0.7654848680149079,1.0
DOCK4-AS1,-0.29828975,-0.23246542,0.7654820222780625,1.0
PGA3,-0.29855078,-0.46225873,0.7652828285665998,1.0
SKP1,-0.29855078,-0.08899061,0.7652828285665998,1.0
KHK,-0.29871485,-0.86552185,0.7651576290348201,1.0
MOCS1,-0.29887518,-0.765092,0.7650352808752116,1.0
BX842570.1,-0.29918095,-0.14165111,0.7648019820334586,1.0
ZDHHC15,-0.2992145,-0.12602647,0.7647763773623607,1.0
C16orf72,-0.2993413,-0.21713392,0.7646796509254306,1.0
PSTPIP1,-0.2995874,-0.46310705,0.764491898322107,1.0
PRAME,-0.2995874,-0.25149795,0.764491898322107,1.0
FAM72D,-0.29997146,-1.1994962,0.7641989181332163,1.0
ZNF317,-0.3002325,-0.28376883,0.7639998246450492,1.0
ANKLE1,-0.30030334,-0.18439601,0.7639457876755433,1.0
FOXP1-IT1,-0.30074707,-0.788074,0.763607371762786,1.0
GYS2,-0.30076945,-2.421954,0.7635903099709476,1.0
RAB34,-0.30120945,-0.3421064,0.763254784740099,1.0
AC016705.1,-0.30126166,-2.047191,0.763214979611448,1.0
FEZ2,-0.301422,-0.089941904,0.7630927249166206,1.0
CPNE8,-0.30171657,-2.5253155,0.76286813285516,1.0
TBC1D24,-0.30181724,-0.12516275,0.7627913781189278,1.0
CNPY3,-0.30210438,-0.118079245,0.7625724977946431,1.0
GAP43,-0.30224606,-1.2289169,0.7624644859287921,1.0
SLC7A2,-0.30232438,-0.048369776,0.7624047971452182,1.0
PDPK1,-0.3023281,-0.21798886,0.7624019548574342,1.0
IK,-0.30311117,-0.17175753,0.7618051454676236,1.0
AL136528.1,-0.30314472,-3.7190857,0.76177957108516,1.0
GUCY1B1,-0.30317456,-0.30421406,0.7617568385191684,1.0
BCL2L15,-0.3032081,-2.04276,0.7617312646281746,1.0
AL109840.2,-0.30336472,-2.2506664,0.7616119232447471,1.0
AC074325.1,-0.30343184,-0.2816998,0.7615607786730736,1.0
TRIR,-0.30343184,-0.26495716,0.7615607786730736,1.0
ITGA11,-0.3035176,-1.0573313,0.7614954287917601,1.0
RAB11FIP5,-0.3038905,-0.2914126,0.7612113186550022,1.0
OR52I1,-0.3040061,-3.8599217,0.7611232510476205,1.0
ZNF821,-0.30406576,-0.20444165,0.7610777980094379,1.0
KCNH1,-0.30413288,-0.024712496,0.7610266643270959,1.0
SPDYE21P,-0.30443117,-0.37756768,0.7607994161481866,1.0
PMP22,-0.30457288,-0.512077,0.7606914804912914,1.0
TPRA1,-0.30526644,-0.22081089,0.7601632310917862,1.0
CDH24,-0.30530372,-2.3724563,0.7601348337521995,1.0
AL035658.1,-0.30557594,-0.116049625,0.759927542969351,1.0
SYP-AS1,-0.30570644,-1.8481824,0.7598281630917041,1.0
ARMC6,-0.30593392,-0.16920608,0.7596549676400438,1.0
MED16,-0.3060122,-0.522065,0.759595345764621,1.0
SORBS1,-0.30610543,-0.66414416,0.7595243692043131,1.0
ADPRHL2,-0.30619493,-0.21882643,0.7594562336118389,1.0
ELP6,-0.30640748,-0.19253464,0.7592944190633534,1.0
FOXC1,-0.3065641,-0.95307887,0.759175194033487,1.0
LINC01948,-0.30661628,-3.791623,0.7591354536287441,1.0
CCDC178,-0.30690715,-0.7983897,0.7589140544496391,1.0
PHLDB3,-0.30711594,-0.2187842,0.7587551133791576,1.0
AC010996.1,-0.30715325,-1.8103349,0.758726732117533,1.0
C11orf74,-0.30726883,-0.14261822,0.7586387522723945,1.0
MROH6,-0.30748138,-0.16160029,0.7584769910357106,1.0
AC004233.3,-0.30766037,-1.1475792,0.7583407792460202,1.0
LINC01970,-0.30788037,-2.297027,0.7581733625307084,1.0
GNA14,-0.30791393,-1.5263627,0.7581478253843195,1.0
AC114737.1,-0.3080146,-0.78610116,0.7580712155285769,1.0
EBF4,-0.3080258,-1.0144757,0.7580627034690175,1.0
AC104982.2,-0.30808172,-1.0537479,0.7580201436111956,1.0
ARPC1B,-0.30808172,-0.19278198,0.7580201436111956,1.0
SPA17,-0.30809292,-1.1396061,0.7580116317276331,1.0
POLRMT,-0.30823833,-0.39630014,0.7579009799112613,1.0
FBXL19-AS1,-0.30824208,-1.805352,0.7578981427504107,1.0
AC011481.2,-0.3084136,-0.75489604,0.757767636877009,1.0
TSEN15,-0.30843225,-0.17736456,0.757753451871912,1.0
AL513164.1,-0.30852175,-0.29379752,0.7576853649829877,1.0
ONECUT2,-0.30858886,-0.26938516,0.7576343010499383,1.0
TOPORS,-0.30860376,-0.20512304,0.7576229536528836,1.0
CDK2AP1,-0.3087641,-0.26078555,0.7575009724337549,1.0
AP001267.3,-0.30884242,-0.28859288,0.7574414024050351,1.0
MMAB,-0.30892444,-0.07848707,0.7573789972534587,1.0
CDK11B,-0.30913326,-0.18435827,0.7572201549138948,1.0
HDGFL2,-0.30922276,-0.29365817,0.7571520827638948,1.0
UBTF,-0.30927497,-0.15327445,0.7571123748796196,1.0
RRP7A,-0.3095658,-0.32516497,0.7568911569773273,1.0
PLOD2,-0.30970004,-0.16327791,0.7567890631235806,1.0
AC100843.1,-0.30975226,-2.466368,0.7567493611043762,1.0
SPATA32,-0.30993497,-0.33083203,0.75661040909346,1.0
TTC1,-0.3099387,-0.1476752,0.7566075734200508,1.0
Z94721.3,-0.31000954,-0.77320486,0.7565536962479917,1.0
SPRYD7,-0.31007293,-0.13450052,0.7565054913602353,1.0
CNTN5,-0.31011397,-0.93419623,0.7564743004671555,1.0
OGDHL,-0.31030786,-1.0829303,0.7563268579806085,1.0
AC015712.1,-0.3103265,-0.7693053,0.7563126812858693,1.0
COL27A1,-0.3104682,-0.029553177,0.7562049410866986,1.0
SURF6,-0.31088582,-0.10544647,0.7558874186046189,1.0
OPCML,-0.3110387,-1.3604947,0.7557711930007773,1.0
BANP,-0.31160548,-0.12880187,0.7553403560792168,1.0
ZNF841,-0.31175464,-0.9312636,0.7552269905825608,1.0
AP4B1-AS1,-0.3119262,-0.19108129,0.7550966267782143,1.0
BRPF1,-0.31206414,-0.50552315,0.7549917739967547,1.0
CKS2,-0.31210142,-0.204449,0.7549634361820144,1.0
PCYT2,-0.3122133,-0.6322084,0.754878424716665,1.0
CLPP,-0.3128099,-0.10790607,0.7544250804022397,1.0
ZNF10,-0.31281736,-0.15179981,0.7544194141333572,1.0
AC004551.1,-0.31287703,-1.0583687,0.7543740844581993,1.0
MRPS33,-0.3132723,-0.1186882,0.7540737967390868,1.0
AL136419.3,-0.31328347,-1.0559328,0.7540652985708844,1.0
C11orf98,-0.31379434,-1.5432686,0.7536772473062546,1.0
AC004148.1,-0.31384653,-0.43214485,0.7536375959338709,1.0
QSOX2,-0.31393975,-0.11092723,0.7535667915276446,1.0
FGF18,-0.3139994,-1.3220991,0.7535214777950756,1.0
RPL39L,-0.3140218,-0.5865128,0.7535044853642081,1.0
THSD7A,-0.3140852,-0.77258325,0.7534563407917557,1.0
APC,-0.3141262,-0.09885725,0.7534251889321189,1.0
ISY1,-0.31421196,-0.13870654,0.7533600545226757,1.0
IMMP1L,-0.31424552,-0.04822876,0.7533345676228344,1.0
DCUN1D4,-0.31425673,-0.055579454,0.753326072049282,1.0
MTX1,-0.3143052,-0.31150782,0.75328925824235,1.0
AC010336.8,-0.31480113,-0.84072745,0.7529126569158742,1.0
LHFPL3,-0.3149913,-0.5495409,0.752768261470668,1.0
RAB38,-0.3151703,-0.35797378,0.7526323677762545,1.0
FAM53C,-0.31519267,-0.31044087,0.7526153816033636,1.0
ACTR10,-0.3153157,-0.030634236,0.7525219597937977,1.0
PDCL,-0.3153791,-0.39362347,0.7524738348215787,1.0
KIAA1841,-0.31544995,-0.2170575,0.7524200492264794,1.0
COPS7B,-0.31546858,-0.21035497,0.7524058953222819,1.0
SRPRB,-0.3154835,-0.41749892,0.7523945722588625,1.0
TMEM184C,-0.315573,-0.10362624,0.7523266349973339,1.0
PIGA,-0.31575572,-0.4747812,0.7521879357129493,1.0
AC137630.2,-0.31581163,-0.7246466,0.7521454783478307,1.0
C1orf122,-0.31593096,-0.8801672,0.7520549051422962,1.0
LRFN3,-0.3159384,-22.7445,0.7520492444303056,1.0
SPATC1L,-0.3160764,-0.14562917,0.7519445236645527,1.0
PES1,-0.3160913,-0.22585507,0.7519332027741843,1.0
AC006581.2,-0.3161174,-1.4488184,0.7519133913444715,1.0
PDIA3,-0.31627402,-0.08535152,0.7517945261994741,1.0
TEDC2,-0.31630757,-0.32395065,0.751769055862863,1.0
AL357079.1,-0.3163859,-0.5367566,0.7517096261289243,1.0
JUN,-0.31646046,-0.10868482,0.7516530277511603,1.0
SCNM1,-0.31649402,-0.21672992,0.7516275589169366,1.0
COX17,-0.31675878,-0.23958941,0.7514266476003945,1.0
AC090018.2,-0.3167886,-1.3480577,0.7514040107614719,1.0
RAP2B,-0.31698996,-0.47941205,0.7512512176949652,1.0
RABGAP1L-DT,-0.3169974,-1.1278566,0.7512455588797535,1.0
PLEKHG2,-0.31728455,-0.45818862,0.751027704668975,1.0
SREBF2-AS1,-0.3173293,-0.3057679,0.7509937551503871,1.0
ELOF1,-0.31736657,-1.0492526,0.7509654642531319,1.0
CREG2,-0.31746724,-2.3233757,0.7508890805029511,1.0
IGSF11-AS1,-0.31748217,-0.60548276,0.7508777645994293,1.0
DAXX,-0.3175381,-0.285057,0.7508353304384826,1.0
ARHGAP33,-0.3177805,-0.9323088,0.7506514577848507,1.0
AC009152.3,-0.31824657,-0.17546354,0.7502978963399581,1.0
AC012636.1,-0.3182876,-0.2458588,0.7502667854423222,1.0
VDAC1,-0.31851506,-0.13467376,0.7500942687462148,1.0
AC073316.3,-0.31877235,-1.0811744,0.749899141974514,1.0
AC015921.1,-0.31886184,-1.8587934,0.7498312755436622,1.0
AC110491.3,-0.31891406,-0.34078333,0.7497916876866296,1.0
SGPP2,-0.31912288,-0.62563,0.7496333428502293,1.0
PTP4A2,-0.3192795,-0.15212223,0.749514591146959,1.0
C1QBP,-0.31945845,-0.1620857,0.7493788821855649,1.0
DRC3,-0.3194883,-0.17966256,0.7493562647796117,1.0
GIGYF1,-0.31961507,-0.10678866,0.7492601432093313,1.0
NCOR2,-0.319712,-0.060044084,0.7491866411070747,1.0
AL358472.5,-0.31990594,-0.21025278,0.7490396437379231,1.0
HIP1R,-0.32000288,-0.09735029,0.7489661484722687,1.0
ERLEC1,-0.3200849,-0.14239025,0.7489039619514486,1.0
ARFRP1,-0.3202415,-0.50541574,0.7487852467644742,1.0
ZNF266,-0.3202751,-0.3608973,0.7487598085703557,1.0
GDPD1,-0.32037577,-0.57240635,0.7486834956286035,1.0
IGSF6,-0.3205585,-0.14434153,0.7485450080588134,1.0
WBP2,-0.32092017,-0.39189398,0.7482708831211635,1.0
TBX1,-0.32098356,-0.3845795,0.7482228438821916,1.0
ABCC6,-0.321349,-0.63100636,0.747945930862843,1.0
AL136298.1,-0.32142732,-0.24590804,0.747886596587958,1.0
MORN5,-0.3214795,-2.8232813,0.7478470412343509,1.0
AP000766.1,-0.32157272,-1.2419376,0.7477764083255147,1.0
TCIRG1,-0.32162866,-0.83841294,0.7477340295965121,1.0
BLVRA,-0.3216324,-0.21500243,0.7477312043750171,1.0
FBXO9,-0.3218785,-0.064967796,0.7475447472496617,1.0
FLNB-AS1,-0.32206494,-0.31976718,0.7474035016840586,1.0
FRK,-0.32217306,-0.68402034,0.7473215831417535,1.0
STK11IP,-0.32225883,-0.45534354,0.7472566152926143,1.0
SGSH,-0.3224751,-0.19320017,0.7470927912992986,1.0
OTUD6B-AS1,-0.32250866,-0.19177893,0.7470673713586298,1.0
BLOC1S4,-0.32256833,-1.1308786,0.7470221810323362,1.0
HSD11B1,-0.32259816,-1.270934,0.7469995861953096,1.0
NIPAL1,-0.3227846,-0.3329013,0.7468583733909266,1.0
AC139887.2,-0.32315004,-0.05680174,0.7465816209495632,1.0
TTC38,-0.3231836,-0.40250936,0.7465562065469116,1.0
TAS2R31,-0.32390326,-22.702705,0.7460112751775494,1.0
AC109460.1,-0.32394055,-0.23720223,0.74598304385031,1.0
NAXE,-0.323948,-0.77832055,0.7459773976257824,1.0
SYBU,-0.3239853,-0.062014297,0.7459491667077613,1.0
RCOR1,-0.32430598,-0.07105613,0.745706394895165,1.0
VPS28,-0.32542092,-0.08160745,0.7448625360267059,1.0
AL080276.2,-0.32542837,-0.08132289,0.7448568925153751,1.0
NEBL,-0.32543954,-1.0958155,0.7448484272740599,1.0
ATXN7L3,-0.32545075,-0.19196115,0.7448399620635625,1.0
GPATCH3,-0.32550293,-0.59827584,0.7448004581554202,1.0
AKIP1,-0.3255626,-0.45374382,0.7447553116537933,1.0
AC005224.3,-0.32614803,-1.2765635,0.744312358147459,1.0
AC012447.1,-0.3267521,-0.5314947,0.7438553864939343,1.0
MFAP1,-0.32683414,-0.17231172,0.7437933355673707,1.0
SURF1,-0.32700565,-0.34903264,0.7436635980973598,1.0
NRL,-0.3270094,-0.4787699,0.7436607777983801,1.0
TXNDC11,-0.3271138,-0.09909775,0.7435818108233025,1.0
AC005041.5,-0.32730398,-0.08293727,0.7434379850490537,1.0
AL162727.2,-0.32730398,-0.7554148,0.7434379850490537,1.0
TMC1,-0.32736364,-2.4909008,0.7433928650820858,1.0
COA8,-0.32737854,-0.26331598,0.7433815852280308,1.0
SSC4D,-0.32749042,-0.22359827,0.7432969880784243,1.0
GPR82,-0.32753515,-0.16949265,0.7432631500862918,1.0
TFAM,-0.32756498,-0.13263619,0.7432405917003805,1.0
AC132192.1,-0.32777008,-0.19160904,0.7430855087652732,1.0
DPP9,-0.32789686,-0.21761462,0.7429896445281023,1.0
SLC51A,-0.32851958,-0.16333607,0.7425188398355125,1.0
TMEM242,-0.32872093,-0.12788717,0.7423666241847535,1.0
AC027117.2,-0.32878435,-1.0979835,0.742318706527709,1.0
POLR2K,-0.32887757,-0.28105247,0.7422482411992574,1.0
AC139887.4,-0.3290528,-0.21379606,0.7421157722306269,1.0
GDE1,-0.32914975,-0.26249254,0.7420424948061359,1.0
AC008781.1,-0.32952264,-0.78828156,0.7417606803556448,1.0
ASCC2,-0.3296308,-0.09727616,0.741678960640175,1.0
AP000462.2,-0.32966062,-0.15088135,0.7416564177829629,1.0
PCDH10,-0.33006334,-2.650828,0.7413521109154628,1.0
MAP7,-0.33020875,-0.1553855,0.7412422322620618,1.0
AC135050.1,-0.33037657,-0.33976337,0.7411154557569579,1.0
P2RY1,-0.3304362,-0.84305197,0.7410703813597206,1.0
CCDC112,-0.33059284,-0.15052669,0.7409520652951569,1.0
FZR1,-0.3308464,-0.25570282,0.7407605189411054,1.0
KCTD9,-0.3310179,-0.17213552,0.7406309525769561,1.0
ADNP,-0.33147284,-0.013386966,0.7402873556827392,1.0
PPP1R12C,-0.33148402,-0.24195072,0.7402789072311754,1.0
DHPS,-0.33153623,-0.4783236,0.7402394815381212,1.0
NEUROD4,-0.331663,-0.6071451,0.740143736267431,1.0
PCDH18,-0.3322559,-3.3808045,0.7396960397824144,1.0
FLNA,-0.33254674,-0.1048303,0.7394764473236949,1.0
AL161716.1,-0.33259895,-1.575128,0.7394370355402657,1.0
TRMT2B,-0.33266234,-0.13199818,0.7393891792946472,1.0
C12orf57,-0.33284506,-0.16442318,0.7392512463513699,1.0
FRG1,-0.3328674,-0.20622405,0.7392343571795792,1.0
AL356740.1,-0.33298674,-3.1143494,0.7391442837211308,1.0
LRP1,-0.33305386,-0.6516414,0.739093618973407,1.0
AL162426.1,-0.33307996,-0.40621734,0.7390739163218104,1.0
AC083806.2,-0.33315083,-0.47454068,0.7390204385595496,1.0
SRGAP3-AS2,-0.33343422,-1.6677634,0.7388065401351802,1.0
AC015849.3,-0.33369523,-0.07609729,0.7386095463086841,1.0
ARL5B,-0.333781,-0.117800236,0.7385448235100248,1.0
HERC6,-0.33400473,-0.5166754,0.7383759901485009,1.0
CCDC13-AS1,-0.33434406,-1.271804,0.7381199502965938,1.0
CNN2,-0.33447456,-0.1983316,0.7380214811633139,1.0
HIST1H4H,-0.3344783,-0.43034777,0.7380186678226576,1.0
IFT57,-0.33449322,-0.16537966,0.7380074144951212,1.0
FBXO43,-0.3345715,-0.45465603,0.7379483354467181,1.0
CKAP4,-0.33494812,-0.20776741,0.7376642149858956,1.0
AC113615.2,-0.33496678,-1.1732807,0.7376501505472599,1.0
ABL1,-0.3350115,-0.020534806,0.7376163962529099,1.0
ERO1B,-0.33507118,-0.16590694,0.7375713913142163,1.0
FAM102B,-0.33527628,-0.71640915,0.7374166937001607,1.0
AL162171.2,-0.33538067,-0.19613564,0.7373379426367492,1.0
CABP7,-0.33550373,-0.54505986,0.7372451324236221,1.0
RTN4RL2,-0.33562678,-1.469721,0.737152326042037,1.0
IRF2BP2,-0.33562678,-0.31396958,0.737152326042037,1.0
DXO,-0.33596238,-0.84178656,0.7368992372129763,1.0
MTHFR,-0.33617118,-0.24102715,0.7367417741184121,1.0
COTL1,-0.33635762,-0.14482076,0.7366011914097359,1.0
GTF3C2-AS1,-0.33664104,-0.7607622,0.7363875225781373,1.0
MINDY4,-0.3366485,-0.4079389,0.7363818999893418,1.0
CLGN,-0.33723393,-0.30728644,0.7359405708390896,1.0
AL034417.4,-0.33734205,-0.8061965,0.7358590609704445,1.0
TRIAP1,-0.33778578,-0.9191781,0.7355246205832067,1.0
WDR36,-0.33793494,-0.07697805,0.7354122148993981,1.0
ZNF417,-0.3379685,-0.15060501,0.735386924401253,1.0
PPP1R14B,-0.33821833,-0.13265745,0.7351986597107207,1.0
TAPBP,-0.33852783,-0.17308916,0.7349654583483662,1.0
CCDC149,-0.3385614,-0.30352437,0.7349401729215514,1.0
SAYSD1,-0.33866954,-0.6452708,0.7348586996117912,1.0
MAPKAPK5,-0.3390014,-0.058835816,0.7346086794667716,1.0
CCDC34,-0.33930343,-0.27592468,0.734381157489914,1.0
TMIGD3,-0.33954954,-0.5062926,0.7341957864505977,1.0
SHROOM3,-0.33966514,-0.10124992,0.7341087235809606,1.0
MANF,-0.33979192,-0.5721608,0.7340132392028977,1.0
TTC23,-0.33981055,-0.110177495,0.7339991977294882,1.0
AF233439.1,-0.33983293,-22.788002,0.733982348078824,1.0
KLHL42,-0.33987767,-0.21306805,0.7339486491618316,1.0
COA3,-0.3399448,-0.61369306,0.733898101747295,1.0
ADH6,-0.3400865,-0.6915331,0.7337913943265246,1.0
MLX,-0.34035125,-0.18511231,0.733592033715637,1.0
ACTG1,-0.3404631,-0.06697944,0.7335078022356298,1.0
AL138831.1,-0.3405116,-1.186413,0.733471302923831,1.0
WDR55,-0.34085092,-0.24189293,0.7332158246145053,1.0
ZNF707,-0.34097022,-0.72913146,0.7331259931086804,1.0
MARCKSL1,-0.34101126,-0.29403698,0.7330951143725941,1.0
FAM118A,-0.3411343,-0.124087915,0.7330024807559796,1.0
ESRRG,-0.3416526,-0.038751956,0.7326123394325149,1.0
AC092069.1,-0.34185025,-0.81565,0.7324635986974064,1.0
ZSWIM9,-0.34187633,-0.3268502,0.7324439544457702,1.0
AP1AR,-0.3421187,-0.1246818,0.7322615519106375,1.0
PRRT3,-0.34242448,-0.6365872,0.7320314656733724,1.0
NDUFS2,-0.34279737,-0.10655003,0.7317509053043403,1.0
UBAC1,-0.34285703,-0.18552229,0.7317060189722182,1.0
SLC17A9,-0.34305465,-1.1374292,0.7315573395558677,1.0
CDKN2AIP,-0.34310687,-0.7204284,0.731518067430518,1.0
B3GALT4,-0.3431516,-0.1953844,0.7314844061686493,1.0
CCNT1,-0.3433567,-0.12703739,0.731330131999242,1.0
PTPN12,-0.34340143,-0.08406953,0.7312964736239153,1.0
ZC3H15,-0.3441547,-0.087869324,0.7307299686481865,1.0
THEM6,-0.34432247,-0.8389503,0.7306037870335208,1.0
DNAH6,-0.3443896,-1.4560305,0.7305533164287232,1.0
LINC02208,-0.3446767,-0.90200585,0.7303374275691078,1.0
PRRT2,-0.34479603,-0.38295525,0.7302477138068827,1.0
NDUFB5,-0.34489298,-0.33754623,0.7301748240927715,1.0
FYB2,-0.34511298,-0.35093033,0.7300094295520718,1.0
AC114730.2,-0.34528452,-0.36364034,0.7298804865876871,1.0
LINC01224,-0.34532553,-2.758239,0.7298496535318284,1.0
ZNF625,-0.34549707,-0.2602074,0.7297207200305769,1.0
AL445685.1,-0.34591097,-0.6026027,0.7294096293562696,1.0
MTMR2,-0.3459147,-0.11401217,0.7294068269399352,1.0
LRR1,-0.3462503,-0.21960722,0.7291546242763542,1.0
ITPRIPL1,-0.34634352,-0.40736803,0.7290845731804707,1.0
EVI2B,-0.34672013,-0.07354541,0.7288015897843031,1.0
RPRML,-0.34673876,-0.3444031,0.7287875816648626,1.0
CLCN6,-0.34712285,-0.25196698,0.7284990345579349,1.0
SNAPC4,-0.34738386,-0.19451131,0.7283029565345629,1.0
DUSP12,-0.3475181,-0.27368143,0.7282021233302036,1.0
AAK1,-0.34819674,-0.094816454,0.7276924274983061,1.0
CCR6,-0.34849134,-1.404154,0.72747122337113,1.0
MEPCE,-0.3486032,-0.7979405,0.7273872277517305,1.0
ATP6V0C,-0.34871134,-0.2977273,0.7273060350998365,1.0
PARG,-0.34871134,-0.034799892,0.7273060350998365,1.0
CAMTA1,-0.3487337,-0.05603762,0.7272892370023514,1.0
DDX59,-0.34880084,-0.16132261,0.7272388434963017,1.0
CBS,-0.3488344,-1.151556,0.7272136471856758,1.0
ARVCF,-0.34897235,-1.2249142,0.727110065452336,1.0
ERAL1,-0.3490059,0.00052749115,0.727084870649575,1.0
KDELR2,-0.3496659,-0.24733776,0.7265894328629439,1.0
COL4A6,-0.3497927,-0.06074228,0.7264942771063201,1.0
LINC01933,-0.34992322,-0.5877575,0.7263963270587657,1.0
AC018648.1,-0.3499605,-1.2559674,0.7263683421524234,1.0
ECH1,-0.35008729,-0.43425632,0.7262731962026641,1.0
NQO1,-0.35026252,-0.15146236,0.7261416778730028,1.0
AL024474.2,-0.35033712,-0.54734856,0.7260857150747396,1.0
AL138789.1,-0.3505049,-0.8478278,0.7259598041249687,1.0
DPP10-AS1,-0.35063916,-0.08290364,0.7258590806966984,1.0
NR2F6,-0.3507883,-0.46043208,0.7257471713367548,1.0
AL139407.1,-0.35106423,-2.3211312,0.7255401544580444,1.0
SND1-IT1,-0.35115373,-0.3964271,0.7254730181545443,1.0
NUDT7,-0.35127306,-0.32657903,0.7253835063651531,1.0
NIPAL2,-0.351329,-0.682355,0.7253415490053263,1.0
AC022137.4,-0.35176155,-0.21031898,0.725017106606781,1.0
STK10,-0.3520412,-0.23752396,0.7248073640858183,1.0
MRPS2,-0.3520524,-0.025403555,0.7247989748143797,1.0
SOX10,-0.35224256,-0.9457893,0.7246563622556476,1.0
PHKG2,-0.35232833,-0.6483862,0.7245920499132166,1.0
AL357568.2,-0.3523395,-0.9380581,0.7245836614900711,1.0
SIKE1,-0.35254088,-0.4071527,0.7244326755280566,1.0
PSMB4,-0.35294357,-0.2409887,0.7241307357623599,1.0
AC130324.1,-0.35310018,-0.37525362,0.724013326329304,1.0
FHOD1,-0.35318595,-0.2382066,0.723949033438458,1.0
NDRG3,-0.35367072,-0.19328344,0.7235856754611439,1.0
MYCBP,-0.35393918,-0.34658375,0.7233844578411082,1.0
MAPK14,-0.35401377,-0.06522488,0.7233285674503869,1.0
SLC38A2,-0.35415545,-0.3143377,0.7232223797734105,1.0
CDIPT,-0.35423005,-0.7755095,0.723166493662564,1.0
IL17D,-0.35439783,-0.37186667,0.7230407553114744,1.0
UQCRC2,-0.3545209,-0.07783908,0.7229485519392874,1.0
NCOA6,-0.35490495,-0.058359534,0.7226607915313812,1.0
AC103739.2,-0.3550914,-0.43758807,0.7225211161517868,1.0
HGS,-0.35516226,-0.12005215,0.7224680419318201,1.0
ADAMTS1,-0.3552704,-0.33698896,0.7223870364867059,1.0
ZFP64,-0.355427,-0.13626164,0.7222697237732865,1.0
HSD3B7,-0.35543445,-1.5941799,0.7222641376164579,1.0
TBRG4,-0.35561344,-0.18802287,0.7221300742954032,1.0
LINC01280,-0.3557626,-23.06526,0.7220183613791352,1.0
AC009107.2,-0.35576633,-0.245221,0.7220155686321685,1.0
PSMB9,-0.3558036,-1.3462222,0.7219876413662729,1.0
MFGE8,-0.3559192,-0.4524235,0.7219010691968009,1.0
CEBPZOS,-0.3559192,-0.052839193,0.7219010691968009,1.0
MITF,-0.3560609,-0.2513951,0.7217949533319281,1.0
MRPL21,-0.35613176,-0.6230868,0.7217418974070071,1.0
SLC46A1,-0.35635176,-0.5239174,0.7215771533316077,1.0
ARPC4,-0.35636294,-0.15975119,0.7215687768592025,1.0
CHCHD1,-0.35707515,-0.25562438,0.7210355435625035,1.0
PUS1,-0.35722432,-0.11056815,0.7209238888314344,1.0
PPP6R1,-0.3576755,-0.22469765,0.7205861694950906,1.0
KLHDC8B,-0.35778365,-1.2801723,0.720505236590661,1.0
PTPN23,-0.35795516,-0.4356423,0.7203768666823227,1.0
PKN2-AS1,-0.358205,-0.10421689,0.7201899072210851,1.0
ADNP2,-0.35822737,-0.10504011,0.7201731653988295,1.0
AC008781.2,-0.3582572,-0.52457464,0.7201508431778805,1.0
RAB11FIP2,-0.3583206,-0.14628577,0.7201034092504752,1.0
SARM1,-0.35858908,-0.23164307,0.7199025245634382,1.0
ZNF579,-0.3587606,-0.55666536,0.7197741916926992,1.0
NANOS1,-0.35876805,-0.17105696,0.7197686121817815,1.0
AC025576.3,-0.35879415,-0.28343117,0.7197490840111327,1.0
UBE2V2,-0.35891348,-0.1133801,0.7196598147030435,1.0
PAQR3,-0.35892838,-0.07129367,0.7196486563083166,1.0
SH3BP4,-0.35898805,-0.20638597,0.7196040233268017,1.0
AC133550.3,-0.35904026,-0.66833955,0.7195649702521338,1.0
RELA,-0.3591111,-0.6284608,0.7195119708216073,1.0
SBNO2,-0.35913348,-0.11676901,0.7194952344394665,1.0
ARHGEF3,-0.35917076,-0.28517509,0.7194673407680693,1.0
KCNK2,-0.35919315,-1.3000212,0.7194506047445455,1.0
AC073912.1,-0.35922298,-0.6421473,0.719428290255729,1.0
ZNF777,-0.3593162,-0.36019516,0.7193585590194533,1.0
AC009152.6,-0.3595772,-0.28273177,0.7191633239853565,1.0
GNGT2,-0.36005825,-1.6644367,0.7188035817143862,1.0
AC005153.1,-0.36012536,-0.20738798,0.7187533900698295,1.0
AC005803.1,-0.36036775,-0.48033693,0.7185721525664459,1.0
PKD2,-0.3603752,-0.09651473,0.7185665762788549,1.0
SLC43A3,-0.3604908,-0.5372205,0.7184801457377805,1.0
FDXACB1,-0.36058402,-1.3037336,0.7184104463118778,1.0
SLC35A2,-0.36117315,-1.5093665,0.7179700001546384,1.0
ZNF18,-0.36128876,-0.9122921,0.7178835944963495,1.0
NOB1,-0.3614752,-0.23261651,0.7177442381355242,1.0
RRNAD1,-0.36153114,-0.6423319,0.7177024330584326,1.0
MRPL49,-0.36168402,-0.45254132,0.7175881701612198,1.0
LARP7,-0.36190775,-0.099384256,0.71742096755419,1.0
AC069549.1,-0.36199725,-0.7546015,0.7173540903015723,1.0
TMEM126B,-0.36232913,-0.35690886,0.7171061060739408,1.0
PTPRM,-0.36248946,-0.65324974,0.7169863041512583,1.0
AC011120.1,-0.36288843,-1.4775969,0.7166882226162141,1.0
PDXDC1,-0.36296302,-0.040317267,0.7166325112272975,1.0
SEPHS2,-0.3630264,-0.77796566,0.7165851577323856,1.0
TYK2,-0.36311963,-0.20273274,0.7165155222194863,1.0
LINC01053,-0.36328742,-0.98689604,0.7163901842366585,1.0
FUOM,-0.36365286,-2.4925494,0.7161172524042729,1.0
AMT,-0.36384302,-0.24183981,0.7159752307965799,1.0
RB1,-0.3641749,-0.0815301,0.7157274127068869,1.0
FIGNL1,-0.36420473,-0.9300852,0.715705138390205,1.0
NDUFB8,-0.36436507,-0.16323987,0.715585418084588,1.0
PPP1CA,-0.36458507,-0.42308038,0.7154211620711135,1.0
AL592435.1,-0.36468202,-1.2128884,0.7153487822468106,1.0
LTBP1,-0.36478642,-1.4296353,0.7152708376055906,1.0
LZTS1-AS1,-0.36528984,-0.1966179,0.7148950747591867,1.0
PIGX,-0.36556575,-0.22906391,0.7146891303612786,1.0
POP4,-0.36605424,-1.15448,0.7143246040617857,1.0
AC245033.2,-0.36605796,-0.15020724,0.7143218216688414,1.0
AC020718.1,-0.36617357,-2.1596553,0.714235569371495,1.0
DUSP2,-0.3662034,-0.12602049,0.7142133113067096,1.0
VANGL2,-0.36635628,-0.32192335,0.7140992425413576,1.0
FGD5-AS1,-0.36640847,-0.51968145,0.7140602936943446,1.0
WTIP,-0.36649424,-1.8727301,0.7139963079202122,1.0
MMGT1,-0.36670306,-0.46350065,0.7138405248805886,1.0
SLC16A3,-0.36672917,-0.17079215,0.7138210528392297,1.0
RFXANK,-0.36707222,-0.88910186,0.7135651519087756,1.0
EEF1E1,-0.3672363,-0.12589559,0.713442775896218,1.0
COPRS,-0.3673519,-0.49740472,0.7133565608600139,1.0
COPS3,-0.36737424,-0.32734048,0.7133398745016385,1.0
MRPL40,-0.36769494,-0.6501923,0.7131007184396942,1.0
DPY30,-0.36797833,-0.18253575,0.7128893946918001,1.0
AC123768.1,-0.36823562,-2.688035,0.7126975540581353,1.0
IL12A-AS1,-0.36835122,-1.022633,0.712611370704314,1.0
AC073592.1,-0.36844072,-0.66312605,0.7125446506279499,1.0
AC091646.1,-0.3686085,-1.5547323,0.7124195564145588,1.0
AC006460.1,-0.3686309,-0.44536406,0.7124028777706197,1.0
SLC9A6,-0.3688919,-0.44567472,0.712208303757035,1.0
MTFP1,-0.36906716,-0.90935075,0.7120776717165678,1.0
LINC01771,-0.3691641,-1.8710473,0.71200541081314,1.0
AL603832.1,-0.369179,-1.013895,0.7119942939806048,1.0
ZFYVE1,-0.36923867,-0.42877102,0.7119498272626278,1.0
CNBD2,-0.3692909,-0.92283535,0.7119109196879421,1.0
RIPK2,-0.36931327,-0.37315091,0.7118942452426849,1.0
METTL1,-0.36986512,-0.18584816,0.7114829858911956,1.0
SNX7,-0.369977,-0.4490135,0.7113996327371483,1.0
DNAJC21,-0.3700292,-0.26560724,0.711360735779111,1.0
ARHGEF4,-0.3703648,-1.3460948,0.7111107018507218,1.0
MRPL38,-0.37117767,-0.11112953,0.7105051929596045,1.0
PPP1CC,-0.371435,-0.18362091,0.7103135791054556,1.0
AC005495.2,-0.371517,-0.7630473,0.7102524886824961,1.0
LRRTM2,-0.3715804,-0.75328225,0.7102052837217641,1.0
FUNDC1,-0.37163633,-0.9832119,0.7101636332091832,1.0
MTG2,-0.37186378,-0.08738199,0.7099942633785218,1.0
MAST4,-0.37186754,-0.39490566,0.7099914869432464,1.0
ZNF441,-0.3720577,-0.7914042,0.709849893849925,1.0
AP000919.2,-0.37228888,-0.21422946,0.7096777745624261,1.0
GIT1,-0.37240076,-0.2563334,0.7095944963537946,1.0
NOL6,-0.3731167,-0.18661873,0.7090615980075136,1.0
PDHB,-0.37319127,-0.38209662,0.7090060959444957,1.0
LAMC1-AS1,-0.3742428,-0.7581785,0.7082236814188976,1.0
TMEM74,-0.3742577,-0.39974004,0.7082125855530155,1.0
RFK,-0.37460077,-0.56575,0.7079573977372671,1.0
TAF6,-0.37464178,-0.30731398,0.7079268883448607,1.0
ADAMTS6,-0.37465298,-0.67784303,0.7079185676828424,1.0
C11orf16,-0.37483943,-0.38220298,0.7077798951172293,1.0
KIF3B,-0.37498483,-0.17442438,0.7076717372432941,1.0
AL022323.3,-0.37501842,-0.9086932,0.7076467785714298,1.0
PPL,-0.3755852,-0.38015097,0.7072253018056472,1.0
RBBP7,-0.37559637,-0.12834838,0.7072169840876859,1.0
AC008894.2,-0.37592453,-0.8234752,0.7069730132458532,1.0
AP4M1,-0.37593943,-0.16355237,0.7069619243769899,1.0
PLXDC1,-0.37610725,-1.1933138,0.7068371788872565,1.0
GOLGA7,-0.37631232,-0.3799583,0.7066847228688898,1.0
FOXRED1,-0.37668148,-0.2328082,0.7064103316888644,1.0
ITPRID1,-0.37700215,-23.062082,0.7061720026394366,1.0
SNU13,-0.37742352,-0.09557945,0.7058588931568057,1.0
NAA20,-0.37743098,-0.12516649,0.7058533518443311,1.0
MGP,-0.37764353,-0.6748016,0.7056954309966257,1.0
GNG11,-0.3779903,-0.2657638,0.7054377978801998,1.0
EXTL3-AS1,-0.37802014,-0.9530259,0.7054156374686611,1.0
SAFB,-0.37824386,-0.05813175,0.7052494423486588,1.0
SLC27A6,-0.37829608,-2.171253,0.705210665510668,1.0
ADA,-0.37848625,-1.0981075,0.7050694135060024,1.0
COA7,-0.3789747,-0.32977673,0.7047066363356329,1.0
AP2S1,-0.37914997,-0.41989022,0.7045764960053009,1.0
IFT122,-0.37916115,-0.38715598,0.7045681894692633,1.0
SPTY2D1,-0.37921336,-0.1192894,0.7045294261002826,1.0
ITPK1-AS1,-0.37945575,-0.8246998,0.7043494633693137,1.0
BCL3,-0.3796571,-22.931536,0.7041999684556084,1.0
GTPBP3,-0.38019407,-0.3165275,0.7038013712367506,1.0
NAA40,-0.3801978,-0.14212303,0.7037986034848711,1.0
ATG10,-0.38035813,-0.053771984,0.7036795938664497,1.0
RAB39A,-0.3803805,-0.75785893,0.7036629884501353,1.0
AC005306.1,-0.38041034,-0.99440277,0.7036408481148764,1.0
AC092802.1,-0.38066763,-0.20429961,0.703449898153726,1.0
MFSD5,-0.38075712,-0.84942704,0.7033834851590235,1.0
CDR2L,-0.38085407,-0.93537754,0.7033115403018184,1.0
FP236383.3,-0.38132763,-1.4604528,0.7029601555346198,1.0
AC018946.1,-0.38154763,-0.8098488,0.7027969353731238,1.0
SNAP47,-0.38159236,-0.093746364,0.702763739728553,1.0
CHRM5,-0.38161847,-0.10692044,0.7027443758643035,1.0
NOP14,-0.38163713,-0.090036765,0.7027305446507874,1.0
GYG1,-0.3818049,-0.251519,0.7026060681582443,1.0
CORO2A,-0.3819317,-1.0058234,0.7025120245413667,1.0
GPR37,-0.38210696,-2.429302,0.7023820305693954,1.0
ADCY9,-0.38227102,-0.039020427,0.702260341974174,1.0
Z93241.1,-0.38231206,-22.867878,0.7022299210177523,1.0
MED20,-0.38231206,-0.36823922,0.7022299210177523,1.0
ZNF652,-0.38242018,-0.0782551,0.7021497226012154,1.0
COQ2,-0.38276324,-0.61887795,0.7018953219914269,1.0
AP005210.2,-0.38280424,-0.67118883,0.7018649067623799,1.0
VBP1,-0.3831063,-0.17699142,0.7016409547844613,1.0
GALNT17,-0.38338596,-1.5935194,0.7014336149459981,1.0
PIP4K2C,-0.38361713,-0.36424643,0.7012622307961371,1.0
SMIM24,-0.38369918,-0.68866134,0.7012014207186046,1.0
C12orf29,-0.38373274,-0.26310614,0.7011765444203643,1.0
COL18A1,-0.38385206,-0.6661048,0.7010880979545889,1.0
AL035693.1,-0.3839341,-0.6883349,0.7010272933591872,1.0
SETD6,-0.3842734,-0.29496297,0.7007758037893694,1.0
NOL11,-0.3844785,-0.09753995,0.7006238204955779,1.0
ACIN1,-0.3848029,-0.09123101,0.700383435030691,1.0
LOXL4,-0.38489613,-0.47034454,0.700314364296868,1.0
ZNHIT2,-0.384967,-23.248428,0.7002618721965896,1.0
GPATCH1,-0.38511613,-0.3781129,0.7001513671917353,1.0
MFSD2A,-0.38515717,-0.6069198,0.7001209794280924,1.0
ZNRF3,-0.38528395,-0.089704596,0.7000270566485194,1.0
SYTL4,-0.38551885,-0.7293884,0.6998530353898771,1.0
CASKIN2,-0.38567546,-0.6386989,0.6997370299722598,1.0
PAXIP1-AS2,-0.3859999,-0.5561094,0.6994967553276089,1.0
ATP5MG,-0.386246,-0.26221618,0.699314498078998,1.0
MALINC1,-0.38624972,-0.8713582,0.6993117367387414,1.0
FKBP10,-0.38630566,-0.19733445,0.6992703171121568,1.0
PBDC1,-0.3863765,-0.49713635,0.6992178535365825,1.0
LINC01138,-0.3864809,-1.1683073,0.6991405414113385,1.0
KLHL34,-0.38652566,-0.6436137,0.699107408598318,1.0
KLF3,-0.38659278,-0.18949413,0.6990577104532663,1.0
SF3A2,-0.38667107,-0.3560299,0.6989997309138933,1.0
AL162724.2,-0.38682768,-0.27485594,0.6988837771019965,1.0
AP000866.6,-0.38705516,-0.86152524,0.6987153805047579,1.0
U2AF1,-0.38709244,-0.14747019,0.6986877759193773,1.0
RABAC1,-0.38769278,-0.78228354,0.6982433969652859,1.0
ZNF114,-0.38790533,-0.55524796,0.6980860950358165,1.0
CNOT3,-0.38810295,-0.30712098,0.6979398434735069,1.0
ITPK1,-0.38811415,-0.18502176,0.6979315654185779,1.0
NBN,-0.38821855,-0.09086984,0.6978543053058206,1.0
AXIN2,-0.38827822,-0.9570429,0.6978101580759056,1.0
MTG1,-0.38889349,-0.1395894,0.6973549494441813,1.0
TMEFF1,-0.38897178,-0.3407,0.6972970216094649,1.0
DNAH3,-0.38947517,-0.47302568,0.6969246705285245,1.0
AC022098.1,-0.3899711,-0.95684224,0.6965579071413884,1.0
FNDC9,-0.39047822,-3.0987475,0.696182944239961,1.0
HACD1,-0.39063486,-0.24611506,0.6960671618739174,1.0
CDS1,-0.3908101,-1.1858205,0.6959376042911429,1.0
DLST,-0.3911047,-0.19076201,0.6957198572841609,1.0
AL355612.1,-0.3911196,-1.5385739,0.6957088327863474,1.0
UNC5B,-0.39151487,-1.3718389,0.6954167070349809,1.0
WNT4,-0.39152232,-3.2741315,0.695411195662718,1.0
ERF,-0.39185792,-0.5204408,0.6951632005704709,1.0
TRNAU1AP,-0.39208165,-0.14246452,0.6949978886246124,1.0
PPP3CB-AS1,-0.39220843,-0.5240462,0.6949042182915355,1.0
XPNPEP1,-0.3927752,-0.16559328,0.694485513775432,1.0
EIF4H,-0.39303625,-0.06678663,0.6942927206644836,1.0
DBF4B,-0.3933308,-0.08978353,0.6940751636238294,1.0
PAG1,-0.39390132,-0.27495193,0.6936538906705934,1.0
NRG4,-0.39422575,-0.21904197,0.6934143855145429,1.0
RGPD5,-0.39462098,-0.5001054,0.6931226160293351,1.0
AL160163.1,-0.39508337,-0.41316447,0.6927813585383573,1.0
CHMP2B,-0.39522135,-0.7518042,0.6926795437784592,1.0
MYO1H,-0.3958105,-0.19652352,0.6922448297267156,1.0
RTEL1,-0.39612374,-0.40507507,0.6920137571879164,1.0
AC034114.2,-0.39616102,-1.820207,0.6919862504615883,1.0
PEX11B,-0.39654136,-0.459721,0.6917057050684758,1.0
DYNLL2,-0.39655626,-0.2524799,0.6916947041502551,1.0
HIST2H4B,-0.3966234,-2.0336385,0.6916452008235097,1.0
AC114760.2,-0.39663085,-0.59335524,0.6916397005352145,1.0
AL109761.1,-0.39664575,-0.25513756,0.6916287000074333,1.0
LINC02542,-0.3970522,-1.0637597,0.6913289606822116,1.0
TMEM104,-0.3975444,-0.20750256,0.6909660383673434,1.0
TNFRSF10A,-0.397619,-0.41458312,0.6909110563304306,1.0
PSMG3,-0.3978912,-0.27486914,0.6907103857333827,1.0
RIC8A,-0.3979695,-0.42223907,0.6906526626000413,1.0
ARHGAP25,-0.39803663,-0.4861696,0.6906031870603084,1.0
AC103794.1,-0.398279,-0.3275094,0.6904245363949582,1.0
MREG,-0.39853257,-0.090730995,0.6902376587715429,1.0
EMC4,-0.39854375,-0.34073368,0.6902294146053617,1.0
CASC15,-0.39868918,-0.25464487,0.6901222437900432,1.0
AC097634.2,-0.39871156,-2.2249982,0.690105756523751,1.0
PLPPR3,-0.3987414,-1.1746607,0.6900837737308091,1.0
PRADC1,-0.39876375,-0.66763836,0.6900672868076976,1.0
FAT1,-0.3988234,-0.61994284,0.6900233223985204,1.0
PMAIP1,-0.3990285,-0.32136,0.6898722027213271,1.0
EIF4B,-0.39920747,-0.035995465,0.6897403265631565,1.0
CCDC39,-0.39973325,-0.27310988,0.6893529948540289,1.0
DDT,-0.3997929,-0.28196755,0.6893090474602366,1.0
HSPB11,-0.39980412,-0.60073745,0.6893008074405946,1.0
LRP6,-0.3999197,-0.060377076,0.6892156627290584,1.0
EBF3,-0.4000875,-1.5264653,0.6890920725711526,1.0
HPS5,-0.40011734,-0.11063381,0.6890701018560477,1.0
MRPS9,-0.40026647,-0.10982635,0.6889602522144105,1.0
RNASEH2A,-0.40032986,-2.0068245,0.6889135681024352,1.0
MRPS28,-0.40041935,-0.07490981,0.6888476631377085,1.0
LRRC42,-0.4007214,-0.739447,0.6886252513198294,1.0
AC100861.2,-0.40093395,-2.7845886,0.6884687554345592,1.0
TADA2A,-0.40099734,-0.12690878,0.6884220838046106,1.0
CBWD6,-0.40115395,-0.20749582,0.6883067825111908,1.0
CSTF2T,-0.40119496,-0.83274806,0.6882765857502999,1.0
UROD,-0.40126207,-0.69895095,0.6882271739407156,1.0
TMEM238,-0.4012994,-1.1200241,0.6881997235104005,1.0
IMP3,-0.4013031,-0.19894195,0.6881969784899604,1.0
CASC1,-0.4014709,-1.8122253,0.6880734568220561,1.0
ANKRD9,-0.40163496,-2.4888082,0.687952688125681,1.0
USP46,-0.40208244,-0.07575581,0.687623359409024,1.0
CELF6,-0.4022316,-1.1041834,0.6875135963332877,1.0
C16orf91,-0.40239567,-0.35866964,0.6873928645557161,1.0
GK,-0.4035255,-0.5371049,0.6865616782119459,1.0
HSPA4,-0.40360007,-0.113592476,0.6865068277464021,1.0
ZNF23,-0.40387228,-0.67815316,0.6863066375593461,1.0
AC005014.4,-0.4039916,-0.8480083,0.686218889893918,1.0
CLTB,-0.40439805,-1.4466289,0.6859200311571587,1.0
ZNF335,-0.40446144,-0.3022947,0.685873424588166,1.0
CDC6,-0.40448382,-0.2382192,0.6858569754961616,1.0
STK4,-0.40459567,-0.10394343,0.6857747322691248,1.0
ZNF813,-0.40470383,-0.3723014,0.6856952340212081,1.0
AC097534.2,-0.40486416,-1.1151977,0.6855773637127518,1.0
TNRC6A,-0.40512517,-0.012049457,0.6853854981828,1.0
THUMPD3-AS1,-0.40521467,-0.107047,0.6853197203851908,1.0
KMO,-0.40599027,-0.7774748,0.6847497461040124,1.0
TRAM1,-0.40607232,-0.36969742,0.6846894708516013,1.0
ABCC5-AS1,-0.4061096,-2.2867677,0.684662073673331,1.0
PITRM1-AS1,-0.40622893,-0.19110066,0.684574405491009,1.0
KIF26B-AS1,-0.40631843,-0.24008209,0.6845086571428803,1.0
ABITRAM,-0.40637434,-0.47952288,0.6844675656393137,1.0
ANO7,-0.40739977,-1.201122,0.6837143870400997,1.0
CA1,-0.40739977,-0.76610863,0.6837143870400997,1.0
ATP6V1B2,-0.4075937,-0.29385483,0.683572003160486,1.0
FGGY,-0.40823504,-0.12190039,0.6831011212875149,1.0
BCS1L,-0.40918216,-0.017356766,0.6824059747034696,1.0
AC068305.2,-0.4094693,-0.41106558,0.682195294469786,1.0
AC027130.1,-0.40962964,-1.1928171,0.6820776526484791,1.0
DCK,-0.41009203,-0.82289416,0.6817384497416816,1.0
BICRAL,-0.41018897,-0.053099167,0.6816673347057363,1.0
AL162274.2,-0.41025236,-0.742978,0.6816208379420343,1.0
GNG5,-0.41050592,-0.2636104,0.6814348629806257,1.0
PHACTR3,-0.41070354,-1.9044123,0.6812899253302417,1.0
AL390728.5,-0.41101304,-0.43038416,0.6810629711384343,1.0
RMI2,-0.41119948,-0.7870652,0.6809262656779639,1.0
SMIM26,-0.4112032,-0.27642757,0.6809235316756388,1.0
AGRN,-0.41126287,-0.5784989,0.680879788208583,1.0
RMRP,-0.41131508,-0.7455698,0.6808415135553496,1.0
FEZF1,-0.41135982,-0.78603655,0.6808087073638316,1.0
AC114781.2,-0.41146052,-1.7231104,0.6807348956408327,1.0
MFSD13A,-0.41149408,-0.31779557,0.6807102924126072,1.0
POC1B,-0.41253814,-0.07028076,0.679945028472551,1.0
SEC61B,-0.41304898,-0.17286292,0.6795707157837192,1.0
VWA8-AS1,-0.41334358,-0.903536,0.6793549071354621,1.0
EBP,-0.41339204,-0.13144602,0.6793193968372071,1.0
ABHD12B,-0.41352257,-1.9903845,0.6792237957251592,1.0
SESTD1,-0.41372764,-0.1231045,0.6790735758307148,1.0
QRICH2,-0.41385815,-1.0107849,0.6789779879882629,1.0
ORMDL2,-0.41396257,-0.22099505,0.6789015214314584,1.0
AC008750.7,-0.41410053,-2.6973755,0.6788004814076924,1.0
DPY19L2,-0.41426086,-0.18719757,0.6786830637678376,1.0
SPSB1,-0.4147158,-0.26870108,0.6783499678096346,1.0
H1F0,-0.41507003,-0.5881204,0.6780906333223795,1.0
CISD3,-0.4152602,-0.36623323,0.6779514273773249,1.0
AC034102.4,-0.41534597,-0.10434609,0.6778886518220149,1.0
UMAD1,-0.415428,-0.10011317,0.6778286077310742,1.0
HEG1,-0.4155063,-0.49074823,0.6777712948258285,1.0
GPI,-0.41573003,-0.088515714,0.6776075539440609,1.0
SLC39A1,-0.41584936,-0.49991012,0.6775202317003757,1.0
AL731566.3,-0.41594258,-1.2413619,0.6774520142122585,1.0
TIMM8B,-0.41600597,-0.50906473,0.6774056278311695,1.0
TCTN3,-0.41621107,-0.17603251,0.6772555626266994,1.0
AP1M1,-0.41622597,-0.23529398,0.6772446492932389,1.0
BNIP1,-0.41637513,-0.47401974,0.6771355196853115,1.0
TBCB,-0.41674802,-0.42329815,0.6768627253200701,1.0
BCL2L12,-0.4167704,-0.24208078,0.6768463590058058,1.0
PLXND1,-0.41712463,-0.4202707,0.6765872460379907,1.0
JADE2,-0.41722906,-2.2791471,0.6765108832036972,1.0
AC022469.2,-0.41754228,-4.67726,0.6762818146622496,1.0
PARK7,-0.41766906,-0.14754182,0.6761891049586141,1.0
GNB1,-0.41782567,-0.05463945,0.6760745879847898,1.0
GOLM1,-0.41793007,-0.064776406,0.6759982474983983,1.0
HAX1,-0.41796362,-0.49941954,0.6759737101923079,1.0
ETF1,-0.41813517,-0.11888929,0.6758483026700919,1.0
CPNE2,-0.41819856,-3.388804,0.6758019586878747,1.0
ZBTB20-AS3,-0.41887346,-0.7447173,0.6753086077883687,1.0
EIF1B,-0.41894805,-0.20967168,0.6752541024294423,1.0
TMEM79,-0.419526,-0.83621436,0.6748317436569677,1.0
ENKD1,-0.41953346,-1.9342712,0.6748262945352671,1.0
LMNB1-DT,-0.4200555,-0.94061655,0.6744448983971644,1.0
DDHD2,-0.4203501,-0.13135578,0.6742297189077622,1.0
XPO6,-0.420365,-0.027002407,0.6742188244522784,1.0
KLF12,-0.42045823,-0.119106576,0.6741507356531684,1.0
UCKL1-AS1,-0.42056638,-0.31180575,0.6740717559896251,1.0
IRAK4,-0.42100638,-0.92841583,0.673750427511471,1.0
POLR1A,-0.42101383,-0.08319713,0.6737449817788809,1.0
AC010328.1,-0.42105484,-4.0613327,0.6737150305552773,1.0
TTC4,-0.42120028,-0.1845956,0.673608844021782,1.0
CIAO2B,-0.42130095,-0.3629068,0.6735353340777865,1.0
ADD2,-0.42134944,-0.27250087,0.6734999415130347,1.0
ITM2B,-0.42144266,-0.2531251,0.673431880920347,1.0
CLUH,-0.42145756,-0.16504042,0.67342099147364,1.0
TTLL4,-0.42213994,-0.14334716,0.6729228725228519,1.0
AC007362.1,-0.42220333,-0.6609086,0.6728766064576033,1.0
CRMP1,-0.42258367,-0.12925662,0.6725990360743778,1.0
AC027228.1,-0.42260605,-0.9581463,0.6725827097936748,1.0
AC015878.1,-0.42262843,-0.19001807,0.6725663836673365,1.0
CHRDL1,-0.42284098,-0.3740148,0.6724112931673392,1.0
ZNF444,-0.42288572,-0.14136863,0.6723786443115709,1.0
TGDS,-0.42330334,-0.1739964,0.6720739514563183,1.0
CDH6,-0.42335182,-1.7450377,0.6720385888091435,1.0
CTC1,-0.42370233,-0.62857646,0.6717829112673623,1.0
RPAP3,-0.423803,-0.14836304,0.6717094789915202,1.0
TPMT,-0.42404166,-0.6663322,0.6715354298171532,1.0
AC009563.1,-0.42429894,-0.32832488,0.671347802781171,1.0
YEATS2,-0.42455998,-0.041819368,0.6711574774420477,1.0
BNC2,-0.42461964,-1.8357605,0.6711139774682737,1.0
NGB,-0.42485455,-2.8892376,0.6709427070348981,1.0
TMEM30A,-0.4248993,-0.1887348,0.6709100860329469,1.0
CLDN20,-0.42526844,-0.1118565,0.6706409864365168,1.0
ARRB2,-0.42529827,-0.7905171,0.6706192428588831,1.0
CBLL1,-0.42552575,-0.41161394,0.6704534571516005,1.0
AC005632.6,-0.4257681,-0.44341767,0.670276817908972,1.0
TCP1,-0.42582032,-0.15604405,0.6702387749190972,1.0
LRRC8A,-0.42587626,-0.3391696,0.6701980155112374,1.0
NAA60,-0.42588744,-0.21946889,0.6701898637461696,1.0
PIN1,-0.42636475,-0.2539658,0.6698420912926157,1.0
TMEM65,-0.42638338,-0.11115004,0.6698285078668431,1.0
EXOSC4,-0.42640203,-0.47717515,0.669814924549053,1.0
EMC6,-0.42642814,-0.64365315,0.6697959080855649,1.0
HAS3,-0.42649898,-0.8553577,0.669744293037372,1.0
B4GALNT1,-0.42652136,-1.8621322,0.6697279938724783,1.0
AL138830.1,-0.4265512,-0.6974742,0.669706261894566,1.0
AC015845.1,-0.42665932,-0.36171818,0.6696274857928002,1.0
SLC25A6,-0.42683458,-0.11803937,0.6694998218982778,1.0
ZSCAN31,-0.42712915,-0.4617268,0.6692852594227581,1.0
AC008764.2,-0.42734542,-0.38605225,0.6691277497262607,1.0
CPSF1,-0.42757663,-0.3046682,0.6689593933896636,1.0
TSACC,-0.4277034,-0.12673172,0.6688670760117672,1.0
LIFR,-0.4278078,-0.5642577,0.6687910536944386,1.0
PEX3,-0.4285051,-0.31711704,0.6682834203166549,1.0
NIP7,-0.4285722,-0.13413118,0.668234565209072,1.0
NDUFV1,-0.42874002,-0.15818755,0.6681124335887902,1.0
PER3,-0.4289041,-0.5219547,0.6679930244998624,1.0
ATG5,-0.42905325,-0.058978174,0.6678844780740445,1.0
TRIM3,-0.42929563,-0.6769862,0.6677081049479429,1.0
TSPAN18-AS1,-0.42955664,-0.47191718,0.6675181851810355,1.0
ODF2,-0.4296312,-0.15746176,0.6674639263010147,1.0
AC007448.5,-0.42964613,-0.50738394,0.667453074733618,1.0
TTC31,-0.42976174,-0.3140752,0.6673689774443003,1.0
AC013472.2,-0.4300041,-0.17700927,0.6671926579827605,1.0
ASNSD1,-0.43020174,-0.26929626,0.6670489034060851,1.0
ACBD5,-0.4302614,-0.2388291,0.667005508199497,1.0
MRPS27,-0.43036953,-0.069772884,0.6669268572268994,1.0
SRP19,-0.43041053,-0.10724626,0.6668970250568148,1.0
PSMA2,-0.43067157,-0.1978187,0.6667071963157354,1.0
LINC01356,-0.43083936,-0.38796782,0.6665851748208139,1.0
CRTC2,-0.4311414,-0.43192777,0.666365558361073,1.0
TUBA1A,-0.4313763,-0.5289206,0.6661947653288174,1.0
NDUFB7,-0.4313838,-0.14246112,0.6661893436111874,1.0
FOXP1-AS1,-0.4314658,-0.7524583,0.6661297058685078,1.0
SLC4A5,-0.4315031,-0.22981922,0.6661025985014365,1.0
CARS-AS1,-0.43165225,-0.3898907,0.6659941733950323,1.0
AC011933.4,-0.4317082,-0.074036226,0.6659535157796808,1.0
CRYBG3,-0.43177903,-0.043071114,0.6659020175429152,1.0
ZBTB20-AS5,-0.43190208,-0.16390698,0.6658125769812544,1.0
LIX1L-AS1,-0.4323719,-0.28791445,0.6654711203871848,1.0
PTPDC1,-0.432536,-0.14106633,0.6653518979124243,1.0
TRIP10,-0.43267396,-0.5541346,0.6652516491979912,1.0
ZNF395,-0.43278208,-1.2945105,0.6651730800644305,1.0
MRPL46,-0.43284175,-0.5588771,0.6651297331508517,1.0
ZMYM4,-0.43311396,-0.031588018,0.6649319770638464,1.0
AC010896.1,-0.43344957,-2.5504801,0.664688200279951,1.0
ARMC7,-0.43380752,-0.20254523,0.6644282107938824,1.0
NHLRC3,-0.43390074,-0.33169904,0.6643605118229599,1.0
LMF2,-0.43392685,-0.49850434,0.6643415566017823,1.0
ATF5,-0.4339343,-1.062577,0.6643361408637358,1.0
ARCN1,-0.4344489,-0.42408252,0.6639624972775533,1.0
ZNF134,-0.43452346,-0.49810937,0.6639083529607697,1.0
RNF126,-0.43470618,-0.44584295,0.6637757068002954,1.0
AHSA1,-0.43478823,-0.33355808,0.6637161548080105,1.0
KHDRBS2,-0.43486652,-1.7114885,0.6636593117058829,1.0
AL662884.5,-0.43500823,-0.036573976,0.6635564576796306,1.0
WDR41,-0.4350455,-0.099488676,0.663529391884228,1.0
AL358334.4,-0.43504924,-2.3940396,0.6635266853288357,1.0
NOX4,-0.43533635,-0.8166709,0.6633182937511246,1.0
ATP5F1C,-0.4355601,-0.13385305,0.6631559287581409,1.0
GRIN2D,-0.43577263,-0.72482675,0.6630016966693155,1.0
B3GAT2,-0.43616045,-0.08387694,0.6627203275650475,1.0
RPL26L1,-0.43621638,-0.45847833,0.6626797494086725,1.0
AP000892.1,-0.43647367,-0.5018817,0.6624931026427391,1.0
ARPIN,-0.43682417,-0.51162595,0.6622388639650081,1.0
ELK4,-0.43695468,-0.13950308,0.6621442105708755,1.0
ATL1,-0.4371001,-1.343954,0.6620387460042407,1.0
ADIPOR1,-0.4373574,-0.31616056,0.661852171271072,1.0
CACUL1,-0.43793166,-0.07373912,0.6614358338291427,1.0
ZNF785,-0.43799132,-0.28790525,0.6613925839924313,1.0
AKAP8,-0.4381181,-0.2203254,0.661300681842057,1.0
DRG1,-0.43822995,-0.053310104,0.6612195959484246,1.0
DST,-0.43835673,0.0023398406,0.6611277034076448,1.0
GNG4,-0.43873334,-0.382334,0.6608547586291235,1.0
RPGRIP1,-0.43909505,-0.78010386,0.660592665996652,1.0
GNB1L,-0.43979234,-0.41032287,0.6600875121232779,1.0
AC105339.6,-0.4399266,-1.059841,0.6599902810224948,1.0
ZPBP,-0.4399676,-1.5920655,0.6599605726646778,1.0
THOC5,-0.44025844,-0.26869693,0.6597499287816733,1.0
ARHGAP44,-0.44028082,-0.87676513,0.6597337265230212,1.0
LDLRAP1,-0.44093338,-0.1779427,0.6592612308851045,1.0
SLC35B1,-0.4410415,-0.37836623,0.6591829447329818,1.0
SLC25A4,-0.44111982,-0.25067645,0.6591262570914366,1.0
CFAP20,-0.44132864,-0.16810153,0.658975099620952,1.0
LRRCC1,-0.44165304,-0.38041767,0.6587402933257624,1.0
AL357141.1,-0.44168288,-0.718381,0.6587187036308779,1.0
VAV2,-0.4417388,-0.1593449,0.6586782237196876,1.0
AC008937.2,-0.4419551,-0.39667827,0.6585217108076644,1.0
LAMC3,-0.44221982,-0.55433893,0.6583301377804291,1.0
MALSU1,-0.44232425,-0.1101179,0.6582545940199369,1.0
UCK1,-0.4424361,-0.49042237,0.6581736581479518,1.0
NHEJ1,-0.44244355,-0.23013936,0.6581682625655685,1.0
C18orf21,-0.4425666,-0.20852298,0.6580792380267767,1.0
AC009884.1,-0.4431595,-0.2571592,0.6576503695845918,1.0
AC138028.1,-0.44348392,-0.75691265,0.6574157534025366,1.0
DDX51,-0.4441663,-0.21219282,0.6569223605882284,1.0
EPHB6,-0.44474798,-2.3107274,0.656501881484767,1.0
TIMM29,-0.44515815,-0.75172144,0.656205455190416,1.0
TMC7,-0.4456131,-0.8380946,0.655876754782136,1.0
YIPF3,-0.44571003,-0.28720748,0.6558067124862175,1.0
TRMT1,-0.44617987,-0.24664979,0.6554673196276111,1.0
ANAPC5,-0.44625446,-0.081988685,0.6554134542859624,1.0
TM2D1,-0.44638497,-0.16456726,0.6553191942517338,1.0
SLC18A2,-0.44641107,-0.43736964,0.6553003429037919,1.0
PLK2,-0.44641852,-1.1468977,0.655294956844725,1.0
NUBP1,-0.44647074,-0.34495527,0.6552572549333538,1.0
AP002383.2,-0.44659752,-0.4490883,0.6551656968071391,1.0
CISD1,-0.446687,-0.13081849,0.6551010706625994,1.0
AC211476.2,-0.44832024,-0.853171,0.6539220977311624,1.0
TUBA3D,-0.4484321,-1.0004183,0.6538413777090302,1.0
LINC02521,-0.448626,-0.32129294,0.6537014725964536,1.0
MRPL18,-0.44867074,-0.353125,0.6536691885293245,1.0
CTNNB1,-0.44895786,-0.06572353,0.6534620478566964,1.0
FARP1,-0.44955447,-0.41736838,0.6530317110774208,1.0
ZNF770,-0.4498938,-0.21952331,0.6527870085104786,1.0
CDS2,-0.44990873,-0.1544489,0.6527762532105694,1.0
SFXN3,-0.44994974,-0.1870448,0.6527466765079728,1.0
TRHDE-AS1,-0.4501474,-1.5819255,0.6526041782289913,1.0
POLR3B,-0.45045313,-0.10994376,0.652383734173446,1.0
AC105916.1,-0.4504718,-0.7300227,0.6523702934446378,1.0
ST6GALNAC2,-0.4506023,-0.3107449,0.6522762115039542,1.0
ARAF,-0.45062467,-0.731607,0.6522600837267499,1.0
STPG1,-0.45079246,-0.4547776,0.652139130580959,1.0
CREBL2,-0.45110568,-0.4641413,0.6519133758557738,1.0
AC037193.1,-0.45134062,-23.151928,0.6517440807428163,1.0
ALG1,-0.45145246,-0.3078984,0.6516634703305324,1.0
POMGNT1,-0.45155317,-0.22289623,0.6515909244400617,1.0
AL592546.3,-0.45180672,-0.3010906,0.651408230885334,1.0
SEC11C,-0.4520379,-0.30716076,0.6512416755898103,1.0
MRPL36,-0.45223927,-0.34708437,0.6510966254812162,1.0
ZNF430,-0.4523064,-0.18461177,0.6510482783798898,1.0
BLOC1S6,-0.4524108,-0.12780817,0.6509730746952194,1.0
KARS,-0.45279485,-0.12529609,0.650696463141827,1.0
OGFR,-0.45281723,-0.356521,0.6506803513297275,1.0
INPP5A,-0.45292166,-0.18674032,0.6506051650315894,1.0
ABHD17A,-0.45304844,-0.45012617,0.650513872163711,1.0
AKNAD1,-0.45323113,-0.08256025,0.6503823122546915,1.0
DEDD,-0.45359656,-0.18097308,0.6501192251228586,1.0
BTF3,-0.45400673,-0.2001696,0.6498239751823665,1.0
SLC2A4RG,-0.4542864,-0.60458934,0.6496226999231789,1.0
DGAT2,-0.45508066,-1.0117115,0.6490512176564915,1.0
Z97200.1,-0.45519623,-0.46566567,0.6489680613901851,1.0
AC068189.2,-0.45530438,-0.6278834,0.6488902740053637,1.0
AL627308.3,-0.45539016,-0.3635961,0.6488285832853906,1.0
AC073320.1,-0.4554386,-0.3676724,0.6487937156833143,1.0
STARD7-AS1,-0.4555281,-0.12260201,0.648729346748061,1.0
DOK6,-0.45564744,-0.0058123935,0.6486435255829575,1.0
ACOX2,-0.4557332,-0.4889014,0.6485818445025069,1.0
ARMC1,-0.45577794,-0.324513,0.6485496640262258,1.0
DPP9-AS1,-0.45585254,-1.4451654,0.648496031357546,1.0
EPHA4,-0.45602778,-0.64256275,0.648370001763428,1.0
MORC2-AS1,-0.45612845,-0.42369583,0.6482976063386444,1.0
C2CD4A,-0.45634845,-2.5818048,0.6481394204993892,1.0
TRIM5,-0.4563522,-0.79233205,0.6481367395203159,1.0
LRFN1,-0.4563671,-0.684763,0.6481260156496441,1.0
CTSC,-0.45637828,-0.44138193,0.6481179727945439,1.0
USP7,-0.45637828,-0.11294422,0.6481179727945439,1.0
PMFBP1,-0.4566505,-0.9071893,0.6479222759783012,1.0
DDX23,-0.4568481,-0.21707395,0.6477802099683658,1.0
MRM3,-0.45738137,-0.3965464,0.6473969637918405,1.0
PXK,-0.45760137,-0.15346895,0.6472388684728647,1.0
PCBP4,-0.45766848,-0.09503344,0.6471906391707982,1.0
NPM3,-0.4577878,-0.14133,0.6471049018474951,1.0
AL353586.1,-0.45801526,-1.0183966,0.6469414780484624,1.0
AL109946.1,-0.45814204,-1.050056,0.6468503967622513,1.0
FAR1,-0.45832476,-0.036994476,0.6467191418618321,1.0
COMMD4,-0.45909664,-0.4438229,0.6461647782068944,1.0
LSM2,-0.4591302,-0.099936016,0.6461406798928712,1.0
MPZL1,-0.45920104,-0.074930415,0.6460898068937687,1.0
ZNF76,-0.45960376,-0.16829196,0.6458006655041881,1.0
AC117383.1,-0.45962614,-0.94938815,0.6457846036623452,1.0
AL353689.3,-0.45993188,-0.47153148,0.6455651083799627,1.0
GPBP1,-0.4601668,-0.043429915,0.6453964927263399,1.0
SPATA33,-0.46034208,-0.59883636,0.6452707119663976,1.0
FXR2,-0.46043903,-0.4169435,0.6452011354796219,1.0
CCDC97,-0.46080816,-0.37475458,0.6449362380582798,1.0
LINC00539,-0.46090138,-0.94749,0.644869351894731,1.0
LINC01571,-0.4614831,-1.1008286,0.6444520471670305,1.0
TUBA4A,-0.46163598,-0.24052188,0.6443423895074973,1.0
PSMD2,-0.4617702,-0.17422074,0.64424611111405,1.0
AMMECR1L,-0.4618336,-0.24028838,0.6442006483915399,1.0
TMEM130,-0.4618709,-0.7541681,0.644173906235304,1.0
PI4K2B,-0.46209463,-0.28756392,0.644013462970728,1.0
RDH10,-0.46215802,-0.60036916,0.643968007061022,1.0
POC5,-0.46229598,-0.23646198,0.643869078213951,1.0
ZFP36L1,-0.4626838,-0.6156942,0.6435910417387873,1.0
NUDCD2,-0.46313125,-0.3731083,0.6432702924086564,1.0
AL133330.2,-0.46327668,-0.99808025,0.643166063184289,1.0
TRAF3IP3,-0.4636794,-1.5666121,0.6428774650613496,1.0
ATP5F1A,-0.46392176,-0.08487113,0.6427037977190513,1.0
DTNB,-0.46420142,-0.029581647,0.6425034365884641,1.0
GINS3,-0.46449974,-0.4672444,0.6422897467174908,1.0
ORAI2,-0.46484652,-0.3603176,0.6420413694590017,1.0
HIGD1A,-0.4648689,-1.2283815,0.6420253464942807,1.0
RCC1L,-0.4649062,-0.11951726,0.6419986419234088,1.0
PPP1R8,-0.4651262,-0.42418474,0.6418410943793321,1.0
STAM-AS1,-0.46584585,-2.280235,0.6413258396399482,1.0
SCARB1,-0.4658757,-0.05219307,0.6413044856570147,1.0
MMUT,-0.4659428,-0.43889505,0.6412564402804815,1.0
VCAN-AS1,-0.4660845,-0.7553412,0.6411550160867102,1.0
ECI2,-0.46677062,-0.0785007,0.6406640042311863,1.0
PHF6,-0.467054,-0.17116994,0.6404612408580044,1.0
ZNF595,-0.46727774,-0.33687234,0.6403011834662655,1.0
FBXO6,-0.46779978,-2.6789315,0.6399277812996349,1.0
AL355001.1,-0.4679079,-0.43808246,0.6398504451048541,1.0
MTLN,-0.4682435,-1.0412818,0.6396104611431275,1.0
LAMTOR5,-0.46827334,-0.2460493,0.6395891310600077,1.0
SYPL1,-0.46852317,-0.19374473,0.6394105033124718,1.0
FPGS,-0.46853063,-0.29016614,0.6394051714622295,1.0
NOL4L,-0.468952,-0.5817172,0.6391039521931493,1.0
NFYC,-0.46902284,-0.21314321,0.6390533105489997,1.0
MAPRE2,-0.46905267,-0.47096732,0.6390319882548832,1.0
KDM4D,-0.4691049,-0.9317795,0.638994674958079,1.0
POLR3A,-0.46943673,-0.124634504,0.6387574903715825,1.0
SLC17A7,-0.46950012,-1.4451947,0.6387121896527538,1.0
PPP4R2,-0.4703093,-0.06994701,0.6381340577917349,1.0
ISOC2,-0.47084624,-0.93966186,0.6377505340856201,1.0
AL391840.1,-0.4714988,-0.4726959,0.6372845767619408,1.0
MAGI2,-0.47158083,-0.29498193,0.6372260094094024,1.0
SMIM36,-0.47171134,-0.6121632,0.637132838745429,1.0
EPB41L5,-0.4719649,-0.0843008,0.6369518378535826,1.0
SPOUT1,-0.47231916,-0.44388044,0.6366990052296158,1.0
HMCES,-0.4723266,-0.4567845,0.6366936828920735,1.0
AL096869.1,-0.4725951,-0.9571005,0.6365020912283541,1.0
SELENOK,-0.4727144,-0.47162458,0.636416947179689,1.0
IBA57,-0.4732439,-0.38688606,0.6360391784161491,1.0
NDUFA7,-0.4733856,-0.37711018,0.6359381014168548,1.0
CZIB,-0.47346017,-0.61366135,0.635884905719231,1.0
SNRPB2,-0.47380322,-0.23592867,0.6356402297058128,1.0
MIB2,-0.473889,-0.5743315,0.6355790669151028,1.0
AP001160.1,-0.47390765,-0.20607054,0.6355657709851688,1.0
RELT,-0.47395983,-2.2748487,0.6355285430063469,1.0
PEAK3,-0.47400832,-1.5289446,0.6354939749936328,1.0
AL592528.1,-0.47453782,-0.5863808,0.6351164376675104,1.0
XXYLT1,-0.47455645,-0.08940779,0.6351031458279126,1.0
PHACTR4,-0.47461239,-0.07816561,0.6350632710147485,1.0
SERPIND1,-0.47535816,-0.6209352,0.6345317080245687,1.0
AC090971.2,-0.47538427,-0.2615679,0.6345131067311574,1.0
IRAK1BP1,-0.475388,-0.0699991,0.6345104494223687,1.0
ZNF530,-0.47540665,-1.2633387,0.6344971629490834,1.0
CFL1,-0.4754663,-0.137154,0.6344546470259735,1.0
RPA1,-0.47584292,-0.26918182,0.6341862931015582,1.0
TBK1,-0.4759436,-0.18686815,0.6341145630682654,1.0
HSD17B11,-0.476048,-0.47030944,0.6340401799974309,1.0
ATP6AP2,-0.4764097,-0.34247556,0.6337825243797035,1.0
EEF1AKMT3,-0.47647682,-0.72687566,0.6337347168797063,1.0
GRHL1,-0.4766558,-1.0857176,0.6336072376881174,1.0
UBXN8,-0.47705108,-0.24736384,0.6333257596707573,1.0
AC010761.3,-0.47712937,-0.75763494,0.6332700014552186,1.0
SVIP,-0.4778602,-0.91449755,0.6327496919355845,1.0
TENT5A,-0.47803548,-0.8859901,0.6326249508356623,1.0
GRIK4,-0.47806904,-0.61062765,0.6326010654341159,1.0
PACSIN3,-0.47831887,-0.70604765,0.6324232639357903,1.0
THUMPD2,-0.47852024,-0.07258238,0.632279976697641,1.0
FKBP7,-0.47874397,-0.5155145,0.632120784847233,1.0
APTR,-0.47893786,-0.24326697,0.6319828323683172,1.0
SPRY1,-0.47894904,-0.20726375,0.6319748739622724,1.0
SLC1A1,-0.47922498,-0.65111965,0.6317785801128203,1.0
TXNDC9,-0.4792772,-0.17715341,0.6317414463579745,1.0
TMED2,-0.47970602,-0.21377224,0.6314364542536326,1.0
USP1,-0.47973585,-0.13519815,0.6314152397448836,1.0
PPP1R15B,-0.4798999,-0.16609135,0.6312985653739508,1.0
CDKN1A,-0.48001924,-0.25706634,0.6312137170557238,1.0
DENND10,-0.48030636,-0.2619405,0.631009570707779,1.0
IDE,-0.4805972,-0.055786032,0.6308028018105474,1.0
SPCS2,-0.48061958,-0.24499516,0.6307868977076533,1.0
DNAJB11,-0.4807128,-0.3008377,0.6307206324531212,1.0
AC245014.3,-0.4810223,-1.5411913,0.6305006531051138,1.0
OGT,-0.48140636,-0.067472786,0.6302277122207453,1.0
CSNK1G2,-0.48146603,-0.24972974,0.6301853181640789,1.0
UXT,-0.4815033,-0.412351,0.6301588224970462,1.0
AC090579.1,-0.4820552,-0.1424362,0.6297667422606342,1.0
ABHD16A,-0.48236096,-0.27652872,0.6295495535095545,1.0
LITAF,-0.48244298,-1.1247333,0.6294912888057854,1.0
AC016766.1,-0.48256978,-1.7136298,0.6294012478901921,1.0
ZNF154,-0.48265553,-0.40256703,0.6293403409825918,1.0
SLC9A1,-0.4828569,-0.237692,0.6291973520649099,1.0
OPLAH,-0.4831179,-2.8765204,0.6290120167516693,1.0
SLFNL1-AS1,-0.48335284,-0.11240657,0.6288452349507696,1.0
EPB41L4A-AS1,-0.48341995,-0.2960167,0.6287975864855164,1.0
TEX9,-0.4834535,-0.114982076,0.6287737628326362,1.0
CCNK,-0.48358402,-0.18788595,0.6286811189682187,1.0
RIIAD1,-0.48368096,-1.4775915,0.628612301596637,1.0
PHF10,-0.48371452,-0.21500741,0.6285884809506039,1.0
CDKN3,-0.48383757,-0.3012409,0.6285011418902757,1.0
DCUN1D3,-0.4840203,-0.15096992,0.628371466211789,1.0
AL451062.1,-0.48409486,-0.37076122,0.6283185406588154,1.0
SIAE,-0.48449013,-0.48423958,0.6280380671326612,1.0
SLC41A2,-0.4845274,-0.30667904,0.6280116101377733,1.0
MAML1,-0.48460573,-0.23604476,0.6279560520044412,1.0
ZNF561,-0.48460945,-0.27012014,0.6279534064316292,1.0
NPDC1,-0.48476234,-0.18660103,0.6278449420627972,1.0
EFNB1,-0.4849264,-0.439366,0.6277285502187542,1.0
DUS3L,-0.48532912,-0.63588136,0.6274429004111215,1.0
ZNF101,-0.48541862,-0.6706817,0.6273794302559895,1.0
OBI1,-0.48598167,-0.23865156,0.6269801604572778,1.0
BOLA3-AS1,-0.48635083,-0.5853666,0.6267184468253982,1.0
C14orf93,-0.48672,-0.22702667,0.6264567801772716,1.0
ZNF639,-0.4868915,-0.3885168,0.6263352136891407,1.0
SAPCD1-AS1,-0.48737627,-1.3413496,0.6259917111189308,1.0
LRRC34,-0.4875254,-0.2747164,0.6258860343425827,1.0
MTRNR2L8,-0.48753288,-0.38998047,0.6258807507054597,1.0
MCUB,-0.48754779,-0.5290635,0.6258701834888456,1.0
STK32B,-0.48786473,-0.37575227,0.6256456483051329,1.0
ZNF613,-0.48794678,-1.142479,0.6255875389713755,1.0
AC105383.1,-0.4882861,-0.4477065,0.6253472023484341,1.0
AC008115.2,-0.48878577,-1.0909537,0.6249933725598098,1.0
KNSTRN,-0.48884916,-0.19691694,0.6249484898809035,1.0
ADAM11,-0.48902068,-0.85777974,0.6248270496058459,1.0
AC068051.1,-0.48928544,-0.3130051,0.624639629176449,1.0
FBXW5,-0.48934883,-0.41722465,0.624594757464209,1.0
ABCD3,-0.48953527,-0.10658973,0.6244627899077438,1.0
TMEM109,-0.48954645,-0.35311222,0.6244548722373258,1.0
JOSD1,-0.48955017,-0.29558006,0.6244522330234885,1.0
AC108925.1,-0.4897441,-0.9484895,0.624315000543506,1.0
AL009179.1,-0.48978883,-0.3159142,0.6242833333601052,1.0
H3F3A,-0.49009088,-0.16026054,0.6240695980274569,1.0
EMC2,-0.49033326,-0.10079198,0.6238981048986207,1.0
AL157871.6,-0.49046376,-1.4472773,0.6238057708855049,1.0
NLRX1,-0.4905197,-1.6411451,0.6237662009747571,1.0
NDUFS7,-0.4908441,-0.22386286,0.6235367169040327,1.0
NAT14,-0.49120206,-2.3861444,0.623283535506908,1.0
ZNF567,-0.491478,-0.13996999,0.6230884052268056,1.0
AC068025.1,-0.49151528,-0.77331096,0.6230620382993013,1.0
KCNB1,-0.4915675,-0.30269575,0.6230251254126545,1.0
FOSL1,-0.49157494,-2.4265087,0.6230198522204573,1.0
MIEF1,-0.49158242,-0.43915442,0.6230145790475918,1.0
KLF11,-0.49194038,-1.5822873,0.6227614894883766,1.0
ARFGEF1,-0.49204853,-0.052106347,0.6226850441141449,1.0
SLC35F6,-0.49207836,-1.4535972,0.6226639564508096,1.0
AC006064.4,-0.49290988,-1.5716333,0.6220762624618769,1.0
PITPNM2-AS1,-0.49319327,-2.8628378,0.6218760271427524,1.0
VPS26A,-0.49323803,-0.15020347,0.6218444135975546,1.0
TRIM71,-0.49333125,-1.3790684,0.6217785542860585,1.0
VLDLR,-0.4937265,-0.31043294,0.6214993444561245,1.0
GTF2IRD1,-0.49407703,-0.03585931,0.6212517888649244,1.0
EIF5,-0.49418515,-0.25068605,0.6211754239830775,1.0
BMPR2,-0.49437904,-0.031626005,0.6210385040695394,1.0
PCNX3,-0.4945282,-0.4261544,0.6209331899898346,1.0
AL109811.1,-0.49458414,-0.3056121,0.6208936992124813,1.0
STRN4,-0.4946699,-0.11608339,0.6208331488089949,1.0
MAFF,-0.49487126,-0.9461884,0.6206909970881526,1.0
THAP12,-0.49489364,-0.13566259,0.6206752033267571,1.0
SIL1,-0.49538958,-0.04063485,0.6203251531942711,1.0
EXOSC10,-0.4954082,-0.19349113,0.6203119950915779,1.0
NDUFA11,-0.49546042,-0.2577815,0.6202751530506116,1.0
RAP2C-AS1,-0.49584448,-0.1280233,0.6200041301916104,1.0
LRRC45,-0.4961838,-0.43594068,0.6197647257502961,1.0
SGK1,-0.49643737,-0.76788145,0.6195858564343448,1.0
AL031670.1,-0.49751502,-0.45043224,0.6188259131207807,1.0
FARSA,-0.49754113,-0.3248537,0.6188075112391553,1.0
HLA-B,-0.49801096,-1.6557587,0.6184763182446529,1.0
DNAJB4,-0.49829435,-0.505477,0.618276588501673,1.0
NDUFAF8,-0.49835402,-0.24913326,0.6182345437279919,1.0
MAP3K11,-0.4990774,-0.4708204,0.6177248503498205,1.0
NOP10,-0.49960318,-0.28908014,0.6173545185425511,1.0
AP5Z1,-0.4996554,-0.16410823,0.617317753315413,1.0
RIMS3,-0.4999947,-2.7492957,0.6170788027173049,1.0
TMEM11,-0.4999947,-0.24301332,0.6170788027173049,1.0
ALDH16A1,-0.500073,-1.0081856,0.6170236660275963,1.0
AC036103.1,-0.5001476,-0.22826587,0.6169711569018059,1.0
SLC29A2,-0.50045335,-0.16946271,0.6167558899648686,1.0
TMEM219,-0.5010798,-0.31617618,0.6163149581512445,1.0
AHCYL1,-0.50126255,-0.14508672,0.6161863791008437,1.0
UFC1,-0.5015608,-0.35607764,0.615976479429288,1.0
GINS4,-0.5018368,-0.7669466,0.6157823501910923,1.0
BTBD8,-0.5023737,-0.47385272,0.6154046622440956,1.0
FBXO16,-0.50292933,-0.36209264,0.6150139673687072,1.0
WWP2,-0.5030412,-0.06298494,0.614935317169402,1.0
MRPS26,-0.50391746,-0.21030991,0.6143193771184365,1.0
FFAR4,-0.50406665,-0.91072387,0.6142145633304525,1.0
TP53I13,-0.50428665,-0.059870973,0.6140599773771178,1.0
CHMP7,-0.50449914,-0.36868575,0.6139106479128544,1.0
CMTM7,-0.50495034,-0.09081055,0.6135937033556007,1.0
MAZ,-0.50496155,-0.15772463,0.6135858461431289,1.0
EIF4A1,-0.50502867,-0.17251387,0.6135387038003796,1.0
SRC,-0.5055619,-0.14849679,0.6131642408651192,1.0
AC005225.2,-0.50597954,-1.9651785,0.6128710256898151,1.0
TXNDC12,-0.5071541,-0.26478514,0.6120466902863687,1.0
PRIMA1,-0.5073704,-0.7504743,0.6118949613859117,1.0
ZNF513,-0.507389,-0.69571793,0.6118818820876777,1.0
DCTN3,-0.5075419,-0.8730668,0.6117746365094959,1.0
AC067817.2,-0.5076612,-1.7298994,0.6116909384253817,1.0
IFI27L1,-0.50798935,-0.3281528,0.6114607948385462,1.0
ROBO4,-0.5082951,-0.79053354,0.6112463773852611,1.0
PRPF19,-0.50838464,-0.24220465,0.611183627360443,1.0
TPT1,-0.50861955,-0.22649458,0.6110189221290925,1.0
DEF8,-0.5091043,-0.17505549,0.6106791163974614,1.0
HIST3H2A,-0.50941753,-0.4026153,0.6104595942075852,1.0
NUP62,-0.5098165,-0.34411636,0.6101800154760832,1.0
MTFR2,-0.50991344,-1.1237829,0.6101120890433362,1.0
AC068025.2,-0.5104243,-0.1998403,0.6097542244681582,1.0
UHRF1BP1L,-0.5104691,-0.17855996,0.6097228831090735,1.0
ZNF124,-0.51058096,-0.059881397,0.6096445328434301,1.0
AC007216.4,-0.5105884,-0.1118716,0.6096393096514889,1.0
COX11,-0.51122975,-0.09776554,0.609190189571823,1.0
BTBD10,-0.5113342,-0.19907287,0.609117090932287,1.0
AC006557.1,-0.51139754,-2.5106924,0.6090727115193204,1.0
DUSP14,-0.51150197,-0.37417424,0.6089996191518472,1.0
SYNGR1,-0.51164365,-0.25666708,0.608900428610954,1.0
SERP1,-0.51202774,-0.06855201,0.608631606204793,1.0
TMEM97,-0.5121172,-0.2881263,0.6085689755666125,1.0
ANXA8,-0.51286674,-0.28880277,0.608044556690732,1.0
FSTL1,-0.51288164,-0.39018008,0.6080341225388038,1.0
BACE1,-0.51293385,-0.15746526,0.6079976036356439,1.0
SLC9A8,-0.5131352,-0.16693388,0.6078567541697804,1.0
OPA1-AS1,-0.5135342,-0.25713393,0.6075777065514538,1.0
EBLN2,-0.51354164,-0.49461666,0.6075724912522976,1.0
POLE3,-0.51402265,-0.30775088,0.6072361466583085,1.0
PAF1,-0.51462674,-0.42505783,0.6068138782123373,1.0
PGGT1B,-0.5147983,-0.17344655,0.606693998747242,1.0
VRK2,-0.51491386,-0.06075758,0.6066132163823011,1.0
DENND11,-0.51547694,-0.11023115,0.6062197968528171,1.0
MTA2,-0.5156112,-0.75325155,0.6061260183193298,1.0
ZNF250,-0.5156186,-0.38939577,0.6061208085911037,1.0
LAMTOR3,-0.51581997,-0.4003059,0.6059801535022119,1.0
SETDB2,-0.5171064,-0.2546676,0.605081868750937,1.0
GTF3A,-0.51747185,-0.16477394,0.6048268127043079,1.0
TBCE.1,-0.51760983,-0.27519733,0.6047305285734133,1.0
SENP5,-0.51792306,-0.07859175,0.6045119630997354,1.0
UBE2N,-0.51793796,-0.0846897,0.6045015561042546,1.0
CLDN18,-0.5180051,-0.26777866,0.6044547256195216,1.0
PSMA6,-0.51854575,-0.12393916,0.6040775394472514,1.0
FAS,-0.5187956,-0.67778677,0.6039032891345426,1.0
NOL10,-0.5194817,-0.030676844,0.6034248671587819,1.0
C4orf46,-0.5196756,-0.18859959,0.6032896918402986,1.0
AC009137.1,-0.52010816,-0.23379862,0.602988195985988,1.0
NT5DC4,-0.52011937,-1.752096,0.6029803995789008,1.0
NEURL4,-0.52013797,-0.45277408,0.6029674056678942,1.0
MAP3K19,-0.5211634,-1.2933713,0.602252934707796,1.0
KAZN,-0.5212007,-0.22464697,0.6022269611351341,1.0
TAFA4,-0.52138716,-0.7159222,0.6020971008441535,1.0
RDH10-AS1,-0.5214356,-0.48923454,0.602063339236006,1.0
INPP5E,-0.5220695,-0.42179015,0.6016219198500568,1.0
C19orf54,-0.5223753,-1.3971621,0.6014090521208275,1.0
NBEAL2,-0.5228302,-0.18844484,0.601092409397908,1.0
PSMC5,-0.5229533,-0.29150236,0.6010067730740734,1.0
IRAK1,-0.5236356,-0.3952844,0.60053198076868,1.0
C4orf51,-0.52383703,-1.7883713,0.6003919105249367,1.0
STX19,-0.52409804,-0.29222485,0.6002103599756039,1.0
AC027279.1,-0.5243665,-0.96731704,0.600023648176691,1.0
CCDC85B,-0.52437025,-0.1256327,0.6000210551422989,1.0
FEM1C,-0.5244672,-0.2672858,0.5999536380278039,1.0
BAP1,-0.5245865,-0.92445403,0.5998706678234409,1.0
CTCF,-0.5249184,-0.14057769,0.5996399342536496,1.0
CDT1,-0.5250377,-0.7394196,0.5995569836913035,1.0
AC024267.4,-0.525116,-0.17517702,0.5995025502088549,1.0
FUZ,-0.5251757,-1.3032447,0.5994610785816705,1.0
TEDC1,-0.5251794,-0.8118719,0.5994584866481146,1.0
TMEM208,-0.5252204,-0.4270834,0.5994299757140102,1.0
CSNK2B,-0.52525026,-0.46928403,0.5994092408749897,1.0
SLC6A9,-0.52544415,-0.27487773,0.5992744723410128,1.0
MOB4,-0.5255933,-0.13142191,0.5991708135806877,1.0
ABCB10,-0.52592516,-0.13412432,0.5989402019958041,1.0
C8orf74,-0.5263055,-1.6466525,0.5986759550681946,1.0
GVQW2,-0.5263987,-0.5558206,0.5986111967336779,1.0
RAP2A,-0.52665603,-0.34829184,0.5984324802201929,1.0
RGL1,-0.52689093,-0.76271343,0.5982693254210715,1.0
KIRREL2,-0.52702147,-1.4139477,0.598178692591137,1.0
PARD3,-0.52743536,0.056911167,0.5978912982837988,1.0
BTG1,-0.5274726,-0.34007743,0.5978654099846357,1.0
AP000662.1,-0.5279499,-0.2981274,0.5975340847354932,1.0
KAT7,-0.5279686,-0.19827862,0.5975211440367364,1.0
MRPS21,-0.5285391,-0.1177884,0.5971252202570569,1.0
NAA16,-0.5290127,-0.11353699,0.5967966683034263,1.0
TRMT112,-0.52934825,-0.23181438,0.596563886033609,1.0
IFI27,-0.5294377,-1.8339543,0.5965018177443586,1.0
POLR2E,-0.5301388,-0.3366087,0.5960157179159029,1.0
KDM4B,-0.5302096,-0.09401586,0.5959666008522515,1.0
NUDT19,-0.5302917,-0.20712602,0.5959097307677685,1.0
ALKBH4,-0.5303886,-0.37515333,0.5958425238574759,1.0
AL589765.7,-0.5307876,-0.76339877,0.5955659779528988,1.0
DNAJA2,-0.5310971,-0.20562534,0.5953515013653049,1.0
CNMD,-0.53123134,-0.49549752,0.5952584863352562,1.0
INF2,-0.5313618,-0.5238668,0.5951680614150593,1.0
AC139530.3,-0.5316415,-0.5075452,0.5949743148455231,1.0
ALDH9A1,-0.5325327,-0.24256496,0.594357101309891,1.0
CNPPD1,-0.5335022,-1.2658688,0.5936859882173313,1.0
PPP4C,-0.5336439,-0.1867,0.593587931513319,1.0
AC013562.1,-0.5336812,-3.1038508,0.5935621283497664,1.0
AC008443.1,-0.53422934,-0.2632926,0.5931828811124233,1.0
AC079907.1,-0.5346171,-0.36325333,0.5929146372059845,1.0
NT5DC3,-0.53464323,-0.18955523,0.5928965843247256,1.0
NBPF10,-0.5347961,-0.5434708,0.5927908510796751,1.0
IPO11,-0.5348222,-0.11201312,0.5927727999261174,1.0
MAFK,-0.5349751,-0.6764594,0.592667076801669,1.0
AC127502.2,-0.5350385,-0.61539596,0.5926232429199685,1.0
TTC12,-0.5355941,-0.18881033,0.5922391154708836,1.0
PIR,-0.535829,-0.12723723,0.5920767335401363,1.0
PAQR5,-0.53614223,-0.2115823,0.5918602560937307,1.0
MRFAP1L1,-0.5365338,-0.506068,0.5915897104054573,1.0
EID3,-0.5365748,-1.9368495,0.5915613708118268,1.0
PMF1,-0.53667545,-0.19931762,0.5914918126355193,1.0
LAMTOR4,-0.5370558,-0.23098537,0.5912290712241817,1.0
FBXL6,-0.53758156,-0.78545934,0.5908659582309056,1.0
AL034351.3,-0.53823036,-1.8516744,0.5904180028058672,1.0
PDP2,-0.53879344,-0.54165035,0.5900293866351978,1.0
DUSP7,-0.5388904,-0.9190553,0.5899624844858988,1.0
SPTSSA,-0.5401619,-0.7200666,0.5890853607683055,1.0
CCDC142,-0.5402999,-0.19199763,0.5889902251863407,1.0
MEGF9,-0.54032975,-0.33325797,0.5889696562631488,1.0
ZNF611,-0.5404453,-0.336947,0.5888899548173714,1.0
PSMD8,-0.540643,-0.39851496,0.5887537025886772,1.0
PSRC1,-0.54095244,-2.127146,0.5885403557078186,1.0
C18orf54,-0.5410569,-0.4631794,0.5884683913220679,1.0
NMD3,-0.5414223,-0.11285829,0.5882165479890213,1.0
AC009562.1,-0.54176533,-0.772088,0.5879801689754164,1.0
RPP30,-0.5417952,-0.2679182,0.5879596163542988,1.0
SNW1,-0.54217553,-0.110916786,0.5876975995565255,1.0
ADORA2B,-0.54226875,-0.4785946,0.587633387995654,1.0
GPR180,-0.54255587,-0.20909083,0.5874356367843923,1.0
RNF10,-0.5425633,-0.1481819,0.5874305007996772,1.0
CHSY1,-0.5428392,-0.09338439,0.5872404839763774,1.0
HAUS5,-0.5429213,-0.54621917,0.5871839979762165,1.0
DNAJC25,-0.542966,-0.15978973,0.5871531884910113,1.0
SSNA1,-0.5431301,-0.66787046,0.5870402267830035,1.0
HIST1H2AG,-0.5433501,-0.62344736,0.586888771200038,1.0
IDI2,-0.54361486,-0.38092256,0.5867065350934608,1.0
ZCCHC17,-0.5437864,-0.1650565,0.586588480629394,1.0
GRWD1,-0.54392433,-0.7891134,0.5864935317679518,1.0
PHF20,-0.54408467,-0.043876734,0.5863831947458088,1.0
ZNF347,-0.54419285,-0.59378695,0.586308786839881,1.0
GRTP1-AS1,-0.54439044,-0.57651347,0.5861728112912432,1.0
TSPOAP1-AS1,-0.54456943,-0.5560662,0.5860496762479632,1.0
PLAUR,-0.5447111,-1.3144213,0.5859522028499451,1.0
CKS1B,-0.5453264,-0.55860853,0.5855290503655912,1.0
MAP4K4,-0.5464003,-0.010078367,0.584790797125804,1.0
SRP9,-0.5464264,-0.18371628,0.584772858859161,1.0
RAB11FIP1,-0.54653454,-0.4157173,0.5846985459087324,1.0
HM13-AS1,-0.546941,-0.8479616,0.5844192709963119,1.0
SYNM,-0.54714984,-0.3245237,0.5842758144440922,1.0
AKR1A1,-0.5474481,-0.21184298,0.5840709049441779,1.0
GLRA1,-0.5475264,-0.20453607,0.5840171217444735,1.0
CUX1,-0.5477949,0.012288989,0.5838327397099337,1.0
KCNK12,-0.5481864,-0.4018056,0.5835638978503617,1.0
EFCAB5,-0.5490739,-0.7395139,0.5829547366159592,1.0
BRD1,-0.54923797,-0.16332859,0.5828421510659613,1.0
AC079915.1,-0.5492678,-0.71009284,0.5828216820558577,1.0
TBL1X,-0.54940575,-0.029086417,0.5827270172469465,1.0
AL450306.1,-0.54954374,-0.35466734,0.5826323596133761,1.0
HS6ST1,-0.54959965,-0.22580826,0.5825939869414585,1.0
SFXN5,-0.54987186,-0.21538743,0.582407256778873,1.0
AC004835.1,-0.54992783,-1.1423196,0.5823688910283724,1.0
C1QL3,-0.55036783,-2.0609183,0.5820671216202081,1.0
GLS2,-0.5503864,-0.7870005,0.5820543363942604,1.0
NT5DC2,-0.5504573,-0.34742987,0.5820057537321894,1.0
AC020913.1,-0.5508265,-0.9144648,0.5817526431521367,1.0
MCM4,-0.55092716,-0.41660327,0.5816836219244534,1.0
BANF1,-0.55174005,-0.5475413,0.5811264797006257,1.0
TMTC4,-0.5523031,-0.19454597,0.5807407156978711,1.0
MYO19,-0.5527505,-0.049441975,0.580434233810669,1.0
C2orf69,-0.55308616,-0.09558379,0.5802044221330018,1.0
TMEM14B,-0.5536082,-0.09106594,0.5798470220857359,1.0
L2HGDH,-0.553817,-0.17021671,0.5797040909802256,1.0
TEX15,-0.55383563,-0.40527964,0.5796913300780706,1.0
DNAJC10,-0.5539587,-0.10524686,0.5796071114286991,1.0
ZNF644,-0.5545926,-0.045121238,0.5791733487591516,1.0
SLC35G1,-0.5550997,-0.09472716,0.5788264483935728,1.0
RHOU,-0.5553011,-0.41855523,0.5786887356203371,1.0
MED19,-0.5553794,-0.2510127,0.5786351848110067,1.0
ZFAND4,-0.55586785,-0.13731891,0.5783011823472644,1.0
EIF3G,-0.55631536,-0.29117668,0.5779953054682874,1.0
NABP1,-0.55643463,-0.6747151,0.577913751156756,1.0
IL1A,-0.5565428,-1.687669,0.5778398472389379,1.0
B3GNT2,-0.5566062,-0.88799953,0.5777965263203861,1.0
AC027237.3,-0.55671805,-0.62921554,0.5777200813693315,1.0
WDR82,-0.55712074,-0.30837318,0.5774449189685515,1.0
FBF1,-0.55728483,-0.47191703,0.5773328334638204,1.0
CHMP5,-0.5573072,-0.42313978,0.5773175498707659,1.0
AL445183.2,-0.5574265,-0.7211975,0.5772360405930426,1.0
C1orf198,-0.55772483,-0.549691,0.577032291118796,1.0
MRPL14,-0.55838114,-0.32788488,0.5765841616062355,1.0
GSG1,-0.55847436,-0.44287908,0.576520520160375,1.0
DCLRE1A,-0.5586608,-0.85598886,0.5763932472086303,1.0
C9orf40,-0.55931705,-0.81370324,0.5759453518916589,1.0
HLA-A,-0.5597384,-0.40789038,0.5756578693800376,1.0
UTP15,-0.5598316,-0.23740436,0.5755942762118791,1.0
AC009716.1,-0.5603798,-0.46358904,0.5752204155242278,1.0
AL139807.1,-0.56078994,-0.6673696,0.5749407309286042,1.0
ZNRD2,-0.5610435,-0.5386492,0.5747678671683776,1.0
INTS6,-0.56145746,-0.08329499,0.5744857453345918,1.0
RAB11FIP4,-0.56181914,-0.79865026,0.5742392601072492,1.0
DYNLRB1,-0.561931,-0.4401244,0.5741630377017767,1.0
SSB,-0.5624344,-0.14721721,0.5738200961782756,1.0
RUVBL2,-0.56294894,-0.28614938,0.5734696340747532,1.0
WDR83,-0.5629527,-0.38900298,0.5734670948646654,1.0
AC011043.1,-0.56333303,-0.3680013,0.57320812343964,1.0
POLR2H,-0.5634897,-0.2131319,0.5731015042715624,1.0
AC106820.4,-0.5637283,-0.30838454,0.5729390550603217,1.0
UBR7,-0.56426525,-0.42287683,0.5725736242451577,1.0
YAP1,-0.5651117,-0.13496873,0.5719977880012093,1.0
AC004837.2,-0.5652198,-0.89930785,0.5719242428501257,1.0
MED4-AS1,-0.56533915,-0.51113164,0.5718430947965633,1.0
ATP5F1D,-0.56566733,-0.10526994,0.5716199658765019,1.0
EXOSC6,-0.56642425,-0.32666212,0.5711054060071661,1.0
AC007314.1,-0.56650627,-0.17328852,0.5710496541422645,1.0
CASP7,-0.56683445,-0.62314385,0.5708266725942992,1.0
NACC1,-0.5675578,-0.20651053,0.5703352461461617,1.0
NOMO1,-0.56827,-0.3315703,0.5698516161437719,1.0
FAM149A,-0.5683931,-0.22437859,0.5697680768556439,1.0
PGP,-0.5684789,-0.22251308,0.5697098559584499,1.0
AL049840.5,-0.56924325,-0.71619946,0.5691910560017113,1.0
MT1X,-0.569508,-0.20033078,0.5690114266764696,1.0
PPID,-0.5695267,-0.24936496,0.5689987777446284,1.0
GADD45A,-0.5696609,-0.2674412,0.568907709400409,1.0
AC090948.4,-0.569989,-0.9421655,0.5686851272112318,1.0
CCDC200,-0.570567,-0.49173152,0.5682931802789278,1.0
LINC01291,-0.57058567,-0.1801876,0.5682805389806471,1.0
SNAP25,-0.5707087,-0.72234696,0.5681971097848761,1.0
METTL4,-0.57117856,-0.25011963,0.5678786158448734,1.0
EIF2AK4,-0.5717379,-0.15329087,0.567499567823317,1.0
LRRC37B,-0.5718162,-0.28232333,0.5674465107699191,1.0
ERCC1,-0.572025,-0.28572294,0.5673050369091333,1.0
RECQL,-0.57206976,-0.47341573,0.5672747232801121,1.0
ICE1,-0.572122,-0.14772134,0.5672393583603145,1.0
HEBP1,-0.5721406,-1.0340286,0.5672267282877861,1.0
HDAC1,-0.57241654,-0.32841608,0.5670398189681302,1.0
RBM19,-0.5732108,-0.15091242,0.5665019880293997,1.0
GMFB,-0.5733711,-0.4399414,0.566393441521723,1.0
ACTR1B,-0.5736918,-0.32173863,0.5661763784444589,1.0
PRKAB1,-0.5742884,-0.33246318,0.5657726464220739,1.0
MLST8,-0.5742959,-0.41193533,0.5657676006468177,1.0
IRF3,-0.5742959,-0.42676988,0.5657676006468177,1.0
EML5,-0.5744189,-0.9037396,0.5656843484752726,1.0
ADAT1,-0.5748179,-0.35902852,0.5654144500921439,1.0
ATE1,-0.5748701,-0.033865433,0.5653791408632336,1.0
CYB5A,-0.57491857,-0.18254958,0.5653463546709041,1.0
AC104655.1,-0.5751908,-0.27650762,0.5651622645636598,1.0
AC145207.5,-0.57541823,-0.5425975,0.5650084579472584,1.0
EIF2B1,-0.5757725,-0.11470636,0.5647689631409594,1.0
GMCL1,-0.57672334,-0.15284938,0.564126350225362,1.0
AL078581.4,-0.57689863,-0.4373968,0.56400794628437,1.0
JMJD6,-0.57768166,-0.32844818,0.5634790536657859,1.0
MATR3.1,-0.57769656,-0.23418054,0.5634689818414262,1.0
AC009686.1,-0.57798743,-0.21735062,0.5632725986142829,1.0
SLC2A1,-0.57842743,-0.7940217,0.5629755687879219,1.0
ACVR1B,-0.5785915,-0.17102665,0.5628648312489697,1.0
DEFB131B,-0.5794641,-1.2349015,0.5622760855343478,1.0
NACA,-0.5795834,-0.16543347,0.5621955964248149,1.0
MAPK6,-0.57981086,-0.12793462,0.562042179479054,1.0
ACYP1,-0.5798817,-0.49224538,0.5619943980050355,1.0
AP5M1,-0.58026206,-0.063304126,0.5617379204937405,1.0
ABCA2,-0.58085495,-0.5007925,0.5613382302012937,1.0
C16orf87,-0.5814329,-0.1703211,0.5609487274824383,1.0
TMEM86B,-0.58151495,-1.1752483,0.5608934538294565,1.0
KIAA0825,-0.5816007,-0.54462636,0.5608356705569453,1.0
SLC25A17,-0.5819624,-0.14824317,0.5605920075985535,1.0
EGLN1,-0.5820034,-0.35557562,0.5605643789539235,1.0
HIST1H3B,-0.58212274,-0.2999023,0.5604840084652831,1.0
CBR1,-0.58239865,-0.4405208,0.5602981730926282,1.0
LINC00265,-0.5824322,-0.39543924,0.5602755735298639,1.0
ANKRD23,-0.58279395,-0.18765298,0.5600320285043636,1.0
INIP,-0.582958,-0.26074287,0.5599215713945659,1.0
COX5B,-0.58344275,-0.20952512,0.559595282566051,1.0
GOLPH3,-0.5837709,-0.14041938,0.5593744624949286,1.0
ZBED1,-0.5845577,-0.33514786,0.5588451685060907,1.0
ZNF622,-0.5846546,-0.8546982,0.5587799642840956,1.0
KAT2B,-0.5847777,-0.29024515,0.5586972104016266,1.0
AP001775.2,-0.58490074,-0.800981,0.5586144624737632,1.0
NDUFA1,-0.58529973,-0.19336915,0.5583461995513537,1.0
AC139722.1,-0.5866011,-0.85577077,0.5574716466395573,1.0
LINC02147,-0.5869404,-1.2080026,0.5572437210063648,1.0
ACOT7,-0.58708584,-0.20735936,0.5571460524860551,1.0
ARF1,-0.587235,-0.2004859,0.557045888306474,1.0
AL353593.1,-0.5873394,-0.4349395,0.5569757786005277,1.0
LINC01122,-0.5875818,-0.17526726,0.5568130405012568,1.0
ABHD15,-0.5881933,-0.5693283,0.5564025427728092,1.0
AC096733.1,-0.5885923,-0.35026133,0.556134797609722,1.0
PTP4A3,-0.5886818,-0.47523203,0.5560747512512405,1.0
SPIN4,-0.5891628,-3.0774508,0.5557520562787516,1.0
TM7SF3,-0.5892784,-0.07425465,0.5556745230501585,1.0
CPD,-0.5899235,-0.09779831,0.5552419346057612,1.0
ZNF274,-0.5901174,-0.3344227,0.555111940187613,1.0
TRIM24,-0.59061706,-0.13163179,0.554777023127865,1.0
ANKRD33B-AS1,-0.59074014,-0.6925489,0.5546945587166257,1.0
TECPR2,-0.5907998,-0.14788511,0.554654578129451,1.0
TRIM33,-0.5913218,-0.12345125,0.5543048081137139,1.0
TMOD2,-0.5915642,-0.11098471,0.5541424515848162,1.0
PIGO,-0.5919483,-0.7153991,0.5538852266009524,1.0
KCNK5,-0.59214216,-1.2305406,0.5537553876546684,1.0
C21orf91,-0.5924256,-0.20589629,0.5535656498563726,1.0
AL358115.1,-0.59248525,-0.14150622,0.5535257091151368,1.0
AC104984.4,-0.59250385,-1.8513983,0.553513227923031,1.0
OSBPL5,-0.59254116,-0.27243724,0.553488265952452,1.0
ARSJ,-0.59255606,-0.649153,0.5534782813186473,1.0
ST3GAL4,-0.593011,-0.48572347,0.5531737923855917,1.0
LSM8,-0.5932795,-0.13387845,0.55299413253482,1.0
PRKRA,-0.5933876,-0.11186985,0.5529217776225603,1.0
NFKBIA,-0.5936598,-0.79352176,0.5527396633970771,1.0
MRPL30,-0.5936785,-0.36412093,0.5527271908966866,1.0
GUCA1C,-0.59378284,-0.7802765,0.5526573474458107,1.0
MAP7D2,-0.5947747,-1.9885931,0.5519940506836525,1.0
NCKAP1,-0.5960873,-0.054995086,0.5511169060120942,1.0
STX1A,-0.5963707,-0.38070434,0.5509276125174947,1.0
AC009303.2,-0.5981158,-0.730242,0.5497626684787087,1.0
ADNP-AS1,-0.59824634,-0.31069237,0.5496755954098972,1.0
ATP5PB,-0.59856325,-0.23471685,0.5494641605471553,1.0
ABHD14A,-0.59916735,-0.19099095,0.5490613016515844,1.0
XYLT2,-0.59943956,-0.1341182,0.5488798141125009,1.0
SART3,-0.59945446,-0.14159623,0.5488698704454499,1.0
WNK3,-0.60049856,-0.41776022,0.5481740347669053,1.0
ACP1,-0.60050225,-0.2066384,0.5481715504207783,1.0
QSER1,-0.60072225,-0.054725185,0.5480249838463918,1.0
CA13,-0.60072225,-1.147532,0.5480249838463918,1.0
AKTIP,-0.6007708,-0.5712131,0.5479926921203337,1.0
GLA,-0.6009721,-0.6682997,0.5478585673249661,1.0
AP1S3,-0.6010206,-0.40939105,0.5478262804461032,1.0
UQCR11,-0.6021131,-0.28053895,0.5470988334779645,1.0
TYMSOS,-0.6023369,-0.72190225,0.5469499272224329,1.0
PDE6A,-0.6032169,-0.9625463,0.5463644240089227,1.0
MEIOC,-0.603407,-0.34373987,0.5462379365916095,1.0
OSTF1,-0.60344803,-0.73573333,0.5462106568944942,1.0
C12orf45,-0.6043542,-0.12099146,0.5456081958511627,1.0
TNKS2,-0.6044586,-0.088408105,0.5455387976575493,1.0
RHPN2,-0.60459656,-0.7112636,0.5454470996192182,1.0
AC007431.1,-0.6047867,-0.41836888,0.5453207175633776,1.0
FAM234B,-0.605003,-0.32175383,0.5451770066151543,1.0
NAB1,-0.6051111,-0.30300274,0.5451051581918253,1.0
RPA3,-0.6054169,-0.13302226,0.5449020260231042,1.0
PRDX2,-0.60543925,-0.44736987,0.5448871641697852,1.0
PRNP,-0.60636777,-0.3979371,0.5442705748441976,1.0
PRKCA,-0.60645354,-0.25304595,0.5442136383136308,1.0
SYCP2,-0.60667723,-0.556562,0.5440651221733226,1.0
MORF4L1,-0.6068637,-0.111354955,0.5439413741206718,1.0
IDH1,-0.60687864,-0.2750623,0.5439314748812549,1.0
MEP1B,-0.60692334,-1.55513,0.5439017777006461,1.0
THRAP3,-0.60745656,-0.09060002,0.5435479483779649,1.0
AC027237.2,-0.6074715,-0.6025539,0.5435380527014582,1.0
RNF139,-0.60784066,-0.3682079,0.5432931632825464,1.0
DCBLD1,-0.60821354,-0.35483816,0.5430458560126866,1.0
RPL27,-0.60839623,-0.24816242,0.5429246959216433,1.0
H1FX,-0.6084783,-0.31981295,0.5428703018940577,1.0
AL118556.1,-0.6087878,-0.4978902,0.5426651125088207,1.0
RAB23,-0.60935456,-0.31323278,0.5422894442259865,1.0
PIK3C2A,-0.6095149,-0.06159157,0.5421831931825821,1.0
MRPL17,-0.6095261,-0.7961279,0.5421757807065517,1.0
RNF166,-0.6098691,-0.32564366,0.5419484893186134,1.0
RHBDL3,-0.6100668,-1.0072923,0.541817571299793,1.0
GADD45GIP1,-0.6102271,-0.27926928,0.5417113663911906,1.0
LHX8,-0.6103539,-1.3896646,0.541627397773198,1.0
PBRM1,-0.61048067,-0.06903044,0.5415434356525564,1.0
NOTCH2NLA,-0.6104844,-0.426549,0.541540966276788,1.0
SEC16A,-0.6105254,-0.2584991,0.5415138035143475,1.0
SDCBP2,-0.61145765,-0.8488489,0.5408966514629165,1.0
AC091117.2,-0.61146885,-0.35998455,0.5408892477730417,1.0
RAD9A,-0.61173356,-0.18163766,0.5407140418960246,1.0
AC134772.1,-0.6118119,-0.48885685,0.540662225876231,1.0
SGIP1,-0.61191255,-1.4670365,0.5405956089269444,1.0
DLG5,-0.61215496,-0.12344363,0.5404352516228923,1.0
MLLT1,-0.6126621,-0.25491738,0.5400998117725744,1.0
BEND3,-0.6138851,-0.3460136,0.539291238597795,1.0
RWDD1,-0.6147092,-0.26436907,0.5387467799232004,1.0
GRAMD1C,-0.61500376,-1.7243932,0.5385522213122003,1.0
RAB6B,-0.6151902,-0.42095026,0.5384291011625376,1.0
ZBTB17,-0.61651397,-0.685171,0.5375553542987869,1.0
ATMIN,-0.61662954,-0.38615882,0.5374790891021735,1.0
LARS2-AS1,-0.61662954,-0.33381912,0.5374790891021735,1.0
EMSY,-0.6166892,-0.29554683,0.5374397285468606,1.0
SPTBN1,-0.6169763,-0.04912948,0.537250326130333,1.0
ADORA2A,-0.6175133,-1.1120071,0.5368962090590812,1.0
AC010624.5,-0.61766994,-1.8567908,0.5367929470244455,1.0
SP110,-0.61789364,-1.1302732,0.5366454471595119,1.0
CLASRP,-0.61798316,-0.22816958,0.5365864529222839,1.0
AC021205.3,-0.6180503,-0.536088,0.5365422093854137,1.0
RYBP,-0.61835605,-0.056904607,0.5363406787218477,1.0
TSFM,-0.6184828,-0.22728407,0.5362571284004953,1.0
CA14,-0.61852753,-1.0261326,0.5362276416158396,1.0
TSPAN18,-0.6189825,-0.10755529,0.5359279056358444,1.0
AC097537.1,-0.61914283,-0.7104506,0.5358222810989903,1.0
POP7,-0.6193106,-0.81890595,0.5357117550211097,1.0
R3HDM1,-0.6197693,-0.032923672,0.5354097090139532,1.0
DLD,-0.6198364,-0.10727042,0.5353655143589917,1.0
SLC27A4,-0.6206381,-0.40303075,0.5348377759289713,1.0
TMEM131L,-0.62096995,-0.05814374,0.5346193935810315,1.0
RPS19BP1,-0.62138385,-0.47698364,0.5343470921410645,1.0
METTL17,-0.6215032,-0.2698181,0.5342686038273461,1.0
CCNT2-AS1,-0.6217381,-0.28929847,0.5341140969698751,1.0
SKIV2L,-0.6218276,-0.19336809,0.5340552431498868,1.0
NUDT15,-0.6218313,-0.38820025,0.5340527909784586,1.0
RUNDC3B,-0.6224988,-0.423703,0.5336139439124771,1.0
NDUFB3,-0.62271506,-0.2606687,0.5334717867554937,1.0
BOLA3,-0.6228232,-0.40982607,0.5334007153557419,1.0
PYURF,-0.62305063,-0.8897286,0.5332512359660968,1.0
HES1,-0.6232483,-0.32948267,0.5331213776283602,1.0
TOX3,-0.6233676,-4.3173814,0.5330429803376533,1.0
SMAD6,-0.6234496,-0.34220976,0.5329890855827768,1.0
NOP16,-0.62351304,-0.4621076,0.5329474415236896,1.0
SERGEF,-0.6248554,-0.074397676,0.5320659539756727,1.0
UQCRB,-0.62493,-0.24333481,0.532017004106853,1.0
NGRN,-0.6251015,-0.32043543,0.5319044280662923,1.0
PCBP1,-0.6255527,-0.2523172,0.5316083617706231,1.0
AADAT,-0.62592185,-0.1937754,0.5313661878543636,1.0
E2F4,-0.62661916,-0.2289068,0.5309089009074655,1.0
DNAJA1,-0.62683916,-0.16008212,0.5307646646573649,1.0
GLO1,-0.6268839,-0.20522688,0.5307353309048397,1.0
DHX37,-0.6273687,-0.17001064,0.5304176013338477,1.0
SNIP1,-0.62771547,-0.47511163,0.5301903617637513,1.0
MLEC,-0.627928,-0.21532911,0.5300511103442991,1.0
SCN8A,-0.6287595,-0.43004137,0.5295064983110802,1.0
HMBS,-0.6289236,-0.7615694,0.529399074846141,1.0
TMEM160,-0.62919205,-0.5755567,0.5292233149040314,1.0
LSMEM1,-0.6295687,-0.45908114,0.5289768127966417,1.0
NUMB,-0.6297365,-0.111006945,0.5288670039430028,1.0
AC092343.1,-0.6297365,-0.3467458,0.5288670039430028,1.0
AL449214.1,-0.63044494,-0.42234805,0.5284034944998919,1.0
GRK2,-0.6306277,-0.45570338,0.528283991421762,1.0
UPF1,-0.6311497,-0.2043409,0.5279426299332195,1.0
HPS3,-0.63133615,-0.5871025,0.5278207423661101,1.0
DDHD1,-0.6314965,-0.086540975,0.5277159305324746,1.0
COG3,-0.6320558,-0.24723314,0.5273503909453001,1.0
CCHCR1,-0.63232803,-0.8658143,0.5271725417493087,1.0
ATP8B4,-0.6323989,-1.4439076,0.5271262572524242,1.0
USP3,-0.63284636,-0.013190363,0.5268339820275612,1.0
SLC37A3,-0.6329769,-0.11243681,0.5267487506735019,1.0
AC092140.1,-0.6337562,-1.1691366,0.5262399443096837,1.0
FBXO11,-0.6337786,-0.034444906,0.5262253411373925,1.0
S100A13,-0.633786,-0.7878486,0.5262204734593099,1.0
MAPRE1,-0.6346959,-0.28033,0.5256267894073052,1.0
ATF3,-0.6347779,-0.6758181,0.5255732773574007,1.0
NDUFB4,-0.6349345,-0.43638453,0.5254711257273221,1.0
RLF,-0.6356057,-0.11119676,0.5250334480922723,1.0
HSPA5,-0.63610536,-0.25026834,0.5247077426170639,1.0
ARL2,-0.6365081,-0.29613405,0.5244453090537914,1.0
AFG3L2,-0.6367691,-0.08950894,0.5242752491500398,1.0
ZNF800,-0.63683623,-0.15102088,0.5242315240284843,1.0
SPAG5,-0.6369481,-0.6003642,0.5241586529791701,1.0
SSR4,-0.63729113,-0.3253404,0.5239352141390272,1.0
HYLS1,-0.63771623,-0.7405325,0.5236584120344664,1.0
SATL1,-0.637802,-0.567201,0.5236025750903796,1.0
KEAP1,-0.6384508,-0.3153705,0.5231802554401208,1.0
FAAH,-0.63862234,-0.39635947,0.5230686369439735,1.0
BCAR1,-0.6388051,-0.59260774,0.522949752428923,1.0
C17orf53,-0.6389803,-0.7326759,0.5228357333803026,1.0
AL078600.1,-0.63926744,-0.8877218,0.5226489638096029,1.0
ANKFY1,-0.63948745,-0.14443977,0.5225058778525566,1.0
SH3BP5L,-0.63961047,-0.80264175,0.5224258555017401,1.0
SHARPIN,-0.6398827,-0.33157632,0.522248858738445,1.0
DDX46,-0.64013255,-0.0862061,0.5220864367843603,1.0
NDNF,-0.6407441,-1.2225378,0.5216889762392312,1.0
YWHAZ,-0.6408858,-0.104570225,0.5215969039387642,1.0
KCTD5,-0.641501,-0.64873016,0.5211972133011309,1.0
MOK,-0.6416502,-0.30506244,0.5211003423503062,1.0
UBE2K,-0.6422841,-0.025208367,0.5206887442494494,1.0
C20orf27,-0.6424071,-0.7076266,0.5206088652101863,1.0
TIFA,-0.64279497,-1.1685253,0.5203571665168347,1.0
FAF2,-0.642821,-0.17525932,0.5203402275117501,1.0
MRPL13,-0.64289933,-0.24583752,0.5202894122018167,1.0
EHMT2,-0.64295155,-0.47559443,0.520255536749696,1.0
SEMA4B,-0.64355564,-1.6112708,0.5198636320882111,1.0
STAT2,-0.64360034,-0.47100937,0.5198346081718455,1.0
DOP1B,-0.6439285,-0.37603906,0.5196217916602277,1.0
ZNF180,-0.64443934,-1.3530617,0.519290564538132,1.0
PRPF3,-0.6445401,-0.16952011,0.5192252990594357,1.0
MSTO1,-0.64492786,-0.27988374,0.5189739456815051,1.0
PAFAH1B2,-0.64570343,-0.29432705,0.5184714275172859,1.0
LINC02693,-0.64582276,-0.48007962,0.518394139357654,1.0
USP36,-0.6461099,-0.07361758,0.518208189132217,1.0
EME1,-0.64667296,-0.8363757,0.5178436336486487,1.0
KRI1,-0.64680344,-0.28909302,0.5177591529768497,1.0
SSU72,-0.64718753,-0.2537743,0.5175105798034242,1.0
GPRC5D-AS1,-0.6472472,-0.46623182,0.5174719720381683,1.0
PLEKHH2,-0.64761263,-0.73039144,0.5172355320096127,1.0
AC108134.2,-0.64795566,-0.6556174,0.5170136188158347,1.0
WDCP,-0.64855975,-0.6412877,0.5166229785271189,1.0
PPAN,-0.64874244,-0.4002274,0.5165048520333355,1.0
DAPP1,-0.6491191,-1.1474862,0.5162614109869076,1.0
CCDC86,-0.6509984,-0.5106985,0.5150475058136917,1.0
FBXL18,-0.65100586,-0.25298518,0.5150426916846507,1.0
SNX9,-0.6521096,-0.074970864,0.5143304583761729,1.0
PTPN11,-0.6523371,-0.11702954,0.5141837442347699,1.0
YY1AP1,-0.6524452,-0.18508127,0.5141140025228679,1.0
SUPV3L1,-0.65266895,-0.1619544,0.5139697249474047,1.0
ZSWIM5,-0.6529076,-0.5743071,0.5138158520866789,1.0
SP1,-0.65298593,-0.3586677,0.5137653677777733,1.0
SLC25A10,-0.6532134,-0.6513398,0.5136187375203715,1.0
RAI1,-0.6532954,-0.21671583,0.513565859821677,1.0
PPP2R3C,-0.6534744,-0.26928744,0.5134505001338505,1.0
AC011921.1,-0.6537056,-0.2976702,0.5133015138392327,1.0
TMEM147,-0.653851,-0.6045758,0.5132078081890945,1.0
AC007922.3,-0.6539144,-0.86165553,0.513166964924718,1.0
B4GALNT4,-0.65397775,-0.35619146,0.5131261233533406,1.0
HPCAL1,-0.65432084,-0.16127315,0.5129051277555109,1.0
CDKL5,-0.6546266,-0.24872036,0.5127081952246098,1.0
AC092100.1,-0.6546714,-0.41083002,0.5126793791356348,1.0
CD81,-0.65484285,-0.12717065,0.5125689252814352,1.0
ATOX1,-0.6551337,-0.3091062,0.5123816623173318,1.0
NOC3L,-0.6559988,-0.12750936,0.5118248859573777,1.0
PPP2R5D,-0.6561965,-0.25271866,0.5116977356733317,1.0
WSB2,-0.65631205,-0.37963608,0.5116233723947616,1.0
NOC2L,-0.6569534,-0.12542202,0.5112108786401387,1.0
CLOCK,-0.65738225,-0.045856982,0.5109351803210627,1.0
TPRN,-0.6575202,-0.6002756,0.5108464939050441,1.0
CCT6B,-0.65756494,-0.4877867,0.5108177324707429,1.0
SLC10A1,-0.6577178,-0.3645396,0.5107194706221654,1.0
AC018557.3,-0.65806085,-0.17879315,0.5104990165811312,1.0
CAPN15,-0.65813917,-0.18092927,0.510448702525239,1.0
GMEB2,-0.65851206,-0.3191055,0.5102091473578352,1.0
GHITM,-0.6588775,-0.31896907,0.5099744403564105,1.0
CBFB,-0.6590527,-0.12612781,0.5098618968410729,1.0
DIPK1B,-0.6597053,-1.1195143,0.5094429661548624,1.0
TMCO1,-0.65995884,-0.17410459,0.5092802302972168,1.0
NAT10,-0.6607345,-0.09220235,0.5087826190854154,1.0
RAP1GAP2,-0.66326636,-0.2051479,0.5071599809684162,1.0
SPICE1,-0.66450435,-0.2771264,0.5063675757331438,1.0
BEND7,-0.66487724,-0.47778744,0.5061290271167457,1.0
ACSBG2,-0.665444,-1.5538541,0.5057665464801155,1.0
CLUL1,-0.66574603,-0.8113641,0.5055734382811925,1.0
RECQL4,-0.6657535,-0.61034817,0.5055686706686479,1.0
ABCC8,-0.66579825,-1.1934743,0.505540065490478,1.0
TSC22D2,-0.6658579,-0.11705451,0.5055019265785561,1.0
HSF2,-0.66625315,-0.20926163,0.5052492945583589,1.0
DDX1,-0.6667752,-0.1178668,0.5049157315763406,1.0
AK2,-0.6674688,-0.18671626,0.5044727489056644,1.0
EIF3L,-0.66780066,-0.17958656,0.5042608565945514,1.0
LINC02367,-0.6681549,-1.5892688,0.5040347312185222,1.0
SOWAHC,-0.66818845,-0.5341213,0.5040133115892942,1.0
ATP5MPL,-0.6687142,-0.21762787,0.5036778001140629,1.0
ACACB,-0.6689827,-0.5964735,0.5035065205915947,1.0
METTL2B,-0.66940033,-0.1348108,0.5032401469220424,1.0
CD99,-0.66945624,-0.1462032,0.5032044775302318,1.0
MTIF2,-0.6697881,-0.1460192,0.50299286661272,1.0
VIRMA,-0.6697919,-0.16317852,0.5029904892291305,1.0
HIRA,-0.6700305,-0.24515413,0.5028383490304946,1.0
RHOA,-0.6700678,-0.10408979,0.5028145793216957,1.0
AC073571.1,-0.6701722,-0.32305953,0.5027480272966602,1.0
LINC02249,-0.67098135,-0.73911035,0.5022324070198855,1.0
PPP4R3A,-0.67136544,-0.1173907,0.5019877635348046,1.0
OXR1,-0.6716973,-0.09608031,0.5017764233583111,1.0
TBPL1,-0.672018,-0.20680304,0.5015722517584952,1.0
PPIB,-0.67240953,-0.38893053,0.5013230321292462,1.0
PSMD3,-0.6730024,-0.28369552,0.5009457672984761,1.0
POLR2F,-0.67308813,-0.3673609,0.5008912068568829,1.0
PARP2,-0.6731217,-0.22435987,0.5008698579761848,1.0
TIMM21,-0.67364,-0.3684203,0.5005401976234773,1.0
VLDLR-AS1,-0.67364377,-0.17883193,0.5005378263831495,1.0
SLC7A11,-0.6753143,-1.1370693,0.4994761100524535,1.0
GART,-0.67572445,-0.124730416,0.49921560376038543,1.0
ACBD3-AS1,-0.67589223,-0.63611805,0.4991090538109172,1.0
ARHGEF25,-0.6764292,-0.34685582,0.49876817518201877,1.0
CEP162,-0.67741364,-0.2782986,0.49814355257440146,1.0
MATN4,-0.67759264,-2.999715,0.49803002955469555,1.0
ORC4,-0.6777753,-0.09894047,0.49791415567242003,1.0
AL139294.1,-0.67793196,-0.23317526,0.49781484662230346,1.0
MPPE1,-0.67825264,-0.5187834,0.49761153241813283,1.0
HEXB,-0.67832345,-0.5342625,0.4975666201268373,1.0
TRAF3IP2,-0.67832345,-0.12765215,0.4975666201268373,1.0
EIF4EBP2,-0.6784092,-0.26393858,0.49751225550408995,1.0
ILRUN,-0.6784353,-0.14152312,0.4974957103771469,1.0
RING1,-0.6788306,-0.710496,0.49724520569712183,1.0
PLK1,-0.6788902,-0.51608944,0.4972073995070846,1.0
RAD23A,-0.6794421,-0.51732236,0.49685776485002786,1.0
PROSER2-AS1,-0.6794981,-1.3168529,0.49682233621966754,1.0
GNB2,-0.6795391,-0.40050253,0.49679635607983186,1.0
RAB3GAP1,-0.6795428,-0.07047011,0.4967939942848447,1.0
PCMT1,-0.6796882,-0.14507076,0.4967018889484973,1.0
NKAIN1,-0.6796882,-0.87179464,0.4967018889484973,1.0
PRCC,-0.6804079,-0.11376265,0.49624621963592697,1.0
CAPNS1,-0.681094,-0.9768298,0.4958120068608831,1.0
AL035587.1,-0.6811164,-0.53434074,0.4957978511634519,1.0
CYC1,-0.6812394,-0.32895675,0.49571999868354866,1.0
CAMKK2,-0.6812432,-0.14375526,0.495717639619362,1.0
C18orf32,-0.6819032,-0.43713433,0.4953001796763412,1.0
COL4A2,-0.68217164,-0.08659658,0.49513041920244527,1.0
TRIM37,-0.6823245,-0.1144343,0.4950337639353116,1.0
NUP98,-0.6829435,-0.045608733,0.49464253103489486,1.0
MRPL15,-0.6831747,-0.5706621,0.49449645031147793,1.0
PAPLN,-0.6831971,-0.42817643,0.49448231469155624,1.0
LSM11,-0.68340963,-1.0270998,0.4943480370790727,1.0
ARHGDIA,-0.6845693,-0.41152185,0.49361574316804413,1.0
TSR1,-0.68457305,-0.2003687,0.49361338946224464,1.0
PRKCI,-0.68534863,-0.1933858,0.4931239492770305,1.0
LETM1,-0.6853934,-0.25562638,0.4930957202774099,1.0
ARL6IP6,-0.68648595,-0.16919263,0.49240673090953146,1.0
BRIX1,-0.6865456,-0.29498094,0.49236912178713876,1.0
LYRM1,-0.6869595,-0.2112879,0.49210825091806987,1.0
UBE3B,-0.6877053,-0.27617502,0.49163840053292973,1.0
NUP153,-0.6877575,-0.06987543,0.4916055200264764,1.0
C3orf67-AS1,-0.6877724,-0.28040916,0.49159612581288725,1.0
AC005343.1,-0.6877836,-0.4794721,0.4915890802159377,1.0
ZBTB2,-0.6890402,-0.53503096,0.4907979699999774,1.0
EIF4EBP1,-0.68968904,-0.45048383,0.4903897715837283,1.0
AL133492.1,-0.6900768,-0.3897193,0.49014587811243504,1.0
NIPA2,-0.69085616,-0.1348566,0.4896559434121964,1.0
NABP2,-0.6908785,-1.3443234,0.48964188219445814,1.0
SNHG12,-0.6910985,-0.20568223,0.489503625130539,1.0
ARHGEF39,-0.69182193,-0.58954227,0.48904916536340715,1.0
POLR3K,-0.6931643,-0.8296878,0.48820644052639717,1.0
AL021707.1,-0.693306,-0.3929349,0.48811753195731467,1.0
CAND1,-0.6936043,-0.116983324,0.48793038457187954,1.0
SHOX2,-0.694764,-0.90669566,0.4872032170166598,1.0
KCNMB4,-0.6953494,-3.0795312,0.4868363484157936,1.0
AC024588.1,-0.69535315,-0.27323684,0.48683401215159505,1.0
SLC25A22,-0.695424,-0.2008004,0.48678962428278805,1.0
PDZRN3,-0.69554704,-0.018168256,0.48671253476106346,1.0
SAP30,-0.69602436,-0.87513244,0.4864135832908293,1.0
FBL,-0.6961959,-0.2186192,0.4863061718590652,1.0
IP6K1,-0.6965837,-0.123089835,0.48606337590355597,1.0
CCDC137,-0.6972474,-0.14633316,0.48564797347064426,1.0
SAP130,-0.69797456,-0.17939976,0.48519311838468815,1.0
RIC8B,-0.6980827,-0.17098293,0.48512549297965213,1.0
NUBP2,-0.69875014,-0.7023386,0.4847081940086039,1.0
AC036214.1,-0.69946605,-1.9939458,0.48426080470048327,1.0
VTI1B,-0.70016336,-0.24836391,0.48382528146679493,1.0
SNUPN,-0.7002044,-0.44855446,0.48379966907212335,1.0
HIST1H3H,-0.70026404,-1.3910455,0.4837624159930023,1.0
AC135782.3,-0.70067424,-1.050659,0.4835063432088127,1.0
CYB5RL,-0.70092404,-0.8499516,0.4833504076618593,1.0
C12orf65,-0.7010061,-0.41146588,0.48329921089942907,1.0
ENTR1,-0.7012783,-0.09844334,0.4831293518263148,1.0
RP2,-0.70163625,-0.84362024,0.48290602486554457,1.0
HSPA1B,-0.7020539,-0.16283597,0.4826455476306537,1.0
MCEE,-0.7030719,-0.3646322,0.4820109543265133,1.0
METTL26,-0.70316136,-0.42359468,0.481955187610863,1.0
COX8A,-0.7034038,-0.37068924,0.4818041703785747,1.0
GTF3C5,-0.70380276,-0.27422053,0.481555628853939,1.0
MICAL3,-0.70419055,-0.11281514,0.4813141226584946,1.0
TOMM6,-0.70458955,-0.43299672,0.48106571876199156,1.0
WRAP53,-0.70488036,-1.5510192,0.4808846832858059,1.0
ANO10,-0.70529056,-0.22461963,0.48062943991873686,1.0
ALG8,-0.7054397,-0.21615516,0.4805366424525076,1.0
SNRNP48,-0.7058163,-0.25907636,0.4803023723035629,1.0
RAP1A,-0.7061109,-0.11670881,0.48011917469362153,1.0
ZNF273,-0.7061631,-0.5307831,0.48008671326861263,1.0
ARL8B,-0.7062489,-0.15740387,0.48003338638252524,1.0
KCTD12,-0.70640546,-0.24817026,0.47993601518588747,1.0
PLSCR4,-0.70692754,-1.125413,0.47961152233295035,1.0
AC024382.1,-0.7070543,-3.2015045,0.47953273499359794,1.0
NDUFB10,-0.7076994,-0.44554916,0.4791319558749114,1.0
GMEB1,-0.7079902,-0.41340673,0.47895131760065457,1.0
PKM,-0.70822513,-0.052235436,0.4788054446077725,1.0
LINC00624,-0.7082699,-0.075395346,0.4787776620270965,1.0
NOLC1,-0.7092282,-0.23422137,0.4781828631586582,1.0
STEAP3-AS1,-0.7094482,-0.8884576,0.47804637102969283,1.0
SNHG19,-0.70966077,-0.13351843,0.4779145259836801,1.0
AL136979.1,-0.7100374,-0.33163396,0.47768095465127136,1.0
LPAR6,-0.7103394,-0.1942397,0.4774936801926948,1.0
HMMR-AS1,-0.7105743,-1.9457021,0.47734805005550396,1.0
TSN,-0.7105781,-0.3843776,0.47734573866199326,1.0
PGAM5,-0.71079063,-0.55130374,0.47721399935593434,1.0
SPDYE2,-0.71155876,-0.39085194,0.47673805483008747,1.0
ARHGAP24,-0.7121218,-0.105419315,0.4763893480494594,1.0
ZNF85,-0.713274,-0.5287462,0.4756762050573622,1.0
CNTNAP5,-0.7136432,-0.95002484,0.4754478462476047,1.0
AL132780.1,-0.71430695,-0.5317083,0.47503741303565106,1.0
NCBP2,-0.7145232,-0.22185992,0.47490371839005907,1.0
DIMT1,-0.71454185,-0.16316484,0.4748921939567524,1.0
NUP93,-0.71457165,-0.07046936,0.4748737551828025,1.0
TPPP,-0.7147842,-1.1964015,0.47474239029560017,1.0
PRELID3A,-0.7148849,-0.18661378,0.474680171787759,1.0
TXNDC5,-0.71520555,-0.37081328,0.47448202416670016,1.0
TFRC,-0.7155151,-0.13175726,0.4742908317623733,1.0
AC096564.1,-0.7159141,-0.5927282,0.47404441727501656,1.0
NT5C,-0.7160632,-0.13960999,0.4739523177805387,1.0
AC018410.2,-0.71617883,-0.7811367,0.4738809474376279,1.0
AC018797.3,-0.71619,-0.15369071,0.4738740409437908,1.0
UBE2I,-0.71624595,-0.23823184,0.4738395093046027,1.0
AC004797.1,-0.7163839,-0.16989474,0.47375433717604476,1.0
CNOT1,-0.71653676,-0.057140883,0.47365996708188807,1.0
CLIP1-AS1,-0.71678287,-0.99066,0.4735080759617807,1.0
TTC8,-0.7173161,-0.27924168,0.4731790704514429,1.0
PPRC1,-0.7187629,-0.113893785,0.4722870181227702,1.0
TBRG1,-0.7194043,-0.3880288,0.47189186879788514,1.0
UTP6,-0.7194341,-0.17473467,0.47187349419513724,1.0
DCXR,-0.72032905,-0.47460562,0.471322439515792,1.0
ERAP2,-0.7205602,-0.81509614,0.47118014143405995,1.0
RNASEK,-0.7208846,-0.48509338,0.47098050506055855,1.0
CPM,-0.72118664,-0.73284966,0.470794678676445,1.0
IQCD,-0.7215409,-0.74724704,0.4705767857233406,1.0
USF3,-0.7216192,-0.39180124,0.470528627427521,1.0
AC007881.4,-0.72189885,-0.54835767,0.4703566557288109,1.0
DOCK3,-0.7221077,-1.2565497,0.4702282728311592,1.0
HMGA1,-0.7224843,-0.20006497,0.46999677404582896,1.0
ASB7,-0.7225253,-0.45219025,0.46997156510978355,1.0
UBE3D,-0.7237074,-0.08435071,0.4692454104747821,1.0
EXOSC8,-0.7242182,-0.30000994,0.4689317755271444,1.0
NSA2,-0.7243674,-0.2989654,0.4688402251591576,1.0
AC009229.2,-0.7248186,-0.37811545,0.46856334551325085,1.0
PAQR4,-0.7250386,-0.65698206,0.46842837091571454,1.0
SNAPIN,-0.7259447,-0.48354366,0.4678726855506924,1.0
AC124248.2,-0.72600806,-1.1715143,0.4678338241160974,1.0
AL031772.1,-0.72658604,-1.1377512,0.4674795817715558,1.0
SUMO1,-0.7267389,-0.2176561,0.4673859038298023,1.0
C2orf92,-0.7273877,-0.7250541,0.46698845960538027,1.0
TMEM192,-0.72746235,-0.21601458,0.46694278837591885,1.0
TRIL,-0.72798437,-0.66540134,0.4666231591516947,1.0
PLEKHH1,-0.7283237,-0.7866599,0.4664154652797535,1.0
RAC1,-0.7285847,-0.15933003,0.46625573568616696,1.0
ASF1B,-0.7287264,-1.2436777,0.46616903805479804,1.0
STRN,-0.72942746,-0.21119456,0.4657402446444675,1.0
ASL,-0.72973317,-0.6899819,0.4655532863825843,1.0
DNAJC6,-0.72999424,-0.16967821,0.4653937208675202,1.0
KIF20A,-0.7302515,-1.385088,0.4652364646126307,1.0
UHRF1BP1,-0.730561,-0.10237405,0.4650473404352887,1.0
SUCO,-0.7308183,-0.14666007,0.46489014926850036,1.0
CASP2,-0.7312471,-0.39817706,0.4646282296692288,1.0
MIR17HG,-0.73156035,-0.22921316,0.46443696637962106,1.0
INTS7,-0.73159015,-0.12319993,0.4644187531135652,1.0
HIRIP3,-0.7316759,-0.6934396,0.4643663921877751,1.0
EEF1G,-0.73206,-0.12169285,0.4641319466083067,1.0
BRAT1,-0.73262304,-0.2890119,0.4637883639779541,1.0
KMT5A,-0.7328878,-0.39025688,0.4636268608552758,1.0
TIMM44,-0.7329698,-0.18873747,0.46357682399263045,1.0
ATL2,-0.73365223,-0.08539478,0.46316072488419857,1.0
CCNB1IP1,-0.7340251,-0.24022892,0.46293343631173556,1.0
SAPCD2,-0.7346888,-0.9378737,0.4625290165623881,1.0
SCG5,-0.73595667,-1.1597685,0.4617570774489477,1.0
CHMP2A,-0.73624,-0.41427824,0.46158462478071527,1.0
TLN1,-0.73627734,-0.37629628,0.46156193631841547,1.0
DLGAP1-AS4,-0.7370231,-0.47974187,0.4611082978999216,1.0
RNF19B,-0.737217,-1.1392374,0.4609903927375465,1.0
PTCHD4,-0.737217,-0.245795,0.4609903927375465,1.0
TRAPPC2L,-0.73767567,-0.5802068,0.46071156876241515,1.0
AC012568.1,-0.73788446,-0.54802686,0.4605846557586226,1.0
PTMS,-0.73823124,-0.16842675,0.4603739327218034,1.0
MDC1-AS1,-0.73845124,-0.7138371,0.46024027617834196,1.0
GPAT4,-0.73852956,-0.27842897,0.46019270874955376,1.0
SHMT2,-0.7386079,-0.4118803,0.4601451440715705,1.0
CHMP1A,-0.7390031,-0.42429662,0.45990509768738164,1.0
SNAPC5,-0.73913366,-0.75678545,0.45982585248388463,1.0
PRDX5,-0.7392157,-0.44161353,0.45977604512553716,1.0
AC009365.4,-0.73946923,-0.18808164,0.4596221142047634,1.0
KRAS,-0.74003977,-0.14722823,0.4592758751576089,1.0
AKAP17A,-0.74015534,-0.5659816,0.4592057399526759,1.0
MSH6,-0.7402299,-0.1472917,0.4591604946177137,1.0
NUDT13,-0.74025977,-0.34471536,0.45914239718306826,1.0
WDR83OS,-0.74129266,-1.0299007,0.4585160200357976,1.0
C12orf4,-0.74129635,-0.29666173,0.45851375961477625,1.0
MSMO1,-0.7422174,-0.2641185,0.45795562702841563,1.0
AP001469.1,-0.74301535,-0.78460115,0.45747237113359485,1.0
RCC1,-0.74303776,-0.25010514,0.45745882603037136,1.0
FERMT1,-0.74335843,-0.40549904,0.4572647042963268,1.0
PTGES2,-0.7436903,-0.28297865,0.4570638595927039,1.0
AC099535.2,-0.7440632,-0.7264969,0.45683825051800464,1.0
GABPB1-IT1,-0.74413776,-0.69437605,0.45679313621301354,1.0
TOE1,-0.7446039,-0.73341835,0.45651122853293546,1.0
MYH9,-0.74513334,-0.39504483,0.4561911000937968,1.0
NUMA1,-0.74514085,-0.23839764,0.4561865921442726,1.0
ACVR1,-0.7452341,-0.08957812,0.4561302448889174,1.0
AL049779.4,-0.74629307,-0.3682019,0.45549041493090103,1.0
PALD1,-0.7473744,-0.24227154,0.4548375890430105,1.0
NSUN6,-0.74816865,-0.078864105,0.45435843559992284,1.0
AC026333.4,-0.74833274,-1.4095453,0.4542594910144736,1.0
AC020908.1,-0.74846697,-1.2919406,0.45417854538895797,1.0
AL031280.1,-0.7486534,-0.2179825,0.45406613440057064,1.0
ZSCAN16-AS1,-0.74883986,-0.24489395,0.45395373910152637,1.0
AP3M2,-0.7494514,-0.26394457,0.45358519266849595,1.0
CERT1,-0.74945885,-0.13539201,0.45358069924193734,1.0
MTO1,-0.74970496,-0.23577052,0.4534324302555581,1.0
ISM1,-0.7506297,-0.16875376,0.4528755428416399,1.0
LINC02053,-0.75199074,-0.5431325,0.45205663327002243,1.0
PAGR1,-0.7521809,-0.6248967,0.45194227697626976,1.0
PYCR1,-0.7528334,-0.20833626,0.45155000229796305,1.0
COQ10B,-0.7539111,-0.28987858,0.45090261051993386,1.0
PACS1,-0.75440705,-0.0756431,0.45060485252949156,1.0
UBE2D3-AS1,-0.7552684,-0.30697712,0.4500879586580143,1.0
LRRC49,-0.75619686,-0.24663451,0.449531163821246,1.0
ZFP36L2,-0.7565474,-0.47770807,0.44932106978114517,1.0
PIM3,-0.7566555,-0.5763387,0.44925626477801583,1.0
MEIS1,-0.7568904,-0.15608111,0.44911549976689835,1.0
EIF1AX,-0.75710297,-0.1613755,0.44898816251226104,1.0
AC138028.2,-0.75722975,-0.9210695,0.4489122167125862,1.0
CPSF7,-0.7574647,-0.13887708,0.4487715128839236,1.0
NR6A1,-0.75769585,0.0072104596,0.44863306689132587,1.0
MPP7,-0.7580874,-0.17466477,0.4483986572146569,1.0
PET100,-0.75847894,-0.25922328,0.44816431710368754,1.0
DDX5,-0.75903827,0.0041017355,0.44782966622204456,1.0
ARHGEF26,-0.7591688,-0.15630126,0.44775160145359394,1.0
LSM3,-0.7593627,-0.5424292,0.4476356337935026,1.0
OAZ1,-0.7593888,-0.32153657,0.44762002406620194,1.0
ANKS1B,-0.7598325,-0.108152464,0.44735470604488203,1.0
ARID5B,-0.75989217,-0.56351745,0.44731903985437216,1.0
AL035461.2,-0.7602949,-1.9624772,0.4470783353642467,1.0
RBM17,-0.76040673,-0.145828,0.44701148608258845,1.0
HSPH1,-0.7606305,-0.12271945,0.44687780457818005,1.0
PPIG,-0.76092136,-0.08866236,0.44670405263047486,1.0
AZIN1,-0.7610556,-0.17714152,0.4466238723916651,1.0
AC007448.3,-0.76109284,-0.56510013,0.44660160155673934,1.0
BUB3,-0.76110405,-0.298267,0.44659492042950844,1.0
GLRA2,-0.7613576,-1.7544615,0.4464434968037926,1.0
AC046130.1,-0.7615217,-0.31800398,0.4463455323861304,1.0
HNRNPAB,-0.7616596,-0.16498092,0.44626316269002597,1.0
TGS1,-0.7618685,-0.193353,0.4461385115055131,1.0
TRIM35,-0.76200646,-0.75064147,0.44605616356590816,1.0
DNAAF5,-0.7630505,-0.22102468,0.4454332706555215,1.0
BCAT2,-0.76398647,-0.24996455,0.444875313292736,1.0
MRPL44,-0.76478446,-0.40864572,0.4443999195874804,1.0
NIPA1,-0.7650902,-0.42400497,0.4442178362352611,1.0
SGMS2,-0.76518345,-1.163115,0.4441623314898263,1.0
TRIM41,-0.76569426,-0.45052126,0.44385823578462613,1.0
TRIM26,-0.76589936,-0.2954549,0.44373618702102713,1.0
PSMB10,-0.7659068,-1.0298837,0.4437317492453653,1.0
PLCXD2,-0.7662499,-0.32761317,0.4435276389678744,1.0
DYRK4,-0.76692104,-0.35560325,0.4431284479410331,1.0
AL121672.2,-0.7672119,-1.0081747,0.4429555289563768,1.0
SAP30L-AS1,-0.76778245,-0.659092,0.44261645378626024,1.0
SH3BP2,-0.7681143,-0.47557774,0.44241928229074867,1.0
FNDC3B,-0.76869226,-0.049094703,0.4420760137116442,1.0
TTF1,-0.7690279,-0.24086145,0.4418767664392541,1.0
AP000753.2,-0.77058655,-0.3535494,0.4409520476379202,1.0
ZFP91,-0.77281266,-0.11567879,0.43963326181350404,1.0
NDOR1,-0.77335334,-0.65476274,0.43931329574962386,1.0
ARL6IP4,-0.774651,-0.23657334,0.4385459230190226,1.0
PTPN9,-0.77497166,-0.11796349,0.43835640371924345,1.0
LRCH2,-0.7756354,-0.6489626,0.43796429246026936,1.0
AC019130.1,-0.776411,-0.09433434,0.4375063507392647,1.0
WDR6,-0.77692187,-0.27846128,0.43720487624550974,1.0
SOD1,-0.777291,-0.25440764,0.43698709687088866,1.0
SLC19A3,-0.777772,-1.1750777,0.4367034174985215,1.0
NR2F1-AS1,-0.7778093,-0.5126316,0.43668143128085835,1.0
AC008957.1,-0.77833134,-0.3142856,0.43637369119393443,1.0
PLRG1,-0.77928597,-0.22283402,0.4358112897925577,1.0
UQCC3,-0.7793493,-0.3494376,0.435773957630362,1.0
STX18,-0.780908,-0.15836938,0.4348566059729456,1.0
SH3GL2,-0.781307,-0.83969617,0.43462196085496596,1.0
SFI1,-0.78135175,-0.47631776,0.434595650075315,1.0
STRIP2,-0.78141886,-0.1508617,0.43455618563061305,1.0
UAP1,-0.78184766,-0.37238607,0.4343041005353784,1.0
TOR1AIP2,-0.782187,-0.16433449,0.4341046843923977,1.0
CWF19L1,-0.7824704,-0.3057227,0.4339381795971242,1.0
XPOT,-0.7836972,-0.15252188,0.4332178149912673,1.0
TCTEX1D2,-0.7839545,-0.4822048,0.4330668232862883,1.0
ADAMTS17,-0.78451383,-0.12918402,0.43273868551324735,1.0
CRK,-0.78461075,-0.20314847,0.43268182293682333,1.0
HLF,-0.78467786,-0.26074818,0.43264245907148546,1.0
AP000676.5,-0.78467786,-0.6402731,0.43264245907148546,1.0
DLG4,-0.7849165,-0.42775655,0.4325025154516271,1.0
WDR17,-0.7850321,-0.26667944,0.43243473968351565,1.0
HNRNPUL1,-0.7856884,-0.2801411,0.4320500648120683,1.0
TRMT6,-0.78605753,-0.47876713,0.4318337723358968,1.0
AC118555.1,-0.78605753,-0.3677944,0.4318337723358968,1.0
SLC44A2,-0.7862664,-0.24867319,0.43171145286427737,1.0
AHNAK,-0.7863484,-0.21115221,0.43166340428022754,1.0
ARPC1A,-0.78639317,-0.26319954,0.4316371972680121,1.0
MIR29B2CHG,-0.7864901,-0.30701202,0.4315804185717603,1.0
SDE2,-0.78676605,-0.4274697,0.43141884136323505,1.0
RERE,-0.7869562,-0.017324574,0.4313075045137056,1.0
API5,-0.78706807,-0.13614136,0.43124202003202683,1.0
ZBTB8OS,-0.7877504,-0.21636027,0.4308426895546701,1.0
MBNL1,-0.78804505,-0.06908627,0.4306703673011659,1.0
MYO9B,-0.7888094,-0.340684,0.4302233885398744,1.0
AL022097.1,-0.78957385,-0.262852,0.42977667921568385,1.0
SGF29,-0.7898871,-0.45228705,0.4295937151901137,1.0
CENPM,-0.7900474,-0.7127141,0.4295000725489535,1.0
ZRANB3,-0.79041284,-0.009797312,0.4292866987602063,1.0
FLAD1,-0.79049486,-0.28126836,0.4292388069909958,1.0
CDIP1,-0.79072237,-0.24243681,0.42910603242012757,1.0
AL731577.2,-0.7910132,-0.1740366,0.4289362898879865,1.0
CUTA,-0.7918671,-0.40420634,0.42843816884837516,1.0
CNTRL,-0.79212815,-0.19091888,0.42828597196119156,1.0
RBM8A,-0.79221016,-0.2605349,0.4282381451521259,1.0
AC013733.1,-0.79228103,-1.2463644,0.4281968426819108,1.0
PIGK,-0.7929485,-0.28961998,0.42780784374969283,1.0
Z99127.1,-0.7931498,-0.2502067,0.4276905325265241,1.0
CEP63,-0.7940336,-0.15653916,0.42717588816668783,1.0
C5orf22,-0.79441017,-0.5783823,0.42695667684958416,1.0
SRGAP3-AS3,-0.7949434,-1.9869851,0.4266464205021533,1.0
UQCRC1,-0.7955177,-0.42053095,0.42631244532818247,1.0
ARMC4,-0.7956966,-0.6377334,0.4262083803486023,1.0
RIMS2,-0.79661024,-1.9414448,0.42567744624026527,1.0
NUDC,-0.79692346,-0.26987287,0.42549550059731656,1.0
AC008870.4,-0.79772884,-0.29984513,0.4250278489070669,1.0
ATP10D,-0.79866856,-0.28162387,0.42448263492007265,1.0
METTL23,-0.79984313,-0.27019075,0.4238016926438364,1.0
FBXO36,-0.80032414,-0.59646565,0.4235230151015782,1.0
HSBP1,-0.801275,-0.25696313,0.4229724564937729,1.0
AP000919.3,-0.801316,-0.3787074,0.42294871633956665,1.0
TXN,-0.8015137,-0.19523501,0.42283434289722854,1.0
AKIRIN1,-0.8020879,-0.36663583,0.4225021153160915,1.0
ATP5MD,-0.8025577,-0.23779094,0.42223040653974964,1.0
SPCS3,-0.8031767,-0.3635547,0.4218725973862476,1.0
RPLP0,-0.80356455,-0.09233013,0.4216485184057259,1.0
RNF2,-0.8036839,-0.21632019,0.42157958507263327,1.0
LACTB2-AS1,-0.8041798,-0.2533075,0.42129315174211535,1.0
TTLL12,-0.80423945,-0.36361173,0.42125870129304455,1.0
WNK1,-0.80448925,-0.06758121,0.42111445799152414,1.0
AC023886.1,-0.80471677,-1.1164237,0.4209831572110815,1.0
CHAMP1,-0.80546623,-0.45069963,0.42055068044284105,1.0
APBA1,-0.8055893,-1.1789991,0.4204797017356029,1.0
HDGF,-0.80616724,-0.26080126,0.4201464110376719,1.0
PIN4,-0.80665946,-0.19544947,0.41986269878724114,1.0
AL365204.1,-0.80686456,-1.0467273,0.41974451858795137,1.0
OST4,-0.8068981,-0.3981269,0.41972518187156127,1.0
ADI1,-0.80696523,-0.52769727,0.41968651000963886,1.0
PIGS,-0.807092,-0.55568206,0.4196134688740899,1.0
NDUFA3,-0.80759543,-0.37251565,0.41932352635345893,1.0
SOD2,-0.80868423,-0.14881088,0.41869679457895614,1.0
SCRIB,-0.80939645,-0.29472765,0.4182871417089591,1.0
BORA,-0.80956054,-0.30658132,0.4181928048685253,1.0
U51244.1,-0.8097581,-1.230406,0.4180791884920081,1.0
AMER2,-0.80976564,-0.4209031,0.41807490143754245,1.0
AL137009.1,-0.81009376,-0.06700775,0.41788629667275456,1.0
AC073575.1,-0.81039953,-0.40195134,0.4177105964422261,1.0
JMJD8,-0.81120867,-0.571415,0.4172458436814409,1.0
ATP5ME,-0.8112161,-0.15829508,0.4172415616640103,1.0
PLSCR1,-0.81149954,-0.9403155,0.41707886419824125,1.0
AL450384.2,-0.81155175,-0.13084999,0.4170488976928861,1.0
INO80E,-0.81177545,-0.4678596,0.4169204841926313,1.0
C17orf58,-0.81195074,-0.6705046,0.41681990990589446,1.0
PAFAH1B3,-0.81196564,-2.736515,0.4168113510529049,1.0
LINC02275,-0.81232363,-1.5242414,0.4166059696788479,1.0
RPL24,-0.812868,-0.19442083,0.4162937333062581,1.0
NDUFAB1,-0.81302834,-0.4030343,0.4162017996121262,1.0
KDM2B,-0.8153738,-0.33189717,0.4148583722753998,1.0
SNHG25,-0.8159443,-0.04816868,0.414531980663043,1.0
AC016727.3,-0.8168952,-0.8007334,0.41398833222139897,1.0
PTTG1,-0.81721586,-0.4226527,0.41380507929756116,1.0
SLC26A2,-0.8180735,-0.55356437,0.41331522022104605,1.0
ANKRD52,-0.8183383,-0.6251257,0.4131640722474702,1.0
EVL,-0.8185732,-0.08031863,0.4130299824484144,1.0
KLF9,-0.8188155,-0.25011,0.4128916628537539,1.0
SOGA1,-0.8189386,-0.2993156,0.4128214495644409,1.0
GEMIN6,-0.8189647,-0.90400624,0.41280655674596767,1.0
FANCM,-0.81927794,-0.2684339,0.4126278677568941,1.0
DENND4B,-0.8196135,-0.45790428,0.4124364661469003,1.0
CCNG1,-0.8200573,-0.52606785,0.4121834715008198,1.0
SEC23IP,-0.82007587,-0.1412254,0.4121728434885208,1.0
PDE11A,-0.8201542,-1.5650772,0.41212820761135827,1.0
PHRF1,-0.8209186,-0.20760077,0.4116926270187067,1.0
AC096747.1,-0.82151896,-2.080535,0.4113507284620843,1.0
FMR1,-0.82165694,-0.31996846,0.41127217932329563,1.0
CCNB2,-0.8223617,-0.40232047,0.41087108074704093,1.0
C8orf88,-0.8223654,-0.6272853,0.4108689591503475,1.0
STAU2,-0.8233946,-0.07155389,0.4102836471880995,1.0
AF107885.2,-0.8237376,-0.38184735,0.4100886533659275,1.0
USP22,-0.8244051,-0.070085816,0.4097094210990363,1.0
AMPD2,-0.8250576,-0.49162886,0.409338864974612,1.0
POP1,-0.82510614,-0.30391258,0.4093113459060841,1.0
HSDL1,-0.82517326,-0.35643414,0.40927324439750257,1.0
NDE1,-0.8252702,-0.4250075,0.40921821261053337,1.0
WWC1,-0.8253075,-0.3676726,0.4091970477109892,1.0
ZNF141,-0.8258407,-0.19140945,0.40889446090425796,1.0
Z82215.1,-0.82602715,-1.1361378,0.4087886927532012,1.0
EGFR,-0.82616514,-0.857473,0.408710434807412,1.0
HP1BP3,-0.82647085,-0.1608894,0.4085370300684623,1.0
SMTN,-0.82707125,-0.67304,0.4081966921380785,1.0
MTBP,-0.82751495,-0.22380766,0.4079452465985114,1.0
PAK6,-0.8280519,-1.3018055,0.4076410998074781,1.0
ZADH2,-0.8281638,-0.53409714,0.4075777529093427,1.0
BANK1,-0.8282682,-0.6743556,0.4075186344323274,1.0
PAPOLA,-0.8286187,-0.15163325,0.40732020265023294,1.0
AP001172.2,-0.82987535,-1.0170622,0.4066092772731247,1.0
MLXIPL,-0.82994616,-1.5146786,0.4065692174899692,1.0
AC012368.1,-0.8300506,-0.6975062,0.40651018631339675,1.0
YBX3,-0.8302743,-0.06053399,0.4063837081614473,1.0
ZNHIT1,-0.83031905,-0.69492394,0.40635841535005757,1.0
POLD2,-0.83033395,-0.29201472,0.40634998462174965,1.0
NCK1-DT,-0.8317994,-0.33485964,0.4055221747347153,1.0
CSK,-0.8326384,-0.51988983,0.40504869169184,1.0
NAPRT,-0.8333357,-1.4095969,0.4046554262698001,1.0
NTHL1,-0.8335669,-0.6370006,0.40452508922911634,1.0
GRIP1,-0.8339174,-0.5081296,0.4043275293625589,1.0
AC079841.2,-0.8339808,-1.4738536,0.40429180661551567,1.0
LRRK1,-0.8339845,-0.22150071,0.40428970533626485,1.0
ATP8A2,-0.83449537,-1.0712782,0.4040018918539444,1.0
RUNX2,-0.8355171,-0.07031336,0.40342663292222725,1.0
OGFOD1,-0.8355917,-0.26065412,0.4033846624392994,1.0
RASA2,-0.83674014,-0.16518159,0.40273864731138664,1.0
GRAMD4,-0.837251,-0.41376066,0.402451495799822,1.0
GTF2E1,-0.83765745,-0.38161388,0.4022231198996289,1.0
WDR3,-0.8387649,-0.18998407,0.40160124248168816,1.0
SLC22A5,-0.83888054,-1.6552427,0.40153636599245557,1.0
MRPS10,-0.83901477,-0.54843867,0.4014610334479164,1.0
SPINDOC,-0.83941746,-0.5136953,0.401235086720504,1.0
SRGAP2C,-0.8398388,-0.5560737,0.4009987612495197,1.0
CENPA,-0.839932,-0.30931202,0.40094648814861944,1.0
DGAT1,-0.84080833,-0.78617215,0.40045532107468573,1.0
TFAP4,-0.8411178,-0.25491327,0.4002819314854623,1.0
QRFPR,-0.84161,-1.2312083,0.4000062723311282,1.0
GABARAP,-0.8416287,-1.4779284,0.3999958329405403,1.0
HMMR,-0.8417182,-0.50066763,0.39994572614595814,1.0
HIST1H1C,-0.84191954,-0.80855304,0.399832999658025,1.0
MIR34AHG,-0.84211713,-0.13681225,0.39972237927872556,1.0
DGKZ,-0.8430568,-0.57143015,0.3991966625540455,1.0
AC100786.1,-0.8431948,-0.71874595,0.3991195090335571,1.0
SUN2,-0.84330666,-0.32477897,0.3990569587137105,1.0
GK-AS1,-0.84486157,-1.2481605,0.39818812039806795,1.0
AC012409.2,-0.845048,-0.18230753,0.398084019713723,1.0
ART4,-0.8453799,-0.28252918,0.39789876107335986,1.0
C12orf40,-0.84550667,-0.40789202,0.397828001827884,1.0
CREB3L2,-0.84634566,-0.21073388,0.3973599333031371,1.0
CENPL,-0.84653586,-0.41292715,0.3972538839572254,1.0
SNHG7,-0.847386,-0.15065724,0.3967799897674017,1.0
RAE1,-0.84741586,-0.34353912,0.39676336809806145,1.0
SNHG15,-0.8476694,-0.28658256,0.3966221008736964,1.0
SEMA3F,-0.848184,-0.52880347,0.3963355048356175,1.0
CDHR1,-0.84867996,-0.4789978,0.3960594110575115,1.0
SAMHD1,-0.8487694,-0.65760815,0.3960096019974241,1.0
BDH1,-0.8491871,-0.47920904,0.3957772097421667,1.0
ABCB1,-0.8498545,-0.5187802,0.3954059682133687,1.0
EML1,-0.85077554,-0.14163873,0.39489404207483236,1.0
B4GALT5,-0.8514766,-0.124228366,0.39450466663160266,1.0
SREBF1,-0.85232675,-0.52195853,0.3940327571194647,1.0
RNPS1,-0.85233796,-0.16137451,0.39402655006208653,1.0
SCML2,-0.85287863,-0.2015198,0.39372661285132027,1.0
DNAJC17,-0.8528861,-0.28815463,0.3937224767531017,1.0
ERN1,-0.85302407,-0.27494103,0.393645963681411,1.0
SLC1A5,-0.8531844,-0.5444323,0.39355705439749855,1.0
SLC31A1,-0.8539451,-0.32565263,0.3931354179399298,1.0
NDUFA9,-0.85406816,-0.20871112,0.39306723776856656,1.0
FAM160A1,-0.8541203,-0.5990256,0.3930383150120038,1.0
UBL7-AS1,-0.85540307,-0.56140226,0.3923280467602184,1.0
VGLL4,-0.8567305,-0.102820806,0.391593821856566,1.0
EIF2B3,-0.85754716,-0.10984096,0.39114256437747963,1.0
CDC26,-0.85787904,-0.4105779,0.3909592669063686,1.0
HSD17B7,-0.8583004,-0.81649613,0.39072661608504966,1.0
AL390774.2,-0.85831904,-0.16908675,0.39071632374433996,1.0
SRSF9,-0.8590835,-0.35196382,0.39029447959643726,1.0
TNPO2,-0.85917294,-0.16479658,0.39024511107177273,1.0
TMEM63B,-0.8602133,-0.5310452,0.3896714805442488,1.0
TTC14,-0.86069804,-0.20450084,0.3894043727405184,1.0
MED24,-0.8612387,-0.18043062,0.3891065762530084,1.0
MBD6,-0.8613133,-0.48128006,0.38906551175502746,1.0
MARCH7,-0.86141396,-0.07341352,0.38901007886675654,1.0
PRPF31,-0.8621076,-0.3758437,0.38862833849396605,1.0
E2F6,-0.86281604,-0.28802127,0.3882386242502771,1.0
CDC23,-0.86281973,-0.4844955,0.38823657375265863,1.0
ATL3,-0.8634984,-0.28030327,0.38786349305521206,1.0
ERVMER61-1,-0.86368114,-0.35761076,0.3877630855940978,1.0
ZNF850,-0.8647327,-0.39970002,0.3871855384082169,1.0
AC010642.2,-0.86488557,-0.35022137,0.3871016124854483,1.0
SUSD6,-0.8649079,-0.12004522,0.3870893315738383,1.0
CEP350,-0.86549336,-0.06858466,0.3867680655231801,1.0
REPS1,-0.8657506,-0.10355353,0.3866269236397344,1.0
GCSH,-0.86626524,-0.24852394,0.3863447341826737,1.0
ARRB1,-0.8669439,-0.31419927,0.3859727635800476,1.0
MATN2,-0.86723846,-0.24866825,0.3858113719052132,1.0
RMDN3,-0.8672757,-0.25236064,0.38579094551870685,1.0
SLC5A3,-0.8679618,-0.2488631,0.3854152179123578,1.0
CACNA1F,-0.868152,-0.3674407,0.3853111156118536,1.0
KIAA2012,-0.86825645,-0.55059487,0.38525396871529616,1.0
SLC25A25,-0.86883813,-0.4838417,0.38493567369843473,1.0
MMD,-0.86886793,-0.5362527,0.38491935521207765,1.0
STEAP1B,-0.869871,-0.50134,0.3843708923464213,1.0
SLC5A6,-0.87002015,-0.54457194,0.3842893773797469,1.0
HPRT1,-0.8705161,-0.22616361,0.38401841617195454,1.0
SCRG1,-0.87107545,-0.9937184,0.3837129611592671,1.0
AP005436.2,-0.8720785,-1.1903042,0.3831655511826939,1.0
UBE2F,-0.8722351,-0.23845832,0.38308012516342327,1.0
DEAF1,-0.8724178,-0.17802602,0.38298047622212694,1.0
SLC6A8,-0.8728392,-0.2977158,0.38275073411169636,1.0
CASP8,-0.87337613,-0.99311477,0.3824580878273717,1.0
TESK2,-0.87478566,-0.86739326,0.38169054419396253,1.0
PGK1,-0.87525547,-0.20278007,0.38143490647867007,1.0
VPS13D,-0.876348,-0.18328449,0.38084085374465004,1.0
CHST10,-0.876665,-0.8179815,0.38066862400545876,1.0
PCGF6,-0.876885,-0.24574696,0.3805491044373194,1.0
UBE2T,-0.8770341,-0.56422555,0.3804680873353464,1.0
CENPV,-0.8773138,-0.33758423,0.3803162088328421,1.0
AF127577.2,-0.87748164,-0.1696886,0.380225099615631,1.0
DDX3Y,-0.8776867,-0.2666144,0.38011376212222836,1.0
BEX3,-0.87799245,-0.6887307,0.37994780525143323,1.0
LIN7C,-0.879182,-0.5553297,0.3793026163143409,1.0
CENPN,-0.880804,-0.66725487,0.3784239000695303,1.0
ATP23,-0.88162065,-1.3046741,0.3779819866423719,1.0
TYMS,-0.8828176,-0.39359185,0.37733482527003126,1.0
AC131934.1,-0.8832203,-0.20040649,0.37711724238861044,1.0
GLDC,-0.8833583,-0.13829875,0.3770427179001803,1.0
SEMA3F-AS1,-0.88512576,-0.6546053,0.37608880232437125,1.0
PTER,-0.8851892,-0.33045048,0.3760546178580707,1.0
TARDBP,-0.8867665,-0.27561513,0.3752046456282504,1.0
LRRC59,-0.88860106,-0.5200336,0.37421751999617137,1.0
PLXNB2,-0.8890634,-0.2914474,0.37396898590050165,1.0
PDK3,-0.89003664,-0.76240075,0.37344619550417013,1.0
LCA5,-0.8915767,-0.81787604,0.3726198696719385,1.0
MIS18A,-0.89179295,-0.3766741,0.37250391469800326,1.0
AC004253.1,-0.89199805,-0.2296721,0.37239397805225527,1.0
ZNF81,-0.8923933,-0.15963039,0.37218215687987655,1.0
CAST,-0.8925611,-0.36639372,0.37209225538489266,1.0
ATP9A,-0.89268416,-0.52086025,0.3720263361787247,1.0
TRA2A,-0.8927513,-0.09241238,0.3719903832999035,1.0
RPN1,-0.89306074,-0.400934,0.37182462845054864,1.0
RNF152,-0.8935865,-2.2972934,0.37154314992084914,1.0
FABP5,-0.89374316,-0.52015215,0.37145933080852855,1.0
HGSNAT,-0.89375806,-0.38576466,0.3714513486477623,1.0
TTYH3,-0.8941496,-0.25735426,0.37124185498609963,1.0
XPC,-0.89441806,-0.21312067,0.3710982445697327,1.0
ADRM1,-0.8944628,-0.5023666,0.37107431285262116,1.0
FAM217B,-0.8955442,-0.55891055,0.37049625431546673,1.0
TMEM223,-0.8965137,-0.45645604,0.3699784706322279,1.0
MSANTD2,-0.8977517,-0.28636825,0.36931795466693174,1.0
CDC27,-0.89819914,-0.098312505,0.3690793944662909,1.0
SFRP4,-0.8988107,-0.20819733,0.36875351722177596,1.0
COX6A1,-0.8991127,-0.18010134,0.3685926317170293,1.0
TCOF1,-0.89984727,-0.44074163,0.3682015246090419,1.0
MIPEP,-0.8999778,-0.30575833,0.3681320656103386,1.0
CHD8,-0.9000337,-0.18446453,0.3681022999653403,1.0
NUP214,-0.9002537,-0.12180508,0.36798523629972935,1.0
FBXO45,-0.9016334,-0.7557604,0.36725163683285966,1.0
RGS17,-0.9017229,-0.6882912,0.3672040834968311,1.0
RFC5,-0.90250224,-0.6511213,0.366790135411582,1.0
GLUD1,-0.9036992,-0.17287424,0.3661549254926745,1.0
EYS,-0.90383714,-0.045247767,0.36608175228674955,1.0
AC002546.1,-0.90488124,-0.8600814,0.36552830490990496,1.0
AGPAT5,-0.90512735,-0.10277499,0.3653979255677393,1.0
GTF3C6,-0.9054928,-0.50697654,0.3652043855719541,1.0
PROSER3,-0.9060148,-1.2865938,0.36492801093778415,1.0
HECW2,-0.90723044,-0.40548134,0.36428495935184335,1.0
CMTM4,-0.90758467,-0.22514784,0.36409770038085953,1.0
SRSF7,-0.907607,-0.179666,0.3640858755193832,1.0
MAT2B,-0.9081179,-0.40649617,0.3638159398519023,1.0
DIAPH1,-0.90881145,-0.30852163,0.3634496582275142,1.0
AC093019.2,-0.90966535,-0.17746422,0.362999015602931,1.0
TONSL,-0.9113881,-0.61521053,0.36209092398803133,1.0
NECTIN3,-0.9128871,-0.21466903,0.36130192547161355,1.0
REXO5,-0.9129169,-0.5856421,0.3612862349569971,1.0
ANKRD28,-0.913521,-0.07871589,0.36096859397445136,1.0
CCDC26,-0.9139349,-0.82539374,0.3607510522477477,1.0
CDCA7L,-0.91447556,-0.42152667,0.36046700005769594,1.0
DONSON,-0.9146471,-0.2560147,0.36037691628655455,1.0
PPIE,-0.91468066,-0.60636693,0.3603592928538297,1.0
NUDT6,-0.91502374,-0.49447104,0.3601791732376104,1.0
FNBP1,-0.91502374,-0.16238628,0.3601791732376104,1.0
NLGN4Y,-0.91532576,-0.041557956,0.36002063645891447,1.0
KCTD6,-0.9161722,-0.3866015,0.3595765755349879,1.0
ERH,-0.9165675,-0.33791456,0.3593693345883038,1.0
FAM49B,-0.91660106,-0.13134967,0.3593517421161294,1.0
ACO2,-0.9174885,-0.2564705,0.3588867153438353,1.0
CARS2,-0.91788375,-0.20832844,0.35867972440075424,1.0
CAD,-0.9179285,-0.21630985,0.35865629619481776,1.0
UPF3B,-0.91915905,-0.2862735,0.35801239764551107,1.0
CCNF,-0.91952074,-0.54988164,0.3578232689077516,1.0
BAX,-0.9196885,-0.33912155,0.35773555012752145,1.0
B4GALT4,-0.9198041,-1.0121379,0.3576751295086813,1.0
PARP1,-0.91988987,-0.2130683,0.3576303054586959,1.0
ILDR2,-0.92002785,-0.7758764,0.3575582046243343,1.0
SDHAF2,-0.92009497,-0.2786791,0.3575231318517086,1.0
GPR19,-0.92048275,-1.1523933,0.35732053157493593,1.0
AC072028.1,-0.9205984,-0.5864701,0.3572601550965828,1.0
TAOK2,-0.9207662,-0.40902498,0.35717252325365434,1.0
AC022816.1,-0.9207662,-1.5573251,0.35717252325365434,1.0
PXMP2,-0.92091906,-0.42755046,0.35709269269458754,1.0
FBXO5,-0.92112786,-0.61458635,0.3569836739920411,1.0
SNRPC,-0.9225001,-0.30443186,0.3562677870237181,1.0
FAM193A,-0.9233875,-0.12212906,0.3558052771579764,1.0
PRKG2,-0.9235814,-0.7755084,0.35570427501133417,1.0
KHDC4,-0.92394316,-0.1388466,0.35551591549689265,1.0
PLCL1,-0.92395806,-0.575699,0.3555081494453973,1.0
SPC24,-0.92435706,-0.7095918,0.355300447291678,1.0
GJA1,-0.92436826,-0.5641003,0.355294624970549,1.0
RTN4IP1,-0.92519975,-0.26758468,0.3548620010090625,1.0
ZNF532,-0.9264116,-0.09778827,0.3542320910240806,1.0
CERS6-AS1,-0.92648625,-0.75528574,0.35419335041742306,1.0
EHMT1,-0.92707163,-0.06494138,0.3538893296352775,1.0
DSG2,-0.9276496,-0.5265352,0.35358934354877725,1.0
BRI3BP,-0.92780626,-0.32712284,0.3535080846841294,1.0
SLC25A19,-0.92867506,-0.44101378,0.3530575058943425,1.0
AC097658.3,-0.9289249,-0.9691592,0.35292800759118537,1.0
PRICKLE2-AS3,-0.92893237,-0.33270362,0.35292414243208603,1.0
AC111006.1,-0.9290964,-0.66962177,0.35283911570643134,1.0
TLL1,-0.9291337,-2.2314103,0.3528197932580537,1.0
AKAP1,-0.93031204,-0.19415975,0.35220954872106414,1.0
TRAIP,-0.9312144,-1.0342003,0.35174266161097467,1.0
PPP1R14A,-0.9313524,-0.5530466,0.35167131260659645,1.0
PYGL,-0.9317029,-1.047197,0.35149008879920607,1.0
RNF34,-0.932788,-0.27016222,0.35092944131419,1.0
ULK3,-0.9329819,-0.40466568,0.3508293166128489,1.0
RPL36A,-0.9337985,-0.15932208,0.35040783634870787,1.0
AL136114.1,-0.9341453,-0.7659227,0.35022894876292954,1.0
KATNA1,-0.9343653,-0.21713388,0.35011549097831096,1.0
MMP16,-0.934548,-0.41204864,0.3500212810530139,1.0
RPL17,-0.9346338,-0.19079646,0.34997706561480946,1.0
GLRX5,-0.93545413,-0.34495172,0.3495543144212274,1.0
CDC34,-0.9374155,-0.32796198,0.3485448693987452,1.0
NARS2,-0.93768024,-0.0965471,0.34840875554039985,1.0
SLC27A2,-0.937945,-0.6526335,0.3482726754680756,1.0
AC092567.1,-0.9379748,-0.31219032,0.34825734462014035,1.0
TRIM32,-0.9382657,-0.51539135,0.34810789133320597,1.0
POLD3,-0.93897045,-0.84837806,0.3477459236459276,1.0
FAXC,-0.93920535,-0.3868131,0.347625320960288,1.0
TALDO1,-0.93932843,-0.31626844,0.34756215874331975,1.0
EIF4A2,-0.93935823,-0.21542151,0.3475468477901156,1.0
DHX30,-0.9396901,-0.17234904,0.34737654237249294,1.0
C6orf141,-0.9397199,-1.0684214,0.3473612366214478,1.0
COX7C,-0.9399101,-0.23343983,0.34726367254473534,1.0
AL713852.1,-0.94027555,-0.28476435,0.3470762454230035,1.0
SKIDA1,-0.94064844,-0.46349,0.3468850596319273,1.0
MECP2,-0.9414688,-0.15833747,0.3464646869028819,1.0
PILRB,-0.94158065,-0.1894159,0.34640738849350416,1.0
AL161891.1,-0.94170743,-0.5210151,0.3463424575918026,1.0
SHMT1,-0.94236,-0.68248916,0.34600837705263765,1.0
ALDH1L2,-0.94398576,-0.35864955,0.3451769325293712,1.0
PITHD1,-0.94408643,-0.41392845,0.3451254859145457,1.0
AL049637.1,-0.9443288,-0.39072788,0.345001653008415,1.0
LPCAT1,-0.94456,-0.19445083,0.34488356187527114,1.0
SNRPD1,-0.9446681,-0.19250104,0.3448283345510551,1.0
TUBA1B,-0.9455034,-0.15038097,0.3444019411624055,1.0
AC026341.1,-0.94552577,-0.89880204,0.344390524539692,1.0
SMYD2,-0.946719,-0.4249478,0.3437819879297731,1.0
PFN1,-0.94676375,-0.46003896,0.34375918117159787,1.0
MIOS,-0.9468719,-0.12521693,0.34370406882814886,1.0
LRP4-AS1,-0.9472932,-0.8097217,0.3434893745628379,1.0
HHAT,-0.9473007,-0.2533834,0.34348557543596225,1.0
PIAS4,-0.94760644,-0.6698454,0.3433298343431874,1.0
AC109587.1,-0.94804275,-0.39870346,0.3431076965099077,1.0
MVD,-0.9485909,-0.6343867,0.3428287304675136,1.0
AL357568.1,-0.94933295,-0.9252888,0.3424513135947236,1.0
ACTR3,-0.94975054,-0.17088144,0.34223901495172937,1.0
PPM1B,-0.95004886,-0.15434913,0.34208742460899577,1.0
FLACC1,-0.9503882,-1.0049429,0.34191504281566276,1.0
PISD,-0.95113766,-0.28310934,0.3415344844011402,1.0
RCCD1,-0.9512011,-0.733512,0.34150231030669076,1.0
SH3RF2,-0.9514845,-0.8542419,0.3413584969011413,1.0
GPR137B,-0.9519916,-0.36867642,0.34110124336907477,1.0
MTSS1,-0.95241296,-0.08161638,0.34088759039270355,1.0
GPATCH8,-0.95251364,-0.049952026,0.3408365532547323,1.0
GCLC,-0.9528716,-0.17047323,0.34065512751206073,1.0
NECTIN1,-0.95360243,-0.27653593,0.3402849087429982,1.0
ZNF428,-0.9537591,-0.5843555,0.340205609706558,1.0
EHMT2-AS1,-0.95450485,-0.5028253,0.33982815773624775,1.0
EEF2K,-0.9549225,-0.092833415,0.33961690195203664,1.0
AC007347.1,-0.95514995,-0.27914488,0.3395018784297552,1.0
CASK,-0.9554333,-0.035649758,0.339358605393991,1.0
ATP1B1,-0.95641774,-0.36630106,0.33886122150267584,1.0
ESF1,-0.95799506,-0.08448898,0.3380652527042969,1.0
NDUFA2,-0.95840895,-0.36238647,0.3378565805202889,1.0
PSPC1,-0.9584313,-0.091397926,0.3378453033004509,1.0
NDUFB2,-0.9585096,-0.23204684,0.3378058349353221,1.0
VCAN,-0.9586476,-0.8373475,0.3377363026423791,1.0
ANKUB1,-0.9588825,-0.046288583,0.33761793097861037,1.0
MAB21L1,-0.95906526,-0.4883215,0.33752588256144544,1.0
OSER1,-0.9601093,-0.42056763,0.3370002010203368,1.0
PPP4R1,-0.96059036,-0.22059703,0.3367581892474075,1.0
ZNF675,-0.96109,-0.4611406,0.33650691555663204,1.0
CTU2,-0.9612168,-0.65273255,0.33644317873361496,1.0
RNF125,-0.96142185,-0.45453998,0.33634009149324706,1.0
KCNIP1,-0.9617127,-1.0022538,0.3361939298935389,1.0
HDLBP,-0.9617165,-0.10675474,0.336192056292271,1.0
CYFIP2,-0.9627307,-0.46507943,0.3356826862136525,1.0
KLHL15,-0.9632266,-0.55525565,0.33543380019551006,1.0
ASNS,-0.96424836,-1.5318221,0.33492143225963256,1.0
POMT2,-0.9649606,-0.65670353,0.3345645690940916,1.0
AC012615.2,-0.9651097,-0.41105184,0.3344898644010964,1.0
SLC25A39,-0.96559817,-0.34175578,0.33424528180635305,1.0
HNRNPR,-0.9659748,-0.103738874,0.3340567892340425,1.0
MAPRE3,-0.967664,-0.31337446,0.33321221543877155,1.0
CTSB,-0.9678318,-0.5861414,0.33312839269470707,1.0
BOP1,-0.9679809,-0.46100852,0.3330538950160292,1.0
DENND2A,-0.9680033,-0.47337717,0.33304272129185086,1.0
SNHG30,-0.9682308,-0.3659916,0.3329291354990387,1.0
UNK,-0.9684321,-0.0986082,0.3328286050133721,1.0
PSMD11,-0.9688535,-0.20219187,0.33261829909061114,1.0
EIF3B,-0.9690287,-0.12488396,0.3325308519913813,1.0
ZBTB7A,-0.96980435,-0.290667,0.3321440303425268,1.0
SCYL3,-0.97039723,-0.35212195,0.3318485310916066,1.0
AC139100.1,-0.97073656,-0.49417144,0.3316794853518934,1.0
RPS15A,-0.972765,-0.19785962,0.33067008745288784,1.0
INPP5K,-0.9729329,-0.74128157,0.33058667856976887,1.0
AC008771.1,-0.97358537,-0.10294912,0.33026244012762285,1.0
PSMD4,-0.974003,-0.2410501,0.33005503559489724,1.0
SH3GL1,-0.9743461,-0.37348637,0.3298847306867102,1.0
ASCC3,-0.97479355,-0.083802804,0.32966267938485094,1.0
CNOT6,-0.9748942,-0.17104177,0.329612731186793,1.0
IDH3B,-0.97496134,-0.22357124,0.3295794351115575,1.0
PRR12,-0.97517014,-0.31480417,0.3294758612554287,1.0
ZNF700,-0.9773888,-0.42411837,0.32837669146906456,1.0
AC096741.1,-0.97763866,-0.36289936,0.32825306855436276,1.0
GPATCH11,-0.9779668,-0.43705064,0.3280907440269424,1.0
DPYSL2,-0.9785224,-0.42053208,0.3278160178395232,1.0
LECT2,-0.97863424,-0.53407514,0.3277607219006322,1.0
PHLDA3,-0.9786753,-0.7727667,0.32774044823970594,1.0
PLEKHF2,-0.9790743,-0.9487415,0.3275432832709798,1.0
AC008056.1,-0.97953665,-0.5126033,0.3273148893556901,1.0
EDC3,-0.97969323,-0.25987542,0.327237553573261,1.0
SMIM27,-0.97982377,-0.45133662,0.3271731161513235,1.0
PDE4A,-0.98018175,-1.4175876,0.3269964158023847,1.0
ARFIP1,-0.980838,-0.056673802,0.3266726261624775,1.0
MRPS23,-0.98218787,-0.34770754,0.3260073047540605,1.0
KIF2A,-0.98290753,-0.113377154,0.32565294946156553,1.0
KLHL12,-0.98339975,-0.47104326,0.3254107367659784,1.0
YWHAE,-0.98382854,-0.15138362,0.32519981367026585,1.0
VMP1,-0.98386586,-0.10170963,0.32518147673594444,1.0
AL137779.1,-0.9851896,-1.5220218,0.324530951407752,1.0
DENND6A-AS1,-0.98550284,-0.18708402,0.32437714832660125,1.0
MYL12B,-0.985734,-0.45921555,0.3242636574533265,1.0
CHAF1B,-0.9859764,-0.5768298,0.3241447028540255,1.0
JPT2,-0.98657674,-0.3295422,0.32385018385693476,1.0
AC084724.1,-0.9876805,-0.78705597,0.3233091629720489,1.0
KAT5,-0.9877737,-0.4838828,0.3232634956359052,1.0
ALS2,-0.98787063,-0.22370596,0.32321600606690415,1.0
PIP5K1C,-0.9883032,-0.25423396,0.3230041849394355,1.0
CYFIP1,-0.9904585,-0.5043188,0.3219500808102296,1.0
FAM168B,-0.99123406,-0.16411565,0.32157129921193484,1.0
STK38,-0.9915025,-0.32567683,0.32144025032666956,1.0
NSRP1,-0.9918904,-0.06521618,0.32125101907083453,1.0
HAUS1,-0.99200594,-0.3980481,0.3211946276796106,1.0
ATG3,-0.99225575,-0.22291255,0.32107277160104675,1.0
ADCYAP1R1,-0.99333715,-0.20086205,0.32054568314488363,1.0
KMT2A,-0.9936876,-0.15112226,0.3203749552205273,1.0
PGD,-0.99371374,-0.22592086,0.3203622438174928,1.0
SF3B1,-0.9938368,-0.19400051,0.3203023230726557,1.0
CYSTM1,-0.99401206,-0.14334305,0.320216994055612,1.0
HKDC1,-0.9941575,-2.7659993,0.32014620041052744,1.0
ZBTB10,-0.99490696,-0.4810711,0.31978150315088094,1.0
CALR,-0.9961114,-0.28705052,0.31919601678105725,1.0
CALM1,-0.99632394,-0.24728231,0.31909276852960755,1.0
SPATA1,-0.9966819,-0.36557448,0.31891892615405215,1.0
SYNCRIP,-0.99687207,-0.09153503,0.3188265976150172,1.0
NPAT,-0.9969989,-0.40499413,0.3187650549788186,1.0
COLEC12,-0.9974426,-1.2351508,0.3185497170081125,1.0
AL033504.1,-0.9975135,-0.4671047,0.3185153441368297,1.0
KHSRP,-0.9985016,-0.3434388,0.31803618624449304,1.0
IPO13,-0.99870294,-0.41193223,0.3179386044788328,1.0
RPS27L,-0.9991057,-0.2746543,0.31774349981180416,1.0
CDK11A,-1.0006458,-0.67700344,0.31699812905093294,1.0
KANSL2,-1.0007203,-0.22119397,0.31696206275068595,1.0
NUP43,-1.000944,-0.36150548,0.31685387999928516,1.0
FBXO31,-1.0009775,-0.22582601,0.31683765467589564,1.0
DHX38,-1.0015705,-0.2165639,0.31655109716702423,1.0
LAMC1,-1.0019583,-0.12978396,0.31636375534891337,1.0
RTF1,-1.0033454,-0.21904418,0.3156942438227589,1.0
DHTKD1,-1.0049115,-0.21428595,0.31493946284919105,1.0
ENTPD5,-1.0050309,-0.4622241,0.3148820043898104,1.0
BBX,-1.005139,-0.11507226,0.31482993861255504,1.0
SRGAP2B,-1.0059258,-0.40657744,0.3144512855694743,1.0
AP2M1,-1.0081183,-0.84384966,0.3133976624214826,1.0
HSP90B1,-1.0083495,-0.16283031,0.313286701682834,1.0
MAD2L1,-1.0091139,-0.5030127,0.3129199995092603,1.0
RAP1B,-1.0098075,-0.09084292,0.31258752902907205,1.0
ZC3H4,-1.012373,-0.35051614,0.31135976861010073,1.0
RBM15,-1.0126041,-0.343085,0.31124928383537165,1.0
MCF2L2,-1.0133313,-0.7173476,0.31090195998065184,1.0
AC107021.1,-1.0139204,-0.37674156,0.31062072621666625,1.0
FBXO21,-1.0145544,-0.26176557,0.3103183204916493,1.0
KCNQ4,-1.0147855,-0.7980038,0.31020807972908226,1.0
TMEM258,-1.0152329,-0.46121058,0.30999478397461355,1.0
PRRC2A,-1.0152553,-0.24509135,0.30998412172983636,1.0
BRD7,-1.0153112,-0.17550127,0.3099574671774492,1.0
CCNYL1,-1.016195,-0.50861055,0.30953652613944527,1.0
EXOSC2,-1.0169892,-0.34209165,0.30915853444049024,1.0
SLC16A4,-1.0187792,-0.23292278,0.3083078409770016,1.0
MRPL20,-1.0191967,-0.36408323,0.30810956883740903,1.0
KPNA5,-1.0194018,-0.19750729,0.3080122339457966,1.0
COPS9,-1.0206547,-0.39628217,0.30741804808070294,1.0
ASS1,-1.020774,-0.3175373,0.30736149855425154,1.0
YTHDF3,-1.021009,-0.1661923,0.30725018680161065,1.0
PRPF4B,-1.0217808,-0.052532062,0.3068846361409687,1.0
MTR,-1.0219598,-0.09918331,0.30679991193218326,1.0
NUDCD3,-1.0221351,-0.1121195,0.3067169678261513,1.0
IDI1,-1.0223775,-0.53157765,0.3066022823735238,1.0
DRAM1,-1.0232202,-0.689919,0.3062037510310426,1.0
YIF1A,-1.0239735,-0.5298168,0.30584783232251955,1.0
ITGA4,-1.0242456,-0.11295307,0.3057192757380851,1.0
MTX3,-1.0244321,-0.4215289,0.305631243962313,1.0
SLC16A10,-1.0248572,-0.25977406,0.3054305943777922,1.0
ATP6V1C2,-1.0260131,-0.824508,0.30488541026136806,1.0
AL357522.1,-1.0261362,-0.62064743,0.3048274125901558,1.0
TNFAIP8L1,-1.0264232,-0.63833684,0.304692113168161,1.0
WDR90,-1.027363,-0.48324576,0.3042495938032689,1.0
LARP4B,-1.0293318,-0.058756646,0.3033237949322203,1.0
S100PBP,-1.0314088,-0.29385355,0.3023491788093985,1.0
MYNN,-1.032203,-0.43514794,0.3019770312836725,1.0
LDLRAD3,-1.0322925,-0.06332324,0.30193511828573305,1.0
VPS33B,-1.0329973,-0.69242764,0.3016051887280855,1.0
AC007390.2,-1.0348654,-0.34791723,0.3007317753256359,1.0
CNIH4,-1.0356634,-0.19250159,0.3003592147271791,1.0
MROH1,-1.0357156,-1.5289487,0.30033485232992685,1.0
AL355838.1,-1.036879,-0.71829206,0.2997922606700404,1.0
RNASEH1,-1.0371363,-0.3111742,0.29967235276867943,1.0
FAM171B,-1.0382363,-1.8306065,0.29916006382054405,1.0
SAP18,-1.0385457,-0.66917765,0.29901603369194096,1.0
AC087190.1,-1.0405668,-0.8914889,0.2980766375851359,1.0
AP001107.9,-1.0410031,-0.94065815,0.2978741118155115,1.0
NDUFB6,-1.0417228,-0.29914907,0.2975402318048256,1.0
PIAS1,-1.0420732,-0.09008231,0.29737770728133095,1.0
CDK5RAP1,-1.042942,-0.1952919,0.2969751098309624,1.0
TNS3,-1.0429794,-0.47352007,0.2969578391313762,1.0
ACAT2,-1.0437886,-0.59792054,0.29658323037447876,1.0
FRMD4A,-1.0454628,-0.07556399,0.2958091224052798,1.0
AC092718.2,-1.046656,-0.7119762,0.2952582458714311,1.0
AL138733.1,-1.0467455,-0.20914257,0.2952169578497075,1.0
MPV17L,-1.0472116,-0.27764037,0.2950019785973004,1.0
TP53INP1,-1.0487256,-0.23930445,0.29430444969943403,1.0
TIAL1,-1.0505079,-0.18117589,0.2934846394185662,1.0
UBE2C,-1.0513544,-0.74364257,0.29309585238553093,1.0
ETV3,-1.0515594,-0.6253029,0.2930017049326572,1.0
MRTFA-AS1,-1.0526073,-0.33524334,0.29252101385639007,1.0
HMGB3,-1.0543188,-0.7231103,0.29173696771408064,1.0
SRD5A1,-1.0544531,-0.8841695,0.2916755336831932,1.0
TCF7,-1.0550086,-0.35286412,0.29142135752517984,1.0
NBPF14,-1.0554076,-0.40022132,0.2912389202238004,1.0
ATG7,-1.0564629,-0.10678275,0.29075676934421224,1.0
ZNF90,-1.0566978,-0.2985712,0.2906495085140177,1.0
PHF19,-1.0569812,-1.0952543,0.29052014992659847,1.0
AHCTF1,-1.0587114,-0.08746012,0.28973122197652357,1.0
AVEN,-1.0590433,-0.18369254,0.2895800624719873,1.0
CEP83,-1.060561,-0.08936895,0.2888894818002795,1.0
PGM2,-1.0609673,-0.67648745,0.2887047236926761,1.0
DKC1,-1.0616274,-0.28064212,0.2884048733401313,1.0
CALD1,-1.0617206,-0.1297886,0.28836253852312177,1.0
RAD51D,-1.0619407,-0.82306975,0.2882626449669451,1.0
AC008700.1,-1.0620898,-0.6328046,0.2881949337953176,1.0
AL035681.1,-1.0625969,-0.47566566,0.2879647960383087,1.0
CTBS,-1.0633166,-0.8011606,0.287638416297758,1.0
CENPX,-1.063943,-0.45894736,0.287354516973509,1.0
AC008691.1,-1.0640287,-0.9990994,0.2873156645253825,1.0
CDC42,-1.0655949,-0.27819175,0.2866068084795619,1.0
UBN1,-1.065882,-0.26289392,0.2864769797574952,1.0
MRAP2,-1.0660908,-0.7655104,0.2863825838209485,1.0
TPGS2,-1.0664078,-0.32006514,0.28623934442506305,1.0
YARS,-1.0667583,-0.20363888,0.2860809948711679,1.0
ENO2,-1.0669857,-0.397474,0.2859782677906678,1.0
ROCK2,-1.0675712,-0.09402273,0.285713986507384,1.0
MIER1,-1.0682796,-0.16363348,0.2853943764829915,1.0
EXPH5,-1.069182,-0.55018103,0.28498764437056157,1.0
SF3B3,-1.0711397,-0.13193229,0.28410661937395165,1.0
LDHAL6A,-1.0716058,-0.4555504,0.2838971235485305,1.0
NIF3L1,-1.0721166,-0.3502096,0.2836676362834526,1.0
RNF145,-1.0721204,-0.1483076,0.28366596165587765,1.0
AL355073.1,-1.074298,-0.38362303,0.2826891226383029,1.0
GPN3,-1.0743502,-0.9054272,0.28266573328314826,1.0
SPINT2,-1.0745814,-0.5864319,0.2825621676209732,1.0
ENOPH1,-1.0746784,-0.22396247,0.2825187445156254,1.0
MRPS6,-1.0747977,-0.29086995,0.28246530690415683,1.0
SH3KBP1,-1.0756404,-0.8377648,0.28208809887188235,1.0
PITPNA,-1.0763191,-0.32427052,0.2817845780125665,1.0
UGGT1,-1.0765353,-0.13653803,0.2816878981535784,1.0
RNF121,-1.0771618,-0.34379297,0.2814079869520024,1.0
ADGRL2,-1.0779747,-0.07651029,0.2810450503142662,1.0
CTPS2,-1.078933,-0.29760864,0.280617592928342,1.0
USP28,-1.0805924,-0.51856965,0.2798784875961545,1.0
ETV1,-1.0806371,-0.47814766,0.27985857500157096,1.0
TMA7,-1.0806744,-0.27581954,0.27984198190825404,1.0
ETS1,-1.0815469,-0.8886983,0.27945389439821855,1.0
RRP1,-1.0817856,-0.46504205,0.2793478145601641,1.0
THAP8,-1.0827849,-0.8502564,0.27890390263696574,1.0
MTHFD1L,-1.0833405,-0.059419166,0.27865730851611603,1.0
NCK1,-1.0835494,-0.18711975,0.2785646672107367,1.0
CDC42EP3,-1.0836276,-0.17900978,0.27852993212471444,1.0
SUV39H2,-1.0836426,-0.3284624,0.27852331625201543,1.0
CHAC2,-1.0836687,-0.42963454,0.278511738732096,1.0
ACSS2,-1.0838401,-0.3168181,0.2784356660336468,1.0
STC2,-1.0838737,-0.4178993,0.27842078389887415,1.0
HCFC1,-1.084366,-0.40683734,0.27820257477898835,1.0
GTF3C4,-1.0845561,-0.48604283,0.27811829789401155,1.0
KLF13,-1.0856562,-1.1107162,0.27763115496194524,1.0
OTUD3,-1.0857009,-0.49368814,0.2776113512854208,1.0
NDUFS8,-1.0858016,-0.41745043,0.27756679653076266,1.0
LDHA,-1.0859022,-0.22667363,0.2775222466464531,1.0
AC092801.1,-1.0860999,-0.707654,0.277434811036666,1.0
TK1,-1.0870321,-1.1101198,0.2770226319299477,1.0
VCL,-1.0874982,-0.116411746,0.27681669893137073,1.0
FRS2,-1.0885571,-0.10068089,0.2763492070472702,1.0
SLC39A14,-1.0886056,-0.2801716,0.2763278206630786,1.0
ANKRD27,-1.0891091,-0.1792297,0.2761057979975474,1.0
EXOSC7,-1.0892694,-0.34719333,0.2760351052210106,1.0
LATS1,-1.0901419,-0.11068585,0.27565062138032437,1.0
PSMC3,-1.0904477,-0.4499474,0.2755159742234129,1.0
FANCG,-1.0908206,-1.0584488,0.2753518311213802,1.0
COA1,-1.0942773,-0.053673882,0.2738334014754551,1.0
SART1,-1.0950081,-0.35548306,0.2735130870043967,1.0
FANCC,-1.0951236,-0.047012277,0.2734624484917394,1.0
RASGEF1B,-1.0951685,-0.94494843,0.27344284820772546,1.0
HRAS,-1.0960969,-0.6910957,0.2730363590416285,1.0
PSMD14,-1.0969583,-0.087517574,0.2726596243589071,1.0
FIS1,-1.0979986,-0.8085519,0.27220508152170175,1.0
COX7A2,-1.09952,-0.23260704,0.2715413079894776,1.0
NF2,-1.1003143,-0.3584874,0.2711952199548703,1.0
RAD54L,-1.1005902,-0.3447977,0.271075053560503,1.0
VPS13A,-1.1023278,-0.07331726,0.2703191683421592,1.0
AC008736.1,-1.1040729,-1.0008571,0.269561494784726,1.0
LSM5,-1.1045727,-0.41330653,0.2693448226604662,1.0
SLC24A5,-1.1070187,-0.40710258,0.2682858244393528,1.0
DYNLL1,-1.1070374,-0.3397177,0.2682777638054079,1.0
AC046158.1,-1.1077272,-0.5726231,0.2679796373015446,1.0
FRMPD1,-1.1094239,-0.12753303,0.2672473759812448,1.0
NTNG2,-1.1095283,-0.88059324,0.2672023587284903,1.0
CYP1B1-AS1,-1.1105648,-0.17848822,0.2667556846090854,1.0
HAUS4,-1.1105648,-0.59162945,0.2667556846090854,1.0
LINC02343,-1.1116202,-1.3485061,0.2663015046612198,1.0
MARCH6,-1.1125859,-0.14896564,0.265886308389901,1.0
PAWR,-1.1146965,-0.098552674,0.2649805200702149,1.0
UBE2S,-1.1155317,-0.40299585,0.2646226334589674,1.0
B4GALT2,-1.1156175,-0.45425186,0.26458590504295565,1.0
SCML1,-1.1159829,-0.35882947,0.26442944943673263,1.0
ADAM9,-1.1180636,-0.28753915,0.26353982589450486,1.0
TIMM17A,-1.1181867,-0.224023,0.26348727850011655,1.0
AC079753.2,-1.1187758,-1.3517193,0.26323578811628123,1.0
PDCD5,-1.1196222,-0.4786691,0.26287475971348784,1.0
NDUFAF1,-1.1205806,-0.47475675,0.2624664310696728,1.0
GALNT2,-1.1207782,-0.097779356,0.2623822777293965,1.0
MMP2,-1.122665,-0.5685069,0.26157978975009577,1.0
MINK1,-1.1230863,-0.4707574,0.26140080998313064,1.0
AP3D1,-1.123545,-0.30034623,0.2612060875479624,1.0
PLPP3,-1.1239887,-1.0544555,0.26101779302649664,1.0
AC021237.1,-1.124384,-0.5803343,0.2608501475589772,1.0
PTBP2,-1.1254393,-0.08489347,0.26040293068291753,1.0
AGPAT4,-1.12554,-0.4848977,0.2603602910880154,1.0
AC087071.2,-1.1261067,-0.2181613,0.2601203361207065,1.0
MRPL41,-1.126364,-0.64563125,0.26001145972189,1.0
PUS7,-1.127438,-0.09827232,0.2595573597272578,1.0
LSM4,-1.1280159,-0.46825275,0.259313193083446,1.0
SNHG17,-1.1283888,-0.13752252,0.2591557506706499,1.0
STIM1,-1.1284261,-0.2559144,0.2591400100722018,1.0
SMG7,-1.1286722,-0.10430314,0.2590361387328769,1.0
TATDN2,-1.1289034,-0.6200136,0.25893858890512644,1.0
ERO1A,-1.1295373,-0.35177517,0.2586712441589334,1.0
GEMIN7-AS1,-1.1297983,-0.22069739,0.25856121664876397,1.0
C1orf112,-1.1303203,-0.39423338,0.2583412589532672,1.0
AC009554.1,-1.1304396,-0.10232773,0.2582910011275088,1.0
SEC62,-1.1314689,-0.27894118,0.2578578087288934,1.0
CDC20,-1.1317896,-1.1163721,0.2577229315129822,1.0
SLC45A4,-1.1324085,-0.56671596,0.25746272553041283,1.0
AC012184.1,-1.1328821,-0.636244,0.2572637753855318,1.0
LRRC40,-1.1330798,-0.29437396,0.25718078050534565,1.0
RAVER1,-1.1345116,-0.7977858,0.25658001411895603,1.0
NUP133,-1.1352835,-0.20815194,0.25625656802565155,1.0
ACADVL,-1.1359024,-0.7297118,0.25599739083242257,1.0
RPS16,-1.13701,-0.22398753,0.25553413674808656,1.0
PRKD1,-1.1400005,-0.19220498,0.2542861068046227,1.0
AC005920.2,-1.1409103,-0.25877464,0.2539072497933893,1.0
AC007193.1,-1.1417195,-0.37874702,0.2535706457180814,1.0
TRHDE,-1.1418388,-0.8588493,0.2535210345497897,1.0
ARHGAP17,-1.1422005,-0.1946733,0.25337069199136264,1.0
MZT2A,-1.1423385,-0.38725367,0.253313361191415,1.0
EDC4,-1.1424466,-0.5436967,0.2532684325560074,1.0
PPP2R2D,-1.1425174,-0.24655837,0.25323899956287255,1.0
BAIAP2,-1.1426703,-0.3094032,0.2531754943790464,1.0
EEF2,-1.1427374,-0.15838696,0.25314761755858184,1.0
AC079465.1,-1.1441618,-0.40272617,0.2525565135798089,1.0
E2F2,-1.1443073,-0.6490136,0.25249621942754574,1.0
AL080317.2,-1.1455975,-0.6104278,0.25196174136995764,1.0
CERKL,-1.1457466,-0.43252108,0.2519000029090923,1.0
ZNF292,-1.1459107,-0.07322306,0.2518321027871022,1.0
PEPD,-1.1465484,-0.39035356,0.2515683394183347,1.0
ZC3H18,-1.146802,-0.2376866,0.2514635046309064,1.0
NEDD9,-1.146966,-0.80721295,0.25139568659876355,1.0
DDX42,-1.1485991,-0.1624011,0.25072128459619547,1.0
YWHAH,-1.1487446,-0.597124,0.2506612963934668,1.0
RAB3B,-1.148808,-1.384738,0.2506351508257,1.0
BTBD2,-1.1491287,-0.396423,0.25050291419002824,1.0
AC092338.1,-1.1494569,-0.9405351,0.2503676527172598,1.0
KIF22,-1.149826,-0.31355983,0.2502155445313291,1.0
GRTP1,-1.1500162,-0.33619595,0.25013721096139574,1.0
RPL12,-1.1507806,-0.18730898,0.24982251353187535,1.0
RADIL,-1.1509074,-1.9296453,0.24977034656588504,1.0
FLOT1,-1.1517613,-0.5239161,0.249419184965459,1.0
SF3B5,-1.1525667,-0.76261187,0.2490882746631391,1.0
ZMAT3,-1.1536853,-0.16892563,0.248629186380673,1.0
CDCA4,-1.1540694,-0.7005821,0.24847170262308504,1.0
RELCH,-1.1560793,-0.1861938,0.2476487265733116,1.0
AC018816.1,-1.1577871,-0.94933844,0.24695092702752042,1.0
CHML,-1.1592898,-0.4648249,0.24633806442845818,1.0
WDR4,-1.1593271,-0.2161272,0.2463228704851237,1.0
THOP1,-1.1600058,-0.41965652,0.24604645546774662,1.0
VOPP1,-1.1612624,-0.23463729,0.24553520630146008,1.0
CEMIP2,-1.1619709,-0.20940575,0.24524729359392627,1.0
HNRNPF,-1.1643797,-0.26132563,0.24427016226531417,1.0
AC093801.1,-1.1650398,-1.9868968,0.24400291208300307,1.0
AC092120.3,-1.1651553,-0.17114629,0.243956126694298,1.0
CBX6,-1.165558,-0.5101142,0.243793181649259,1.0
RND3,-1.1657668,-0.46531928,0.24370872173068103,1.0
TMEM33,-1.1672957,-0.17713073,0.24309098061878265,1.0
EEFSEC,-1.1674746,-0.16954392,0.24301873174069055,1.0
USP2,-1.1683099,-0.36679524,0.2426817698931748,1.0
AL390719.3,-1.1689215,-1.0957645,0.24243527408931564,1.0
SNRNP27,-1.1702266,-0.49503,0.24190980500608783,1.0
NHS,-1.1707971,-0.7516591,0.2416803518658076,1.0
NOTCH2NLC,-1.1713899,-0.48150292,0.24144206290682935,1.0
TSC22D1,-1.173191,-0.17876627,0.24071921844089883,1.0
RBMS1,-1.1732842,-0.5914049,0.2406818456681642,1.0
TMEM181,-1.1733029,-0.13525753,0.24067437160411265,1.0
DVL1,-1.1735638,-0.33702236,0.24056975187404994,1.0
PYGB,-1.1740189,-0.26269794,0.24038749121691727,1.0
SCD,-1.1751524,-0.2817468,0.2399337568537535,1.0
PSTK,-1.1753277,-0.35560444,0.23986366105047197,1.0
CEP295,-1.1759504,-0.31294093,0.23961471401736412,1.0
RERG,-1.1775538,-0.14294538,0.23897455128924217,1.0
AC012358.3,-1.1800781,-0.23536518,0.23796911416067612,1.0
NT5DC1,-1.180921,-0.21022196,0.2376341393729855,1.0
SMCR5,-1.1812378,-0.5287188,0.23750823951032096,1.0
NAA30,-1.1821365,-0.13923806,0.2371515325910606,1.0
ZCCHC8,-1.182968,-0.43411395,0.23682180504971817,1.0
NELFB,-1.1830761,-0.44755036,0.2367789495059559,1.0
SORD,-1.1833558,-0.22938474,0.23666814162605587,1.0
ACAP3,-1.1849966,-0.32568142,0.23601880713032497,1.0
NEK2,-1.1857796,-1.753021,0.23570934214786377,1.0
EVC,-1.1859176,-0.38989863,0.23565484712782991,1.0
FAM168A,-1.186104,-0.16542202,0.23558121937353405,1.0
AC137494.1,-1.1863613,-0.37314045,0.2354796398078618,1.0
ARHGAP31,-1.186917,-0.3847529,0.23526039258295817,1.0
C16orf74,-1.1873719,-0.79185355,0.23508098234383423,1.0
DAP,-1.1876254,-0.49372065,0.2349810252450223,1.0
ACSL6,-1.18792,-1.031597,0.23486493640811323,1.0
COL4A4,-1.1892437,-0.30376518,0.2343437726685671,1.0
SEC61G,-1.189378,-0.45224285,0.23429096805001193,1.0
TRAF7,-1.1898515,-0.33825645,0.23410475241479145,1.0
RFX3,-1.1921074,-0.037326552,0.23321910199139617,1.0
DDX24,-1.1922604,-0.1991247,0.23315916878759713,1.0
MTDH,-1.1928868,-0.12722291,0.23291370290596058,1.0
CEP57,-1.1930584,-0.30054647,0.232846523988386,1.0
CCT4,-1.1931068,-0.18775286,0.2328275411334928,1.0
AC005692.3,-1.1931739,-5.193665,0.23280125899300397,1.0
TAF12,-1.193394,-0.5133407,0.23271512673249262,1.0
RANBP1,-1.1934052,-0.402475,0.23271074773012723,1.0
PTPN18,-1.193517,-0.46325898,0.2326669609217219,1.0
RGS6,-1.1949824,-0.5736465,0.23209389352835652,1.0
MCM2,-1.1957282,-0.4839656,0.23180264117909455,1.0
ZFAND5,-1.1968917,-0.33968621,0.23134880586838114,1.0
AC093879.1,-1.1974435,-0.10082807,0.23113374586371838,1.0
TMEM9,-1.1976709,-0.3741469,0.23104514761459194,1.0
AC027243.3,-1.1977717,-0.1394366,0.23100593970111893,1.0
AL139317.5,-1.1982527,-0.27274084,0.2308186782559848,1.0
TSPAN13,-1.1984167,-0.6268843,0.23075483081503334,1.0
ZBTB20,-1.1995578,-0.102157034,0.23031114805255526,1.0
ORC1,-1.200352,-1.3791491,0.2300026683009786,1.0
AEN,-1.2015228,-0.3673122,0.22954845017439052,1.0
MRPL24,-1.2016832,-0.5285014,0.2294862980451856,1.0
DDIT4L,-1.2019144,-0.40799457,0.22939670442666948,1.0
SRD5A3-AS1,-1.2032418,-0.6589667,0.22888274538811715,1.0
SNRPD2,-1.2034544,-0.40779707,0.22880053038673975,1.0
SWAP70,-1.2039093,-0.4831178,0.22862463209999606,1.0
STXBP1,-1.2050616,-0.61007214,0.22817955007028934,1.0
HAUS2,-1.2052368,-0.61130357,0.22811190562638572,1.0
AC006001.2,-1.2053561,-0.12647419,0.22806585800976598,1.0
SMG5,-1.2057215,-0.24718413,0.22792487837871156,1.0
AC008731.1,-1.2057998,-0.32904708,0.2278946765377282,1.0
PCBP2,-1.2074107,-0.12077564,0.227274014099077,1.0
CDH20,-1.2077389,-1.0854163,0.2271477307405091,1.0
PCSK5,-1.2082534,-0.52287245,0.22694979623019385,1.0
NUDT21,-1.2085965,-0.35101473,0.22681790823959924,1.0
MUTYH,-1.2086785,-0.9718207,0.2267863779072734,1.0
RPL15,-1.2108562,-0.24389195,0.22595053354564665,1.0
MIR4435-2HG,-1.2108897,-0.5022559,0.2259376696089459,1.0
WDR34,-1.212411,-0.8822287,0.22535505336913209,1.0
GUSB,-1.2126684,-0.27645126,0.22525662884023923,1.0
CD2AP,-1.2132539,-0.12551244,0.22503279178587277,1.0
AP005899.1,-1.2135409,-0.19226405,0.22492306991890754,1.0
GSPT1,-1.2143464,-0.13468793,0.22461548270236786,1.0
RFFL,-1.214518,-0.29790413,0.22455001685790033,1.0
TM6SF1,-1.2147752,-0.24958928,0.22445184365957793,1.0
ILF3,-1.2153159,-0.1331683,0.22424563763618965,1.0
ZWINT,-1.2159274,-0.73722804,0.22401257475207248,1.0
POLD1,-1.2162892,-0.95196253,0.22387480811843719,1.0
ERP29,-1.2178999,-0.5175108,0.22326198524734264,1.0
DHRS7B,-1.2184443,-0.18154986,0.22305514541062865,1.0
TRABD,-1.2185525,-0.6323126,0.22301407711415466,1.0
CPNE3,-1.2189366,-0.47527504,0.2228682575928861,1.0
FEZF1-AS1,-1.2191939,-0.3990809,0.22277061084668015,1.0
MRPL37,-1.2197607,-0.4545606,0.22255561300905236,1.0
SAPCD1,-1.2207302,-0.9509188,0.22218819798531309,1.0
MRPS34,-1.2207302,-0.35582373,0.22218819798531309,1.0
TMEM164,-1.2209203,-0.2586232,0.22211617910322945,1.0
DSN1,-1.2211851,-0.84098333,0.22201594536249591,1.0
DDIAS,-1.2214684,-0.7815857,0.22190868881157533,1.0
NPAS1,-1.2216885,-0.65393686,0.221825449452405,1.0
CEP131,-1.2216997,-0.7597121,0.2218212175402703,1.0
AL591135.2,-1.2223821,-1.3887459,0.2215631802572039,1.0
MSI1,-1.223594,-0.29541826,0.2211054476192843,1.0
ZNF569,-1.2237058,-0.44155455,0.22106322957401492,1.0
PRPSAP1,-1.2241719,-0.57384074,0.22088738325207846,1.0
BMI1,-1.2242838,-0.52753377,0.22084519506142164,1.0
IQGAP3,-1.225779,-1.2813492,0.22028183421482672,1.0
CLBA1,-1.2264502,-0.80533314,0.22002928953972334,1.0
MCPH1-AS1,-1.2266105,-0.35901657,0.21996899017579552,1.0
TOR1AIP1,-1.2266666,-0.46327898,0.21994795830379987,1.0
TIMM13,-1.2268045,-0.5123178,0.21989608585562548,1.0
POLR2I,-1.2273451,-1.620132,0.21969288654959818,1.0
NREP,-1.2273563,-0.2319374,0.21968868384945783,1.0
SLC25A44,-1.2275838,-0.72133136,0.21960324146121224,1.0
CASC3,-1.227595,-0.1957385,0.21959903999199581,1.0
EIF4G1,-1.2280723,-0.28641963,0.21941983104954466,1.0
UBQLN1,-1.228337,-0.21898015,0.21932047137027966,1.0
AC104827.1,-1.2295862,-0.97811925,0.21885209738467115,1.0
PIDD1,-1.2307459,-0.41608474,0.21841792200382593,1.0
HAUS8,-1.2323344,-1.0449399,0.21782420444204387,1.0
ACBD6,-1.2327148,-0.07412213,0.21768221903252938,1.0
GSR,-1.2330726,-0.37270424,0.2175486465036911,1.0
LUCAT1,-1.2334605,-0.11773633,0.21740400944978988,1.0
DNMBP,-1.2335575,-0.31511143,0.21736786099437078,1.0
AHCY,-1.2339453,-0.2895953,0.21722331039960385,1.0
WDR20,-1.2344226,-0.17577855,0.2170454969081177,1.0
IARS,-1.2351459,-0.07526031,0.2167761979893591,1.0
EIF4E,-1.2355337,-0.13170603,0.21663193059008212,1.0
CCDC15,-1.2356045,-0.50745773,0.2166055815123482,1.0
NOD1,-1.2361453,-0.282015,0.2164045724081768,1.0
ABCB6,-1.2370887,-0.36777702,0.21605416776349817,1.0
PITX1,-1.2381775,-0.8019244,0.21565025623071743,1.0
EED,-1.239449,-0.6135165,0.2151792538111753,1.0
MZT2B,-1.239449,-0.39528495,0.2151792538111753,1.0
BBS2,-1.239684,-0.37149736,0.21509231695605058,1.0
SEC22A,-1.2397921,-0.21986419,0.21505230691214028,1.0
SNHG9,-1.2398368,-0.46792698,0.21503575260083796,1.0
AL157827.2,-1.240206,-0.72385865,0.21489921457272176,1.0
RPL30,-1.2407578,-0.2669958,0.21469521366473565,1.0
RPA2,-1.240892,-0.59272766,0.21464561293772677,1.0
PRRC2C,-1.2418467,-0.08247469,0.21429313488872137,1.0
CROCC,-1.2421339,-0.32944667,0.2141871978011579,1.0
AP000944.7,-1.242805,-0.5023669,0.21393970001985263,1.0
NDUFB1,-1.2429168,-0.40849474,0.21389847045477461,1.0
TTI1,-1.2431257,-0.28938258,0.21382152393642573,1.0
ZCCHC3,-1.2433606,-0.72935665,0.21373498297540194,1.0
SIK2,-1.2440952,-0.30917558,0.21346453383171637,1.0
LRRC20,-1.2462691,-0.46761248,0.21266561618279978,1.0
AP3S1,-1.2488159,-0.22714566,0.21173241228432815,1.0
TIPARP,-1.2489315,-0.9857166,0.2116901263589902,1.0
FAM124A,-1.2489539,-1.410179,0.21168194269143648,1.0
SLC25A40,-1.2497295,-0.6008503,0.21139838357110197,1.0
RPS6KA5,-1.25052,-0.5472535,0.21110965408404903,1.0
GRAMD2B,-1.2506542,-0.58499044,0.21106065288681042,1.0
MXRA5,-1.2518437,-1.0097764,0.21062680716935267,1.0
NDUFS6,-1.2522577,-0.36017603,0.2104759965915134,1.0
NCAPD3,-1.2542413,-0.3845246,0.2097542773039841,1.0
RBBP5,-1.2554346,-0.3117616,0.2093210243819401,1.0
SNX10,-1.2564974,-1.4136358,0.2089357045260204,1.0
KDM2A,-1.2570492,-0.09297106,0.20873581145192432,1.0
STK17A,-1.2587347,-0.13484088,0.20812618521782034,1.0
AC036108.3,-1.2592082,-0.6314599,0.20795512897631596,1.0
SOX5-AS1,-1.2595849,-0.24915011,0.20781916491950692,1.0
OIP5-AS1,-1.260476,-0.21343021,0.20749768500269183,1.0
MYO1E,-1.261274,-0.1480229,0.2072101389664216,1.0
NANP,-1.2618855,-0.7127613,0.20698997236798367,1.0
CEBPZ,-1.2638395,-0.145125,0.20628765121432024,1.0
GTPBP4,-1.2649059,-0.14788395,0.20590505408819337,1.0
TTC21B-AS1,-1.2651148,-0.39717606,0.20583020035482558,1.0
DHDDS,-1.2652825,-0.24325716,0.20577006436119172,1.0
SEC24A,-1.2663975,-0.40822682,0.20537081826276826,1.0
ANKS1A,-1.2678256,-0.11254912,0.20486023226731698,1.0
MZT1,-1.2683886,-0.993059,0.2046591846376089,1.0
CABYR,-1.2688847,-0.35534352,0.20448222183890008,1.0
RSAD1,-1.2698131,-0.5372283,0.20415121483774834,1.0
RAB12,-1.2701151,-0.22999302,0.2040436219447831,1.0
TAF1B,-1.2714612,-0.15982038,0.203564604720749,1.0
UBA2,-1.271767,-0.19657755,0.20345591166991162,1.0
SNHG5,-1.2723376,-0.14982328,0.20325321932221785,1.0
REEP3,-1.2724121,-0.14535582,0.20322673446093376,1.0
IGF2BP2-AS1,-1.2734375,-0.21838297,0.20286282242335973,1.0
DENND4C,-1.2740268,-0.15796967,0.20265395323850688,1.0
AURKAIP1,-1.2746122,-0.693949,0.20244656124521487,1.0
RAVER2,-1.2756748,-0.27559313,0.20207048059766575,1.0
AC064836.4,-1.2757307,-0.5816455,0.20205070099536626,1.0
MTCL1,-1.2771142,-0.13379608,0.20156193453528226,1.0
ADORA2A-AS1,-1.2772484,-1.3638848,0.2015145529930048,1.0
AUNIP,-1.2787027,-1.0567403,0.20100177351069115,1.0
HSPE1,-1.2790793,-0.22058333,0.2008691321037922,1.0
RPL37A,-1.2793142,-0.08675534,0.20078642773586108,1.0
YTHDF1,-1.2797654,-0.38399068,0.20062765253875448,1.0
HINT1,-1.2800599,-0.2929326,0.200524038849214,1.0
EMC1-AS1,-1.2807536,-0.24712732,0.2002802418768267,1.0
FAM89A,-1.281518,-0.545989,0.20001179167308014,1.0
AARS2,-1.2834905,-0.39707997,0.19932027323136225,1.0
ERAP1,-1.2838559,-0.61257917,0.19919235786561817,1.0
GANAB,-1.2842177,-0.2573825,0.1990658068417962,1.0
ROMO1,-1.2846949,-0.32111272,0.19889890161806834,1.0
LUC7L2,-1.2855041,-0.1077133,0.19861617884261928,1.0
SLC39A8,-1.2855526,-0.26236483,0.19859925086649033,1.0
PRPF39,-1.2871784,-0.19977538,0.19803212339191634,1.0
MAP3K15,-1.2872231,-0.462328,0.19801653114757967,1.0
CENPQ,-1.2874767,-0.74064547,0.19792819205914336,1.0
FRMPD2,-1.2876333,-0.08756785,0.197873644085788,1.0
MCM7,-1.290113,-0.31508374,0.197011433024864,1.0
SEC63,-1.2902398,-0.08925238,0.19696742408234247,1.0
TRAF2,-1.2907059,-0.48921064,0.19680568837582924,1.0
ZNF66,-1.291433,-0.33041307,0.19655357489777314,1.0
PRKAA1,-1.2922571,-0.42506194,0.19626813234675933,1.0
RAB3GAP2,-1.2928089,-0.09758355,0.19607714611198834,1.0
GRIA1,-1.2930849,-2.4724405,0.19598170407693472,1.0
CEP120,-1.293372,-0.51672953,0.19588242891698948,1.0
HIST1H1E,-1.2937188,-0.54556465,0.19576257429582156,1.0
IFT80,-1.2944087,-0.28602844,0.1955243136399636,1.0
KLF7,-1.2945503,-0.18015927,0.1954753999423008,1.0
TUT4,-1.2948039,-0.1305161,0.19538789255875932,1.0
TOR3A,-1.2954564,-0.9267996,0.19516282181074895,1.0
NSMCE2,-1.2956765,-0.07505072,0.19508698368698085,1.0
FGF12-AS1,-1.2972984,-1.438769,0.1945285051976443,1.0
STOM,-1.2973022,-0.26544467,0.19452722269191614,1.0
CNTNAP2,-1.2996253,-0.7791797,0.1937294270491765,1.0
ME3,-1.3000765,-0.24442777,0.1935747569817644,1.0
ATG16L1,-1.3003935,-0.42951086,0.19346615869316075,1.0
DNAJC13,-1.3004867,-0.22054243,0.19343422653700448,1.0
LRP12,-1.301609,-0.18961614,0.1930500671981369,1.0
NME1,-1.3021647,-0.2842445,0.192860109481366,1.0
CCNA2,-1.3022318,-0.5778606,0.1928371708707457,1.0
ECE1,-1.3030559,-0.45324868,0.1925556991028592,1.0
ARHGAP32,-1.3034288,-0.18419044,0.1924284355910848,1.0
ANKRD36C,-1.304361,-0.26838833,0.19211054732939292,1.0
KANSL1,-1.3048494,-0.050055422,0.19194412813714667,1.0
TMEM259,-1.3050582,-0.17235,0.19187301946411794,1.0
AC002563.1,-1.305599,-2.9485776,0.19168898882323038,1.0
AC016493.1,-1.3064678,-0.52946377,0.19139354260675667,1.0
HMGCS1,-1.3068331,-0.5378566,0.19126937781592035,1.0
SKI,-1.3077505,-0.31570056,0.190957959997895,1.0
DUS1L,-1.3079406,-0.2000048,0.1908934444980015,1.0
RPL7L1,-1.308239,-0.19273031,0.19079227603793614,1.0
CYP51A1,-1.309447,-0.37333053,0.1903829473807218,1.0
TBC1D32,-1.3102489,-0.2606586,0.19011168214048235,1.0
LRP4,-1.3102711,-0.59705174,0.19010411603310806,1.0
HMGN5,-1.3104912,-0.4462789,0.19002972779056204,1.0
CENPH,-1.3155736,-1.1101484,0.18831719786149625,1.0
BNIP3,-1.3157377,-0.49743047,0.18826210475395777,1.0
TNFRSF21,-1.3157898,-0.37421313,0.1882445776227235,1.0
ERBIN,-1.3161292,-0.11831653,0.1881306806129026,1.0
BLOC1S2,-1.3164499,-0.92587763,0.18802308842081272,1.0
CSMD3,-1.3171546,-0.2670587,0.18778679536525256,1.0
TRIM59,-1.3174417,-0.7270107,0.18769059068432548,1.0
ZCCHC2,-1.3176281,-0.32489082,0.18762813959647473,1.0
SOBP,-1.3205628,-0.7234917,0.1866471793861174,1.0
RHOT2,-1.3213123,-0.2625793,0.18639725041355015,1.0
PASK,-1.3215324,-1.408025,0.1863239351483137,1.0
PARD6G,-1.3226286,-0.55161214,0.18595891910669127,1.0
UBAP2L,-1.3239188,-0.16241008,0.18553001984852602,1.0
COPS5,-1.3249182,-0.32468066,0.18519831194844383,1.0
MTHFD1,-1.3250934,-0.29761657,0.18514018453660397,1.0
PPIH,-1.3263127,-0.41980302,0.18473613971836378,1.0
PRKCA-AS1,-1.3265625,-1.5029178,0.18465343438412973,1.0
UNKL,-1.3267004,-0.76990974,0.18460777303549258,1.0
UPF2,-1.3269913,-0.13750823,0.18451154135443637,1.0
SGO1,-1.3270845,-0.81869644,0.1844807057255491,1.0
WWC2,-1.3274612,-0.12404461,0.18435616861762028,1.0
CTDSPL,-1.327506,-0.25237322,0.18434137626691083,1.0
GGH,-1.3278415,-1.2138952,0.1842304616421021,1.0
MINDY3,-1.3278937,-0.22114363,0.18421321269748558,1.0
ZDHHC5,-1.3295381,-0.28569207,0.18367048279299003,1.0
CACNB4,-1.330806,-0.495264,0.18325286081562364,1.0
PAK1IP1,-1.3308582,-0.32825038,0.1832356797115009,1.0
ZNF787,-1.331604,-0.32505623,0.1829903656748002,1.0
AP000779.1,-1.3332372,-1.0441004,0.18245397832307886,1.0
RPL29,-1.3347511,-0.2899357,0.18195782107718106,1.0
COPS6,-1.3353888,-0.33217618,0.18174914825433464,1.0
RETSAT,-1.3356236,-0.5406785,0.18167231356757474,1.0
BX255925.3,-1.3358735,-1.1032088,0.18159062693614436,1.0
CNNM1,-1.336843,-0.48054153,0.18127389212998568,1.0
MCOLN1,-1.3379319,-0.8359124,0.18091866365705023,1.0
RPL7A,-1.3383495,-0.19012678,0.1807825488686976,1.0
NDUFV2,-1.3406054,-0.19812323,0.18004860056252492,1.0
DCP1B,-1.3424475,-0.29386893,0.17945095438281589,1.0
EEF1D,-1.3425779,-0.26832145,0.17940866704376746,1.0
ACSM6,-1.343924,-0.96448314,0.17897293554835159,1.0
TWSG1,-1.3459004,-0.3327849,0.1783346456657806,1.0
AC108159.1,-1.3462397,-0.7824984,0.1782252231050201,1.0
KCNS3,-1.3469818,-0.6785118,0.17798611052677682,1.0
CHCHD2,-1.3472614,-0.348412,0.1778960547066495,1.0
EZR,-1.347392,-0.20286658,0.17785404026746132,1.0
RBBP4,-1.3490177,-0.16913316,0.1773312794212285,1.0
TOMM5,-1.3506882,-0.2867854,0.1767953236325437,1.0
MTRF1L,-1.3539473,-0.39125267,0.1757532071855984,1.0
AC011462.5,-1.3540181,-0.506669,0.17573060346997615,1.0
UHRF1,-1.3553791,-0.91457707,0.1752967950045966,1.0
FOXK1,-1.3554276,-0.20090015,0.1752813590411576,1.0
ALKBH5,-1.3562927,-0.8493001,0.17500605698429172,1.0
NUDT4,-1.3570236,-0.29218945,0.17477372579290584,1.0
TCEA1,-1.3575829,-0.1988428,0.17459607688897216,1.0
ELOB,-1.3575829,-0.5256119,0.17459607688897216,1.0
SKA1,-1.36161,-1.213097,0.1733209825048364,1.0
CCDC12,-1.3636012,-0.3512973,0.17269309641626662,1.0
LMAN1,-1.3638176,-0.34801883,0.1726250015911247,1.0
IER3IP1,-1.3645372,-0.616099,0.17239855477044586,1.0
ARAP2,-1.3662338,-0.51451814,0.17186558293253273,1.0
AL035071.2,-1.3667969,-0.45713568,0.1716889793450973,1.0
AL157392.2,-1.3679975,-0.6968905,0.17131283466085612,1.0
ANKRD36B,-1.369918,-0.6038943,0.17071251983416147,1.0
GOLGA6L7,-1.3700596,-0.8776198,0.17066828726447747,1.0
TXNDC16,-1.3710291,-0.75681186,0.17036587367740896,1.0
NEMP2,-1.3711,-0.68024045,0.17034378997631383,1.0
NR2F1,-1.3736542,-0.9811398,0.1695490464400201,1.0
RIMS1,-1.3744783,-1.0679783,0.16929323425875686,1.0
PHPT1,-1.37484,-0.47352844,0.16918104615931473,1.0
DFFA,-1.3760855,-0.36936718,0.16879517557717405,1.0
RPS20,-1.3776292,-0.28875062,0.16831779794255564,1.0
COX5A,-1.3784533,-0.5895272,0.1680633811721547,1.0
RPF2,-1.3804445,-0.20345557,0.16744982842902556,1.0
LYN,-1.3812648,-0.60351455,0.16719754387641061,1.0
RPS25,-1.3817868,-0.31741372,0.1670371479269812,1.0
ZNF738,-1.3821821,-0.62460464,0.16691578221887537,1.0
ZC3H7B,-1.3831553,-0.20353284,0.16661723029657594,1.0
KCNG3,-1.3837371,-0.57913435,0.16643897724869816,1.0
LIN28B,-1.383972,-0.096097596,0.16636703109969708,1.0
APRT,-1.3856947,-0.4872878,0.16584014038474448,1.0
ABCF1,-1.385732,-0.17766112,0.16582874971941308,1.0
TOMM7,-1.3877493,-0.3623044,0.16521339156615444,1.0
PLCG2,-1.3884876,-0.22229047,0.1649886074493594,1.0
EPN2-AS1,-1.3889202,-0.4556637,0.16485702274427105,1.0
PAFAH1B1,-1.3896174,-0.16201067,0.16464506550379754,1.0
AC023389.1,-1.3926415,-0.3182897,0.16372820293414336,1.0
MPP6,-1.3928989,-0.08623694,0.16365037410466932,1.0
YEATS4,-1.3932308,-0.55547535,0.16355002737723578,1.0
LRP1B,-1.3933873,-0.8222195,0.1635026888526907,1.0
NCOA2,-1.3934432,-0.17678599,0.1634857847400728,1.0
EEPD1,-1.3946402,-0.54397446,0.16312435241335066,1.0
UHRF2,-1.3949311,-0.15141831,0.16303661879496978,1.0
PFAS,-1.3957664,-0.6017899,0.16278486366549505,1.0
SAG,-1.3961728,-2.227433,0.16266246392927985,1.0
RFC2,-1.3980782,-0.80128753,0.16208957049079287,1.0
RAB31,-1.3998457,-0.4366603,0.16155952120870665,1.0
AC007384.1,-1.4009793,-0.14739813,0.16122026350276397,1.0
HAGH,-1.4012963,-0.42882955,0.16112550158744932,1.0
RNF4,-1.4013373,-0.21374388,0.1611132413560461,1.0
TUBGCP5,-1.4022136,-0.35523236,0.16085148653733095,1.0
PFDN2,-1.4035783,-0.40495744,0.16044445739883362,1.0
RACK1,-1.4042308,-0.20351075,0.16025011494831354,1.0
GABPB1,-1.4043539,-0.3429508,0.16021348746488284,1.0
OBSCN,-1.4051667,-0.37057355,0.15997168306811727,1.0
FTH1,-1.4059461,-0.48607305,0.1597401206071024,1.0
GDI2,-1.4067105,-0.17681897,0.1595132363142382,1.0
PIH1D1,-1.4070275,-0.67537135,0.159419233859446,1.0
RNFT2,-1.4084556,-0.41839352,0.15899618961870854,1.0
MRPL12,-1.4133927,-0.5025865,0.15754030334029223,1.0
AL359921.1,-1.4147388,-0.37168536,0.15714510136134585,1.0
DAB1,-1.4166367,-0.32058072,0.15658915484097252,1.0
CAP1,-1.4169164,-0.59545636,0.15650736361116033,1.0
AC055840.1,-1.4169575,-0.65135235,0.156495370289111,1.0
CMC2,-1.4177965,-0.33591077,0.15625020525265626,1.0
PDGFC,-1.4189672,-0.117738605,0.15590855097238585,1.0
AC109439.2,-1.4198213,-0.47330415,0.1556597403933248,1.0
PRKY,-1.4207199,-0.14065617,0.1553982172866629,1.0
AL357054.2,-1.4209287,-1.0190831,0.15533749621636572,1.0
PSME4,-1.4209622,-0.103709035,0.15532773915319398,1.0
RNF38,-1.4238782,-0.1880318,0.15448173410031354,1.0
NFE2L2,-1.4251087,-0.20738608,0.15412577644568318,1.0
NPM1,-1.4252094,-0.14901957,0.15409668024636813,1.0
SMIM13,-1.4281291,-0.63633674,0.15325470521550416,1.0
PRPF4,-1.4327155,-0.56633186,0.1519391340506752,1.0
ZMYND19,-1.4338156,-0.54921263,0.1516248930695805,1.0
GRIPAP1,-1.4345949,-0.6322189,0.15140256106602096,1.0
ECI1,-1.4351542,-0.43175006,0.1512431457853295,1.0
UBAP1,-1.4354078,-0.17098202,0.1511709196659161,1.0
HMGN1,-1.4357508,-0.19948305,0.1510732438085584,1.0
DPP4,-1.4397594,-1.673498,0.14993548390703523,1.0
ZNF670,-1.4404306,-0.5918011,0.1497456157449718,1.0
TBC1D30,-1.4405649,-0.6108157,0.14970766413278594,1.0
TOMM20,-1.4408295,-0.22860526,0.14963283662746973,1.0
NUDT1,-1.4412956,-0.9466578,0.14950116740794736,1.0
MDGA1,-1.4419184,-1.2639493,0.14932539530850028,1.0
RORB,-1.4424926,-1.0238311,0.1491634458827103,1.0
LHFPL4,-1.4440923,-2.2663796,0.14871300794477038,1.0
ZNF92,-1.4445622,-0.5597921,0.14858090900378534,1.0
AC122719.3,-1.4446665,-1.3796545,0.14855156585612,1.0
MNS1,-1.4457964,-0.49903953,0.14823431408055623,1.0
TRIM9,-1.4463706,-1.1009566,0.14807326910223703,1.0
FAM126B,-1.4472656,-0.34570563,0.14782255644372186,1.0
AL513166.1,-1.4476385,-0.5606994,0.14771818862455363,1.0
ZNF750,-1.4479592,-0.4493908,0.14762847734771692,1.0
C4orf45,-1.4486974,-1.2261275,0.1474220910824424,1.0
AC026202.2,-1.4496334,-0.28390017,0.14716077711510758,1.0
FOXM1,-1.4517552,-0.5805909,0.1465697076260179,1.0
NDUFAF2,-1.4526426,-0.12754887,0.14632301581675713,1.0
ZZEF1,-1.4528216,-0.381868,0.14627330136695335,1.0
AC099850.1,-1.4537687,-0.51675844,0.14601044419876294,1.0
HOOK1,-1.4538581,-0.34472874,0.14598562600690038,1.0
DNM2,-1.4545145,-0.2958118,0.14580372457890167,1.0
SHCBP1,-1.4546189,-0.5293076,0.14577480171938004,1.0
SPTBN2,-1.4555026,-0.600163,0.145530166267342,1.0
ACACA,-1.4568338,-0.047753863,0.14516225831060484,1.0
AC109460.2,-1.4599922,-0.6722219,0.14429222908424255,1.0
EPS15L1,-1.4606149,-0.2739617,0.14412116119129986,1.0
TIAM2,-1.4608946,-0.15066676,0.14404438490497054,1.0
ESPL1,-1.4636129,-0.93905777,0.14329975226835823,1.0
GCNT4,-1.4638665,-0.9847138,0.14323044493789494,1.0
SLC2A13,-1.4670471,-0.659457,0.14236322893380313,1.0
VKORC1L1,-1.467681,-0.15345971,0.14219087853408144,1.0
RAD51,-1.4680614,-0.66796917,0.14208754523146647,1.0
RSL1D1,-1.4688817,-0.24713583,0.1418648658334956,1.0
DNMBP-AS1,-1.4689339,-0.6947381,0.14185070440371197,1.0
AC080162.1,-1.4691018,-0.7684407,0.14180519287690604,1.0
SESN2,-1.4695716,-1.1572235,0.14167782027581732,1.0
XYLB,-1.4696499,-0.51098406,0.14165660005713912,1.0
ACAD9,-1.471119,-0.47535643,0.1412589208682956,1.0
AP000442.1,-1.4719356,-0.30609822,0.14103824714980387,1.0
SLC20A2,-1.4726143,-0.1196526,0.14085505790823044,1.0
NTM-AS1,-1.4729761,-1.6690265,0.14075749883980881,1.0
PPP1R12A,-1.476347,-0.12667662,0.1398507853169674,1.0
RPL18A,-1.4764103,-0.30946365,0.13983377744480094,1.0
TMTC3,-1.4768802,-0.32364258,0.13970776871085558,1.0
NFXL1,-1.4826449,-0.28070393,0.13816876715983972,1.0
TP53,-1.4831707,-0.59709466,0.13802905812438418,1.0
BRD9,-1.483346,-0.23119807,0.13798251264891281,1.0
MIF,-1.4834877,-0.3036943,0.1379448889822316,1.0
ITPR1,-1.4837748,-0.18242818,0.13786867579797227,1.0
MMS19,-1.4839575,-0.22844808,0.13782019340094218,1.0
RANBP9,-1.4839948,-0.27119005,0.13781030064917388,1.0
AC068888.1,-1.484871,-0.11210645,0.13757797853265089,1.0
VIM,-1.4858145,-0.54949915,0.13732819921178793,1.0
NR2F2,-1.4862508,-0.44682056,0.1372128069451466,1.0
COG4,-1.4868436,-0.47915193,0.13705611170146798,1.0
INTS1,-1.4890996,-0.26606804,0.13646114299769058,1.0
PGAP1,-1.4899237,-0.20329176,0.13624430508281266,1.0
PAXBP1,-1.4910983,-0.17756702,0.13593569732023897,1.0
SIMC1,-1.4953939,-0.27454385,0.13481166957790303,1.0
WWOX-AS1,-1.4985895,-1.5322366,0.13398014887022291,1.0
APCDD1,-1.4986827,-0.34211195,0.13395595182473952,1.0
SLC20A1,-1.498996,-0.31671438,0.13387467451053953,1.0
AC016721.1,-1.5034707,-0.5345948,0.13271773083690447,1.0
PHB2,-1.5047868,-0.33004418,0.1323788744559449,1.0
SARNP,-1.505074,-0.16270608,0.13230504871577267,1.0
MFAP3L,-1.5051075,-0.6002443,0.13229642181523993,1.0
SRRT,-1.5062822,-0.40825012,0.1319947547262208,1.0
ZNF704,-1.5064687,-0.21533807,0.1319469201146152,1.0
Z99758.1,-1.5094367,-0.31927863,0.13118720094033226,1.0
DDX18,-1.5105517,-0.2471562,0.13090270692951017,1.0
FN3KRP,-1.5113907,-0.7286122,0.1306889385007156,1.0
LAT2,-1.5136653,-0.7559614,0.13011075075908757,1.0
SCAMP1,-1.5138928,-0.26838008,0.13005304134829376,1.0
ADIPOR2,-1.5148175,-0.19881444,0.12981862403482952,1.0
RD3,-1.515388,-0.18353172,0.12967416736503604,1.0
CYB5B,-1.5218278,-0.3350554,0.12805224360462683,1.0
TPM4,-1.5224653,-0.78459346,0.12789250985885822,1.0
AC023906.4,-1.5235617,-1.3876965,0.12761824217425224,1.0
CPSF4,-1.5236064,-0.45176715,0.12760705730022134,1.0
SIPA1L3,-1.525001,-0.14459406,0.12725884412938127,1.0
AC008119.1,-1.5271413,-0.52484876,0.1267258593521227,1.0
AC091153.2,-1.5306315,-0.45101887,0.12586047038437354,1.0
AC016152.1,-1.5309672,-0.2687815,0.1257775031170598,1.0
FGFR1OP,-1.5314333,-0.22119296,0.1256623414975313,1.0
PEBP1,-1.532936,-0.32157928,0.12529161979876458,1.0
AC011466.3,-1.533514,-1.4584864,0.12514926172359445,1.0
MYO10,-1.5365008,-0.103517205,0.12441560043849743,1.0
UBL5,-1.5375113,-0.5614332,0.12416814391091575,1.0
TRIB1,-1.5387866,-1.218178,0.12385640388723697,1.0
MTOR,-1.5388387,-0.22834413,0.12384365562537483,1.0
MARC1,-1.5390961,-0.53059363,0.12378083986665636,1.0
SSR2,-1.5393124,-0.54825866,0.12372805745336783,1.0
NETO2,-1.5409642,-0.17461821,0.12332548833971003,1.0
TBC1D23,-1.5444432,-0.26779112,0.12248098531173496,1.0
C1orf35,-1.5447117,-0.65947163,0.12241600293200293,1.0
SLC25A43,-1.544749,-0.4192,0.12240697973261438,1.0
ALYREF,-1.5455545,-0.82241935,0.12221220545344405,1.0
IGDCC3,-1.5470535,-0.417301,0.12185035388117968,1.0
DENND1B,-1.5473592,-0.20448157,0.12177664632097038,1.0
CTTNBP2,-1.5498016,-0.57514256,0.12118913543735983,1.0
JPH1,-1.5506705,-0.4194507,0.12098067850355275,1.0
TRIO,-1.5509017,-0.06519494,0.1209252565622723,1.0
TSEN54,-1.5516138,-0.7530221,0.12075464608973716,1.0
RPL26,-1.5524044,-0.38066,0.12056549804171238,1.0
ARMH4,-1.553221,-0.07144408,0.12037034813397113,1.0
MICOS10,-1.5545,-0.5986904,0.12006519943466176,1.0
SEPTIN7,-1.5554322,-0.1670381,0.1198431697574108,1.0
DSCC1,-1.5576322,-1.3058423,0.11932045473757048,1.0
SCAI,-1.5579194,-0.20691936,0.1192523679902242,1.0
ZNF20,-1.5613313,-0.5367553,0.11844561375047338,1.0
ATR,-1.5624424,-0.12837382,0.11818379351136947,1.0
LDLR,-1.5630764,-0.5891753,0.11803463645053344,1.0
PSMC3IP,-1.5632292,-0.83011776,0.11799868538944557,1.0
KIF18A,-1.5642285,-1.0099112,0.11776389976509606,1.0
AL160159.1,-1.5659587,-0.9458109,0.11735827216157935,1.0
GEN1,-1.5663018,-0.12473588,0.11727797643432274,1.0
AC008728.1,-1.5683527,-0.8357306,0.1167988468730888,1.0
SCLY,-1.5686026,-0.1205491,0.11674058537331576,1.0
PTPRF,-1.5732225,-0.5588283,0.11566729111831074,1.0
AL590783.1,-1.5737633,-1.0276664,0.11554219233982323,1.0
NUP188,-1.5738341,-0.24828854,0.11552580797190316,1.0
DBI,-1.5739795,-0.4360931,0.11549218262410779,1.0
NMU,-1.5764667,-0.83443964,0.11491829340249007,1.0
ANKLE2,-1.5773169,-0.2779763,0.11472263667725159,1.0
RPS21,-1.5785996,-0.12945369,0.11442793147013064,1.0
CSKMT,-1.5803671,-0.28474095,0.11402283160963517,1.0
AL157912.1,-1.580546,-0.57606626,0.1139818718780948,1.0
NOP14-AS1,-1.5822054,-0.25415877,0.11360269236255391,1.0
PRPF8,-1.5837342,-0.4460702,0.11325421597198022,1.0
TTBK2,-1.5857142,-0.24050236,0.11280414886375717,1.0
DPYSL3,-1.5889062,-0.83654106,0.11208158625238762,1.0
CCT8,-1.5895661,-0.26458874,0.11193263428697295,1.0
SSRP1,-1.5898085,-0.5926017,0.11187797362801437,1.0
COMMD6,-1.590558,-0.89323205,0.11170907927365045,1.0
PARD6G-AS1,-1.5909942,-0.6778048,0.11161086029870983,1.0
ESYT2,-1.5930601,-0.34360874,0.1111467141193763,1.0
AC022146.2,-1.5932093,-0.49606293,0.11111326082378195,1.0
ELOVL4,-1.593817,-0.5723144,0.11097702082404896,1.0
FLOT2,-1.6012784,-0.37707597,0.10931525447021205,1.0
ZHX3,-1.602509,-0.2389385,0.10904309971780739,1.0
ABHD3,-1.6036314,-0.74273354,0.10879532914827066,1.0
DYRK3,-1.604929,-0.62927157,0.10850942546862907,1.0
LHFPL2,-1.6052423,-0.28805023,0.10844050337970114,1.0
EEA1,-1.6076809,-0.15320206,0.10790507978556808,1.0
RPL23,-1.6081358,-0.1962461,0.10780543155946602,1.0
ALMS1,-1.6086541,-0.20077062,0.1076919867355247,1.0
C11orf80,-1.6100786,-0.28259823,0.10738070432734544,1.0
TIMP3,-1.6101532,-0.53105617,0.10736442647234463,1.0
COMMD1,-1.6111636,-0.10108373,0.10714405414849922,1.0
APAF1,-1.6113352,-0.6236894,0.1071066833767414,1.0
FNIP2,-1.6113352,-0.3789948,0.1071066833767414,1.0
TCERG1,-1.6120325,-0.13486333,0.10695486937389878,1.0
MFSD14B,-1.6143966,-0.36970437,0.1064414317155945,1.0
NUDCD1,-1.6165519,-0.22609107,0.1059750494745826,1.0
CHRNA3,-1.6169621,-1.1553383,0.10588647544270094,1.0
SPEN,-1.6202956,-0.21004422,0.10516878615135802,1.0
HNF4G,-1.6210675,-0.99160284,0.10500316146227655,1.0
DCP1A,-1.6227939,-0.37898108,0.10463345569664974,1.0
ATP2A2,-1.6260306,-0.15000601,0.10394314302074019,1.0
STOML2,-1.6266421,-0.53909576,0.10381312262781964,1.0
SLC4A10,-1.6287676,-0.18074739,0.10336222741721635,1.0
NELFCD,-1.6290697,-0.30460984,0.10329827936291024,1.0
BMPR1A,-1.6301733,-0.10508915,0.10306486009176868,1.0
MIR124-2HG,-1.6303263,-0.4283783,0.10303256146529889,1.0
DTYMK,-1.6311541,-0.35074824,0.10285781597713739,1.0
SEC22C,-1.6335852,-0.47702044,0.10234596195562225,1.0
MT2A,-1.6368518,-0.7793187,0.10166144945504584,1.0
PPM1E,-1.637646,-0.08384106,0.10149556190728343,1.0
RNPEP,-1.6390667,-0.9433886,0.10119937117121283,1.0
EIF3H,-1.6410803,-0.1368592,0.10078075318529878,1.0
AC005162.3,-1.6435786,-0.53204525,0.10026327621397556,1.0
BX004807.1,-1.6454095,-0.57499844,0.09988539726377946,1.0
RSRC2,-1.6467221,-0.3028187,0.09961519388438946,1.0
KCTD20,-1.6482881,-0.5460342,0.09929355538579017,1.0
UCKL1,-1.6498878,-0.2857393,0.09896588067901088,1.0
ARL6IP1,-1.653501,-0.31183848,0.09822892472706686,1.0
RRP15,-1.6561598,-0.21412651,0.09768946942660009,1.0
CTNND1,-1.6570734,-0.13618857,0.0975046500615373,1.0
ST3GAL3,-1.6574053,-0.24656531,0.09743758083959082,1.0
CCNB1,-1.658289,-0.79863286,0.0972591606098015,1.0
CEP72,-1.6588334,-1.1198068,0.09714937779849084,1.0
SNRPE,-1.6600788,-0.32773292,0.09689860339458345,1.0
PSMB1,-1.6602056,-0.36761326,0.09687310451886849,1.0
CD46,-1.6609439,-0.23095495,0.09672471766766802,1.0
AC009133.1,-1.6613019,-0.39956602,0.0966528379975309,1.0
FBLN1,-1.6615368,-0.57682955,0.09660569018903443,1.0
SNRPG,-1.6615591,-0.4922238,0.09660120088123451,1.0
PPP5C,-1.661574,-0.37826288,0.09659820810208126,1.0
QRICH1,-1.6651015,-0.33296162,0.09589249624711552,1.0
CAPZB,-1.6653775,-0.28001693,0.09583746706513012,1.0
NONO,-1.6669137,-0.25582296,0.09553155039421123,1.0
MRE11,-1.6687782,-0.41307572,0.09516134310472693,1.0
PDZD8,-1.6712878,-0.15901121,0.0946648594276977,1.0
HTR2B,-1.6717874,-0.31930664,0.09456625355954248,1.0
MSRB3,-1.6721417,-0.1616023,0.09449639629402096,1.0
MCTP1,-1.6722125,-0.7549726,0.09448242980547285,1.0
R3HCC1L,-1.672425,-0.2531291,0.09444054026667421,1.0
RNF115,-1.672701,-0.21946451,0.0943861795661585,1.0
TROAP,-1.6733348,-1.2579846,0.09426139187060982,1.0
IVNS1ABP,-1.6748451,-0.29929277,0.09396463638989465,1.0
KLHL25,-1.6788647,-0.7586707,0.09317840381571348,1.0
C7orf50,-1.679465,-0.20931654,0.09306143389432626,1.0
AC007114.2,-1.6813556,-0.35402468,0.09269385733126509,1.0
SH3BGRL,-1.6830001,-0.15098943,0.09237507969679026,0.9991194716259517
AC068724.3,-1.6851889,-0.32885772,0.09195213224573953,0.9954273860769927
AMMECR1,-1.6852262,-0.20844364,0.09194494050875608,0.9954273860769927
PSAP,-1.6852336,-0.34934586,0.09194350221558946,0.9954273860769927
FUT10,-1.685737,-0.33005643,0.0918464592095162,0.9954273860769927
TMEM209,-1.6893204,-0.45162326,0.09115803267286911,0.9906398912885043
IPPK,-1.692766,-0.5936268,0.09050002979715735,0.9846586178970738
RPL5,-1.6938958,-0.18529138,0.09028508997777404,0.9829043956801035
NR2C2,-1.6958086,-0.19322963,0.08992211860797512,0.9793518144681422
SMC5,-1.6971064,-0.13836524,0.08967656176659783,0.9777336423054057
NR2F2-AS1,-1.698169,-0.3794328,0.08947586156008104,0.9761269773354772
REXO1,-1.699202,-0.65951467,0.08928114182704351,0.9745836779038531
ANXA4,-1.699463,-0.34197146,0.08923198873617737,0.9743377147174308
HNRNPK,-1.7022336,-0.19370052,0.08871160620836617,0.9698128730084857
RPL36AL,-1.7024088,-0.7760201,0.08867877075373871,0.9697435579198059
MTRNR2L12,-1.7038182,-0.59338164,0.0884150458806987,0.967727001877827
AC097662.1,-1.7041725,-0.42334554,0.0883488653289177,0.9675813345014114
CDC25A,-1.7058468,-1.5249931,0.08803661535678622,0.9650279001718276
KMT2E,-1.7060854,-0.14297456,0.08799218011799681,0.9648297736665074
STK39,-1.7061077,-0.17035043,0.08798801524180867,0.9648297736665074
ARID3B,-1.7090834,-0.61268705,0.08743550176713107,0.9615759440484702
AL513327.1,-1.709818,-0.18879572,0.08729953604662154,0.9609775395014721
ACRV1,-1.7106272,-1.1989075,0.08714996422999184,0.9601974234743924
MKX,-1.7107725,-1.3451176,0.08712310459756727,0.9601974234743924
SLC7A5,-1.7113281,-0.31359032,0.08702054854471948,0.9601974234743924
QTRT2,-1.7132187,-0.30615604,0.08667231234168024,0.9566626369173217
HSPA8,-1.713256,-0.27892473,0.08666545510972425,0.9566626369173217
C11orf49,-1.7133716,-0.16498888,0.08664420047444435,0.9566626369173217
AC243964.3,-1.7142777,-0.38416627,0.08647773733099581,0.9556677729624934
NEMP1,-1.7145462,-0.56624943,0.08642846454862073,0.9554117278598814
ATP5MC3,-1.7162689,-0.38864,0.08611283680838287,0.9524980175350927
RPL23A,-1.7163099,-0.3169747,0.0861053332267241,0.9524980175350927
GJB7,-1.7166642,-0.4636256,0.08604055154452646,0.952274032984945
MAEA,-1.7177008,-0.54105335,0.08585120607274332,0.9510411602507501
HIVEP1,-1.7182676,-0.34188467,0.08574782151641111,0.9501834742119779
DGCR8,-1.7183832,-0.4450707,0.08572674886552056,0.9501834742119779
URB2,-1.7188903,-0.37053955,0.0856343505572896,0.9501834742119779
ARHGAP28,-1.719211,-0.4154438,0.08557596376920222,0.9501834742119779
PPP3R1,-1.7200313,-0.15126573,0.08542674864924042,0.9496790455020996
RAD54B,-1.7226453,-0.65290344,0.08495269733824085,0.9459548753504573
MRTO4,-1.7228242,-0.57546026,0.08492031531644403,0.9458820635718709
POLE4,-1.7231524,-0.46895936,0.08486097420508816,0.9455088331447281
BLMH,-1.7251995,-0.2817006,0.08449152350419457,0.9419659615525512
DNASE1,-1.7261467,-0.19175589,0.08432103456532132,0.9409250567455261
PLPPR4,-1.7265606,-0.8081143,0.08424661702175097,0.9403813448042413
HNRNPA1,-1.727847,-0.2795551,0.08401565853526514,0.9383756844825266
UBA3,-1.729167,-0.2146638,0.08377920808235793,0.9360203892009715
ABCC1,-1.7294915,-0.15893471,0.08372117993359353,0.9356576814502158
TENM4,-1.7294952,-0.27308887,0.08372051313261121,0.9356576814502158
MMD2,-1.7313335,-0.85825086,0.08339230352053124,0.9334072480596219
RPL7,-1.7322769,-0.4281184,0.08322427649425819,0.9319006468627288
TMEM50B,-1.7332948,-0.4998843,0.08304327445225367,0.9303541133232128
CU638689.4,-1.7360617,-0.82451093,0.08255293132225067,0.9255085059740031
AP1B1,-1.7366993,-0.69452405,0.08244026113420615,0.9250141010953645
SNRK,-1.737143,-0.33189687,0.08236192681579116,0.9247021114677215
ERC1,-1.7373444,-0.10582776,0.08232640006158304,0.9247021114677215
RAN,-1.7377844,-0.32869226,0.08224881076479461,0.9242826904520256
TBR1,-1.7411851,-0.5514425,0.081651135708844,0.9189770043294585
CKAP2L,-1.7415543,-1.1368109,0.08158646906466108,0.9185316377224424
STX2,-1.7422217,-0.43198332,0.08146965204225952,0.9174986875073048
FDFT1,-1.7427773,-0.4519608,0.08137251683663074,0.9166868232494682
NFE2L3,-1.7446045,-0.35867822,0.08105374150875613,0.9133768451237633
PATJ,-1.7455479,-0.5446066,0.08088954663099553,0.9123692746505601
TMSB10,-1.745697,-0.2850881,0.08086361170775248,0.9123579075571666
MET,-1.746301,-0.69913214,0.08075864430403415,0.9117357002381103
PTPN21,-1.7469275,-0.25048178,0.08064990611329113,0.9107890199483397
PTAR1,-1.7479978,-0.19094566,0.08046442012656706,0.9092554001396977
SAP30BP,-1.7505707,-0.33108553,0.08001989594911449,0.9056302447846442
DHFR,-1.7515625,-0.87976116,0.07984906248740409,0.9039763489333366
MRPL51,-1.7515886,-0.7636889,0.07984457087599049,0.9039763489333366
TRIM28,-1.7529944,-0.59773666,0.07960296870399948,0.9025314981934539
UQCR10,-1.7544523,-0.5732586,0.07935302274135879,0.9005891427461933
MID1,-1.7548625,-0.2438085,0.07928282059885178,0.9003250230605321
CHTOP,-1.754885,-0.40355438,0.0792789928440791,0.9003250230605321
OGA,-1.7556791,-0.15280855,0.07914320488481227,0.8993233287764714
SMARCD2,-1.7583528,-0.45158023,0.07868750530774418,0.8955352555251072
SPDL1,-1.758405,-0.68334323,0.07867862870350692,0.8955352555251072
SLC35F5,-1.7650796,-0.26818848,0.07755038583637637,0.8839681320452232
PSMD1,-1.7678688,-0.14832327,0.07708283973139285,0.8802788312122255
AP002495.1,-1.7686816,-0.6419242,0.07694700943132488,0.8792811402422485
ME1,-1.7704157,-0.32391188,0.07665793149584894,0.8765251329833076
PRKAR1B,-1.7719295,-0.39806065,0.07640625686690898,0.8744669817341262
NFIC,-1.7749312,-0.32210645,0.0759092393471152,0.8698666466323618
CYTH1,-1.7767024,-0.29459035,0.07561720769375946,0.8673348225632371
SORT1,-1.7777205,-0.42984283,0.07544978168931757,0.8662288141815283
C1orf195,-1.778414,-1.3047701,0.07533588462870058,0.8653823454512451
BEND4,-1.7788279,-0.9370736,0.07526798070415248,0.8649555295926797
SNHG6,-1.7791151,-0.4305263,0.07522090554034287,0.8648757637073866
EEF1B2,-1.7814195,-0.31181052,0.07484395157489096,0.8617060306991456
WWC3-AS1,-1.7822063,-1.5243033,0.0747156043185724,0.8604990036702543
FASN,-1.7833921,-0.3636908,0.07452251072835493,0.8588156219044455
SLCO4A1,-1.7871507,-0.6691313,0.07391313339338522,0.8531800479878329
AC009630.1,-1.7884148,-0.7010338,0.07370911165767524,0.8515868673556097
RALGAPA2,-1.7887802,-0.18106155,0.07365021779792205,0.8511751252357893
SUGT1,-1.7894775,-0.4573723,0.07353794546391798,0.8504493361827696
PCOLCE2,-1.7903836,-0.31098562,0.0733922606239826,0.849535145824917
MAP4K3,-1.7933891,-0.12620899,0.07291073180455981,0.8463703440465251
ZNF724,-1.7957196,-0.99185574,0.07253912015498411,0.8425910304006897
ZWILCH,-1.7957196,-0.37889624,0.07253912015498411,0.8425910304006897
PPP4R4,-1.7979943,-0.21240641,0.07217792373597745,0.8399285774927356
MYH11,-1.7997355,-0.8713018,0.07190239775581635,0.8378540784019848
PAK1,-1.8024092,-0.38165736,0.07148105127246066,0.8345384234843165
SUPT6H,-1.8029648,-0.33973387,0.07139374554935118,0.8337850928052977
RPL19,-1.8065184,-0.22613153,0.07083740541249643,0.8278160522039534
AC107072.2,-1.809259,-0.20360923,0.07041076128922524,0.8241459142778808
TRAPPC12,-1.8105307,-0.23550916,0.0702135387383596,0.8223634340360639
MSH2,-1.8107506,-0.2631146,0.07017946123082203,0.8222274201374254
UVRAG,-1.8114741,-0.24015899,0.07006750543276276,0.8211785995339577
PDHX,-1.8137747,-0.19399513,0.06971241382166762,0.8175405505565064
LAMTOR5-AS1,-1.8142483,-0.386333,0.06963950730110047,0.8170684849504851
AC096536.3,-1.8159934,-0.6451784,0.06937138409503746,0.8153699515935986
LMNB2,-1.8167429,-0.59777385,0.06925648914970244,0.8145426604653788
BCL2L14,-1.8201585,-0.11202973,0.06873486576516263,0.8089275954568225
POLR3C,-1.8216761,-0.40705687,0.068504134596089,0.8067309621465424
ATAD3A,-1.8220229,-0.63612914,0.06845150169390711,0.8063705869001269
RNF8,-1.8224704,-0.52929175,0.06838363739404982,0.8060900200514065
GPC6-AS1,-1.8238986,-0.36914977,0.06816740706234199,0.8048371825447674
RPS3,-1.8239322,-0.32504687,0.06816233270020794,0.8048371825447674
RASGRF2,-1.8244467,-0.2574201,0.06808456469962818,0.8048371825447674
WDR74,-1.824484,-0.7924782,0.06807893217351772,0.8048371825447674
DDX39A,-1.825558,-1.2304441,0.06791687977966288,0.8039539834461322
CHCHD6,-1.8270383,-0.20988451,0.06769401527288789,0.8018345155349416
ST3GAL2,-1.8277282,-0.37029985,0.06759036721801015,0.8011253337261623
LHFPL5,-1.8295553,-0.24561192,0.06731647069401861,0.7993098158138312
DICER1,-1.8296597,-0.22593921,0.06730084709295704,0.7993098158138312
POLR1C,-1.8301742,-0.1727345,0.06722388865131697,0.7988511521191078
OSBPL10,-1.8305509,-0.6286378,0.06716760990985417,0.7987010039995361
SMS,-1.8310654,-0.29356256,0.06709077690144458,0.7982187686079503
AURKA,-1.8315464,-0.7889283,0.06701902017801066,0.7979710987428003
RCOR2,-1.8322997,-0.71795005,0.06690678386942613,0.7973253991118029
POLR3G,-1.8329486,-0.32545763,0.06681022917155931,0.7967811006543637
FAM241A,-1.8356743,-0.39486045,0.06640584113905042,0.7937688411268401
ELMO1,-1.8360696,-0.09043858,0.06634736983508933,0.7934542872939988
KSR1,-1.8362299,-0.35470077,0.06632366243904711,0.7934542872939988
CPVL,-1.8373896,-0.48225155,0.06615240500175906,0.7922919422347459
NUP50,-1.8390639,-0.43080997,0.06590579840845462,0.7901140280209131
CENPC,-1.8397126,-0.30582854,0.06581043540895985,0.7892292747062056
KCND2,-1.8409879,-1.6030797,0.06562332924475689,0.7877597486675457
TRPM7,-1.8413049,-0.14589322,0.06557689435517583,0.7874606004900887
KATNAL1,-1.8426808,-0.46027327,0.06537562624980012,0.7858171745053971
GSTP1,-1.8427628,-0.3559675,0.06536364263317296,0.7858171745053971
NRXN3,-1.8450785,-0.33102533,0.06502612431769306,0.7821298639999618
PIF1,-1.8453693,-0.99966526,0.06498383252322133,0.7818781243203234
RBBP8,-1.8465737,-0.17069502,0.06480894257960677,0.7802868774197985
IGSF3,-1.8478937,-0.9479003,0.06461771376601572,0.7782405204178814
PIK3R1,-1.848207,-0.80339056,0.06457240585794526,0.7779508317335926
CRCP,-1.8486097,-0.38255545,0.06451419136099153,0.7777615013187256
CKAP2,-1.8496798,-0.7266863,0.06435970219503336,0.7764105010021146
C20orf194,-1.8507277,-0.23165157,0.06420873876472136,0.7748447238798439
ATXN2L,-1.8545535,-0.32910946,0.06366001464833813,0.7700000648195057
UTP4,-1.8564291,-0.4054252,0.06339241917552894,0.7677782707622551
VARS,-1.8569138,-0.4154896,0.06332341066474924,0.7672927752217169
HSPA4L,-1.8572271,-0.22924213,0.0632788535738804,0.767164398694136
CCT3,-1.858357,-0.21851881,0.06311834502004575,0.7657257361878338
B3GAT3,-1.8594047,-0.6483735,0.06296979144357999,0.7641768357514825
XRCC6,-1.8607508,-0.3591358,0.06277936931960892,0.762624525876869
LAPTM4B,-1.8626935,-0.19162941,0.06250538921636889,0.7605255336325237
NCLN,-1.863361,-0.50395805,0.06241148640497341,0.7600321894609127
YBX1,-1.8637302,-0.24556945,0.06235960146485357,0.7597948645855878
RPS18,-1.8637973,-0.22347824,0.062350171673814785,0.7597948645855878
CMTR1,-1.8656431,-0.32305613,0.06209131429829011,0.7572823041092023
AC007130.1,-1.8663441,-0.4046029,0.06199323407165723,0.7563381200855754
TMX2,-1.8676455,-0.2471893,0.06181149951594395,0.7546239805814091
MAPKBP1,-1.8676865,-0.49328402,0.06180577866836846,0.7546239805814091
SERBP1,-1.8678395,-0.15727553,0.061784459369924515,0.7546239805814091
MOB3A,-1.8690811,-1.320229,0.06161153044921764,0.7533651503135326
IMPDH1,-1.8717285,-0.24708085,0.0612441608578748,0.7499489901502426
SNAP25-AS1,-1.8722208,-1.1351777,0.061176061542020696,0.7493658060573961
PNO1,-1.8735968,-0.3859267,0.0609860256320897,0.7477887853132713
AC023905.1,-1.875133,-0.28112572,0.06077442269664986,0.7459438783098865
CLU,-1.8807971,-1.0997068,0.05999951473033585,0.737669546068197
LARP4,-1.8820016,-0.17118354,0.05983579917242598,0.7359039265826489
EIF1,-1.8854657,-0.45025924,0.05936699100995054,0.7311208741437415
BRD2,-1.8861854,-0.36874527,0.05926997935422508,0.7306343670972432
ICK,-1.8874457,-0.51713854,0.05910040025566032,0.729310097692995
SQLE,-1.8886502,-0.4905333,0.058938723364600064,0.727805740171298
CADM1,-1.8920695,-0.11440361,0.05848172104805037,0.7238719892051713
RNF168,-1.8928413,-0.35864344,0.058378967341496474,0.7228445817544359
DDX3X,-1.8945976,-0.4537406,0.058145724190070226,0.7202002203318986
CCM2,-1.8946238,-0.2614518,0.058142263579193366,0.7202002203318986
TRABD2B,-1.8951533,-1.1935745,0.05807209955489131,0.7201183100146401
SINHCAF,-1.8953285,-0.17057112,0.058048891754505845,0.7201183100146401
ABCA10,-1.8955896,-0.6015103,0.058014341233074744,0.7201183100146401
ORC5,-1.8980544,-0.19173323,0.05768892741883168,0.7172121034159845
OSBPL8,-1.8981476,-0.16640049,0.05767664962652013,0.7172121034159845
PLS1,-1.8994005,-0.6027746,0.057511846782820474,0.7154966363351504
SLFNL1,-1.9010224,-0.6528087,0.057299067714584796,0.7133344140889518
RPL27A,-1.9027936,-0.20749353,0.057067470938658105,0.7109348209073606
FAM20B,-1.9038229,-0.5066483,0.05693325907056311,0.7102297938792367
CHRNB4,-1.9071863,-1.2286777,0.056496469391426246,0.7057430976776765
RPS4X,-1.9088829,-0.3537517,0.056277198132053584,0.7034841970052231
DIO2-AS1,-1.9090283,-1.0598156,0.0562584364663925,0.7034841970052231
GABRB1,-1.9098934,-0.65826577,0.05614693621037944,0.702335615938516
AC110491.2,-1.9112619,-0.5884753,0.055970930156185636,0.7006128641062075
RPS26,-1.9122239,-0.18075971,0.05584747363815953,0.6993066652857601
TUSC3,-1.9133501,-0.22455546,0.055703250751436,0.6977394526876486
FUBP1,-1.9136,-0.18607235,0.0556712963729918,0.6975779248708911
NME2,-1.9141443,-0.34734395,0.05560171733968754,0.6969446768321588
POLH-AS1,-1.914327,-0.72689664,0.05557838171746831,0.6968908356427056
RMI1,-1.9153823,-0.7870545,0.05544376620233018,0.6957451532755823
AC127035.1,-1.9165047,-0.5944891,0.055300886858173984,0.6943628678888597
EIF5B,-1.9172281,-0.13586167,0.05520896124428333,0.6934465307144866
CTH,-1.9172952,-0.6029852,0.05520043852452593,0.6934465307144866
PUM2,-1.9201553,-0.085357055,0.05483829364958662,0.6892638687735301
AC093535.1,-1.9213,-0.9376374,0.05469389751359082,0.6879214236752362
MT-CYB,-1.9252228,-0.26052657,0.05420149680692789,0.6826665466725284
VWCE,-1.9291193,-0.4115928,0.05371604036747866,0.6767851268468456
COX4I1,-1.9292872,-0.3520028,0.05369521733593099,0.676755733372042
AL133284.1,-1.9310286,-0.5571451,0.053479518162500767,0.6745016692852138
TRIP13,-1.9340266,-1.2042814,0.05310985998495085,0.6703013742445469
AC020611.2,-1.9341906,-0.46576902,0.05308969169764922,0.6703013742445469
KLHL2,-1.9358686,-0.46593592,0.052883792253960636,0.6681393442482614
NUFIP2,-1.9369239,-0.17379989,0.05275464650050724,0.6674869267084335
AKT3,-1.9381433,-0.11858061,0.052605749909807716,0.6666977328424072
EIF2AK2,-1.9399294,-0.26149887,0.05238827576924923,0.6644016914172872
TAF2,-1.9415365,-0.24361913,0.05219323743824481,0.6623871995413309
CTDSPL2,-1.9419988,-0.22085795,0.05213723693998989,0.6619060038989143
CRB1,-1.9422599,-0.36458182,0.05210564595334902,0.6617344717343953
INTS6L,-1.9464139,-0.3972682,0.05160504896435217,0.6560598809115157
DDX55,-1.9472156,-0.31803307,0.051508899466174464,0.6552927456939353
RFC4,-1.9475064,-1.5095077,0.05147405440757008,0.6550771437313881
AHR,-1.9487779,-0.74048835,0.05132195054531855,0.6535959331625624
TOPBP1,-1.9498407,-0.43596432,0.051195114430477195,0.6526619238139658
SYP,-1.9499786,-0.44144127,0.051178667251330114,0.6526619238139658
AC104134.1,-1.9511122,-1.0944237,0.05104370109906096,0.6516395200302512
CDCA8,-1.952805,-0.62916464,0.05084269482427466,0.6502073631248347
HMGXB4,-1.9529431,-0.5331874,0.05082634251383665,0.6502073631248347
RPS24,-1.9531108,-0.13372603,0.05080646050580597,0.650198342997554
SENP1,-1.9541848,-0.43972334,0.050679369858763354,0.6487987464849939
NOVA1,-1.956631,-1.6700265,0.05039087956017174,0.6456301510942982
PDIA6,-1.9567987,-0.35916692,0.05037114037100724,0.6456301510942982
RPS15,-1.9576414,-0.29702157,0.05027210374213897,0.6453908344672145
DNAH11,-1.9581821,-0.5612299,0.050208648525282625,0.6448023665522349
RHEB,-1.9626306,-0.2509397,0.0496891094243141,0.638802632258279
MBNL3,-1.9667287,-0.36465222,0.04921450351667301,0.6335912920203127
ARL6,-1.9679629,-0.44041228,0.049072307892371825,0.632428007453768
REXO4,-1.97023,-0.31089398,0.04881201306853174,0.6299606806492701
SAMD5,-1.9750924,-0.5230321,0.04825765641474209,0.6239062106803163
FZD3,-1.9761478,-0.360448,0.048138048439565415,0.6227998271249678
TMEM237,-1.9804136,-0.9364723,0.047657080257461244,0.6176688365805025
CALML4,-1.9824159,-0.3418493,0.0474327080586174,0.6149785857787657
CHRNA7,-1.983915,-0.6687948,0.04726532421083646,0.6134603302981649
KIFC1,-1.985604,-0.76782274,0.04707730067031918,0.6112367087032111
PANK1,-1.9876997,-0.45645198,0.04684491012362252,0.6088673847424388
CAPRIN1,-1.9881957,-0.20054393,0.04679005525095247,0.6083704483979081
SLC25A21,-1.9895567,-0.580651,0.04663979132837769,0.6068478501279602
WWC3,-1.989717,-0.8061924,0.0466221157741375,0.6068335915537719
FBXL5,-1.9913055,-0.24444357,0.04644730887104288,0.6054194985715956
CD55,-1.9951463,-0.39280692,0.04602693223356006,0.6018691485103721
C8orf33,-1.9993002,-0.3147287,0.04557588405935574,0.5968239472116205
FDXR,-2.0029545,-0.8097647,0.04518217633342402,0.5920919570281606
AP2B1,-2.00398,-0.21922207,0.04507221368814826,0.5910742003582639
AC053513.1,-2.0041292,-0.21085954,0.04505623793493152,0.5910742003582639
STT3B,-2.0047219,-0.29078612,0.04499278151797506,0.5906674305378068
IL15,-2.0055087,-0.13408895,0.044908688434584954,0.589774992965283
TTC7B,-2.005602,-0.22727945,0.0448987335874864,0.589774992965283
EXOSC9,-2.006083,-0.6375936,0.04484739614773355,0.5896047221275847
AGO3,-2.0064409,-0.19924687,0.044809223678748185,0.589314551155538
KCNJ3,-2.0066648,-1.0306468,0.04478537980437781,0.5892126837598965
ZYG11A,-2.007761,-0.3988024,0.044668699455196664,0.5881003844459184
SPOCK1,-2.008335,-0.30955923,0.044607683587152294,0.5875083940170425
AL122035.1,-2.0110536,-0.38594973,0.04431980212599127,0.5849798332540233
MED4,-2.0114303,-0.2896726,0.04428004124574123,0.5846658692768307
EMC8,-2.0115569,-0.7974159,0.0442666631696322,0.5846658692768307
POC1A,-2.01344,-1.1220042,0.04406836065802816,0.5822909994384436
CHEK1,-2.0157406,-0.71273845,0.04382709650329363,0.5795215170220558
FGF12,-2.0165126,-0.7482778,0.043746404021362095,0.5788727887150665
PANK2,-2.016561,-0.40694058,0.04374134056739972,0.5788727887150665
AC073593.2,-2.0179594,-0.2651322,0.04359549230977709,0.5777113012419086
RPRD2,-2.0188544,-0.14601055,0.043502365155872434,0.5768042204958072
MGST1,-2.022777,-0.32998177,0.04309613811019752,0.5721297609616754
ARID4B,-2.0261145,-0.14393297,0.042753064584873185,0.5677811744814745
MARCH3,-2.0264537,-0.58048344,0.04271831193344924,0.5675255662708442
RARS2,-2.0272107,-0.22771999,0.04264087285366741,0.5669083135913843
ZNF93,-2.0304437,-0.7989292,0.042311470340506974,0.56374918515493
PLEKHA5,-2.030537,-0.08870261,0.04230200401823298,0.56374918515493
EFCAB2,-2.0306711,-0.4444427,0.04228837566175992,0.56374918515493
DIAPH3-AS1,-2.0327294,-1.2510571,0.04207987221001126,0.5614893921832381
ANKRD11,-2.0332477,-0.09082691,0.04202750594129046,0.5611998339865641
KPNA3,-2.0332515,-0.352291,0.04202712940543225,0.5611998339865641
LONP1,-2.037189,-0.3475466,0.041631097557333616,0.5567189629872005
TTK,-2.046336,-0.96687794,0.0407233277270431,0.5465766476485165
RPS27,-2.0471265,-0.21768577,0.040645667606651587,0.5459347082829559
ABHD2,-2.0516086,-0.30660036,0.04020771923222123,0.5412441087232546
FBXO28,-2.052373,-0.25774834,0.04013342845184615,0.5406417426448366
MCM5,-2.0557253,-1.4463623,0.03980900956102313,0.5364689097728305
CSNK2A1,-2.0559304,-0.17523965,0.03978923435052767,0.5364689097728305
RPS5,-2.0583205,-0.32973325,0.039559377293620406,0.5340880738929548
SRP14,-2.0592787,-0.39506927,0.039467536364365854,0.5330447595838209
C1orf159,-2.0622096,-0.32700765,0.039187775727796345,0.5298528922841057
SRSF2,-2.064928,-0.21292819,0.03892981009607332,0.5271439065210431
SLC7A1,-2.0650175,-0.33569112,0.03892134198556425,0.5271439065210431
AFDN,-2.0657818,-0.16310067,0.03884907395229473,0.5268302911181695
ELF2,-2.0666099,-0.20541315,0.03877094156160285,0.5259656160475262
UNG,-2.0669305,-0.9115682,0.03874070995737692,0.5259453728301011
CDC45,-2.0670273,-0.89002603,0.038731574114015656,0.5259453728301011
ATP5MF,-2.0673592,-0.5223573,0.03870031527605951,0.5259062872614061
CELF1,-2.0678291,-0.11315566,0.038656097849192855,0.5255764626219568
SREBF2,-2.0685375,-0.15523261,0.03858950195861815,0.5248659833472251
PCNA,-2.0722141,-0.98743844,0.03824546816016179,0.520484123648276
HSP90AA1,-2.0732658,-0.13094608,0.03814755396229734,0.5196273251112933
ST3GAL6,-2.0733926,-1.4624691,0.03813576311568021,0.5196273251112933
SF3B2,-2.0734859,-0.46409968,0.03812709535265311,0.5196273251112933
HDAC2-AS2,-2.0800412,-0.5260427,0.03752176477218896,0.5139723474651527
ENO1,-2.080854,-0.30317032,0.03744727408908757,0.5131440205670889
CLSTN1,-2.081775,-0.26528776,0.03736302621627361,0.5121813193040563
RMDN2-AS1,-2.081939,-0.45333174,0.037348035439313754,0.5121676452282963
HDAC4,-2.0859773,-0.1606647,0.036980668421241605,0.5082724164047556
UCHL1,-2.0861416,-0.314125,0.036965808355316106,0.5082590351663879
MCMDC2,-2.0865145,-0.58198714,0.03693205438844743,0.5079857657540641
AC091057.6,-2.0869358,-0.93394583,0.03689394399733354,0.5076523474610545
BTAF1,-2.0870216,-0.1792789,0.03688619111875101,0.5076523474610545
POU4F1,-2.0876741,-0.3842074,0.03682724725490334,0.5073067658173569
CCDC80,-2.0916827,-1.2783649,0.0364669208357563,0.5032902599960468
ITSN1,-2.0960565,-0.19095139,0.03607717782298819,0.499209657351815
AL512422.1,-2.0966494,-0.6494947,0.03602462250714419,0.498690320871401
IQCJ-SCHIP1,-2.0966942,-0.7351555,0.03602065871870632,0.498690320871401
AC107068.2,-2.0987973,-0.2591046,0.03583477965663118,0.49681392811074154
MYH10,-2.0994349,-0.36077967,0.03577858456582973,0.49622280170289285
WDR43,-2.1006877,-0.074070476,0.03566838505007636,0.49506960986645615
ATP13A5,-2.1033278,-0.5104836,0.03543712643702383,0.49241999419951
WAC,-2.103805,-0.12427905,0.035395453817863985,0.4920277269987237
ATAD3B,-2.1040697,-0.4727308,0.03537235657271984,0.4918934737530846
HS3ST5,-2.1046703,-0.7776458,0.03532002877493645,0.4913524793582094
XPO5,-2.1052258,-0.27212906,0.0352716600592422,0.49086617103738545
IPO7,-2.1052706,-0.17071567,0.03526776705311882,0.49086617103738545
SNRNP200,-2.1062996,-0.2676928,0.03517832907162997,0.4903130321213741
DLGAP1-AS5,-2.1078434,-0.8630735,0.03504453512379769,0.48879177554887676
SLC25A3,-2.1089547,-0.44941294,0.03494849843420384,0.4880010812642945
HTRA1,-2.1101925,-0.6410277,0.034841769250315784,0.48692004441802517
TMEM245,-2.1111324,-0.20852214,0.034760943863527245,0.4859760528452868
FNIP1,-2.1134703,-0.23397681,0.03456053715185622,0.48383176896570107
ST6GAL1,-2.1186533,-0.2824015,0.034119771221719206,0.47884116046247877
TIGAR,-2.119854,-0.32176968,0.03401835394600189,0.4781512184245834
RPL34,-2.121133,-0.24828342,0.03391060606470985,0.47681985884534966
AL031668.1,-2.1221063,-0.5366974,0.033828812761400866,0.4760355155248108
AL359918.2,-2.124433,-0.5982661,0.033633944467351524,0.4738398773862714
ARL4D,-2.1245039,-0.7187248,0.03362802607065474,0.4738398773862714
ZC3HAV1,-2.1288817,-0.7743718,0.033264055298138,0.4693514602803196
VEZF1,-2.1316595,-0.57644945,0.03303483838995658,0.4670174275437623
CAPRIN2,-2.132618,-0.5327108,0.03295608052119714,0.466084042950671
PSAT1,-2.1327634,-0.38531598,0.03294414299613462,0.466084042950671
CCDC14,-2.1345644,-0.3238142,0.03279660788113475,0.46430392781241625
CRKL,-2.1395013,-0.6636187,0.032395082234685034,0.45957069956267715
MIR99AHG,-2.1401763,-0.04855152,0.03234051946505059,0.45915258065954884
NET1,-2.1405678,-0.5205324,0.03230890313095743,0.4588817087684024
BLZF1,-2.1421266,-0.32427153,0.0321833024383545,0.45734771630012977
IKBIP,-2.1425068,-0.67485744,0.03215271705285417,0.45719564757246134
POLR2L,-2.1426225,-0.5836181,0.03214342643173173,0.45719564757246134
PLK4,-2.1427157,-0.79181063,0.03213593567126501,0.45719564757246134
CSPP1,-2.1433794,-0.2300099,0.03208264469121713,0.4569092911841394
FEN1,-2.1436107,-1.0117846,0.03206410045860986,0.45682294312400906
IFI16,-2.1445017,-0.8356067,0.03199270137484801,0.45616083483475345
NUP205,-2.1450834,-0.29626817,0.03194617133301513,0.4558525602182015
RPS6,-2.1470635,-0.23542872,0.03178822477836653,0.4541299044156883
AASS,-2.1490324,-0.33464152,0.03163183495579624,0.4522783279851255
CCDC181,-2.1492524,-0.3180261,0.03161440063237749,0.4522783279851255
RAD21,-2.151005,-0.41891736,0.031475811117521416,0.4508986938209007
LAG3,-2.151113,-0.78135,0.0314672769458274,0.4508986938209007
NFATC2IP,-2.151359,-0.45962107,0.031447861746879816,0.45085122906288605
CDC7,-2.1517208,-0.6184503,0.03141934593754753,0.45085122906288605
AC119868.2,-2.1519408,-0.19425827,0.03140201212146161,0.45085122906288605
EIF3A,-2.153164,-0.14628156,0.03130579736052151,0.44979204294649694
ZBTB20-AS1,-2.1572096,-1.0915829,0.03098932608803732,0.4456739977006892
HADH,-2.1587646,-0.5955855,0.03086842871031098,0.44428445113098397
ETNK1,-2.1591935,-0.17418513,0.030835159023128597,0.44398019488809204
GOLIM4,-2.1610878,-0.369646,0.030688561907325003,0.44239151412761024
SEPTIN10,-2.164332,-0.3668822,0.030438889958609817,0.43898174929367795
DHRS3,-2.1651933,-1.694039,0.03037289163940801,0.43860602525912673
SERF2,-2.1679041,-0.45590314,0.030165984325293636,0.4365777747291706
MYC,-2.1708052,-0.19965833,0.029945905020585577,0.43373568249246247
FOXK2,-2.172129,-0.091913216,0.029845942689450188,0.4328016435723321
SOAT1,-2.1773381,-0.6424718,0.029455350680554965,0.42818368583114325
TACC1,-2.1775842,-0.57497185,0.029437006799028068,0.42818368583114325
XIAP,-2.1797917,-0.38962048,0.029272906686468467,0.4261804525184695
ARHGEF9,-2.1802764,-0.31372783,0.02923697677628136,0.42599625278211545
SPECC1L,-2.1811714,-0.22173338,0.029170744324283675,0.4252004830796921
UQCRH,-2.1816263,-0.3387967,0.029137125688998452,0.42487965631196506
NHLRC2,-2.1818986,-0.34919983,0.029117025569351276,0.42475578033631967
FO393401.1,-2.1844938,-0.7186322,0.028925984598129513,0.42230552942805677
TIMELESS,-2.1848927,-0.8980821,0.028896710696329563,0.422046491698467
SH3RF1,-2.1851873,-0.2100749,0.028875113624837415,0.4218994146837023
FAM149B1,-2.1881855,-0.40718234,0.028656104809405905,0.4190339960563586
FAM111B,-2.1886737,-1.4223359,0.028620556406864273,0.4186814488599677
DIAPH3-AS2,-2.1912804,-1.3126409,0.028431515781953506,0.4165820292775341
ACAP2,-2.191545,-0.21312639,0.02841237454465994,0.4165820292775341
RNGTT,-2.197362,-0.14231592,0.027994599477474274,0.4110029424288151
POLH,-2.1985142,-0.5602412,0.02791247917439449,0.41000852081915934
CHD1,-2.199588,-0.26482013,0.02783612693247749,0.4093330983750939
CEP135,-2.201266,-0.7550358,0.027717187066400674,0.40774789542497225
MRTFA,-2.203824,-0.1790463,0.027536713204540552,0.40541884151222396
HIST1H4C,-2.2040367,-0.58241665,0.02752176327664743,0.40536179383845977
VEGFC,-2.2067738,-1.4244722,0.027329874853148167,0.40338554446295183
AL158801.3,-2.2074785,-0.4320856,0.027280652185237782,0.40294558136880065
IRS1,-2.208243,-0.6097685,0.027227349024232798,0.4024831185928694
FRYL,-2.210372,-0.14911895,0.02707935378074956,0.40045714251685444
RABGAP1L,-2.210674,-0.07797675,0.027058416047004263,0.4004239516763777
MGAT5,-2.2155962,-0.12067623,0.026719172825493867,0.3962513956993116
CCT5,-2.21667,-0.5047775,0.026645646202103742,0.3955458115590872
LPIN2,-2.2191012,-0.39317495,0.026479835468878336,0.3936221168368987
TMEM117,-2.2203393,-0.14991887,0.026395747284629758,0.3928876561060325
GARS,-2.2210963,-0.29306236,0.026344445665437463,0.392283586574726
GMNN,-2.2216406,-0.7744403,0.026307602220698337,0.39189440328847375
EGFLAM-AS4,-2.228043,-2.3182168,0.025877643221787143,0.3862755381568643
DNM1,-2.2291467,-0.55914307,0.025804138340138928,0.38549276219894896
MCMBP,-2.229311,-0.32642812,0.025793227368181775,0.38548710285946153
RPS17,-2.2350943,-0.36389598,0.025411156411200845,0.3803982559535223
ANKS6,-2.2375853,-0.41700065,0.025248117109085654,0.37842192232172156
UBR4,-2.243779,-0.28960347,0.024846634812362114,0.37316851898533676
DHCR24,-2.2459528,-0.6988932,0.02470703405394241,0.37168193728250964
METAP2,-2.246378,-0.21314317,0.024679816039239064,0.3714251426201435
USP6NL,-2.246665,-0.2653516,0.024661446642105893,0.3713013609821957
RBM4B,-2.2469857,-0.40293646,0.02464094417571391,0.37114534887872624
HIPK1,-2.2494133,-0.6300419,0.024486223678378386,0.3689667652747333
SKA3,-2.2507145,-1.0128242,0.024403625429976143,0.36802517279050545
POLR2A,-2.2513633,-0.4128545,0.024362534922487498,0.36755694175513803
FAM83D,-2.2517474,-0.8534739,0.024338239496496036,0.3673418160046397
GRK5,-2.253623,-0.3824877,0.024219894351410226,0.366027615511509
GUK1,-2.2539773,-0.33568484,0.024197598976440703,0.3659736860069034
PRRX1,-2.254298,-0.1885537,0.024177431141011497,0.36596172898751306
BIRC5,-2.2558043,-0.6705414,0.0240828841233867,0.36484173915566087
PKMYT1,-2.2562482,-0.86386883,0.024055096071269974,0.36457166513646055
FGFR2,-2.2585115,-0.6926319,0.02391378584333256,0.36273393066111337
USP15,-2.2586532,-0.14199767,0.023904963400283998,0.36273393066111337
AP005717.2,-2.2604766,-1.1929562,0.023791684144964877,0.3614775555790201
PCM1,-2.261998,-0.3100219,0.023697525573321436,0.3603461294180049
NCAPG,-2.2633328,-0.40490472,0.023615172514066026,0.3593924861485782
RPL3,-2.2641234,-0.22481905,0.023566521943221494,0.35910002899410903
AC004594.1,-2.2663271,-0.9484046,0.0234313559252701,0.35763597090108884
ASXL1,-2.2686093,-0.21973851,0.02329209673014991,0.3559557546639736
SYNC,-2.2698882,-0.23851354,0.02321436250937808,0.3552127433970515
AC133550.2,-2.2707534,-0.43568483,0.023161912052784582,0.3547067544117023
MAP3K1,-2.2707832,-0.5179811,0.023160105253196256,0.3547067544117023
SACM1L,-2.2709584,-0.32209733,0.02314949277704562,0.3547067544117023
GTSE1,-2.2715402,-0.8576993,0.023114298650290008,0.35457101630312854
TTF2,-2.2715662,-0.40684152,0.023112720516480428,0.35457101630312854
RIOK3,-2.2726402,-0.4566056,0.023047872648934493,0.353848652191129
HAT1,-2.2746873,-0.6445579,0.02292469401337163,0.3524009767254998
MTHFD2,-2.2773833,-0.30897635,0.022763347869581584,0.35006777116577964
B4GALT6,-2.2814775,-0.6933969,0.022520203130263053,0.34705766516663494
PIP5K1A,-2.2851617,-0.17390019,0.022303349911170757,0.34429561792440355
RABL6,-2.2863736,-0.3250535,0.022232414587496502,0.3433454035092656
AP000462.1,-2.2865636,-0.26335594,0.022221301026204753,0.3433186318531533
DCBLD2,-2.2951996,-0.47425005,0.021721679757319978,0.33659407315735335
COL4A3,-2.2958374,-0.48378003,0.021685181272200347,0.3361708258127086
PAK2,-2.2973738,-0.30528975,0.02159746256667103,0.3352369497042945
RPL14,-2.2975712,-0.29965243,0.021586200818346567,0.3352043004464585
NDC80,-2.2986414,-0.87665397,0.021525306139368715,0.33447299886473336
NDUFA4,-2.298962,-0.33311096,0.021507088100040917,0.33440141527170675
PTCD1,-2.3007743,-0.4874978,0.02140438708097582,0.33337105172374293
NOTCH2,-2.3032951,-0.3144371,0.02126224571282687,0.3315805093034411
ZBTB8A,-2.3037052,-0.7425953,0.021239194146356003,0.3315035159704802
UACA,-2.3054652,-0.31875426,0.02114052890069552,0.3305273380155304
AC027627.1,-2.310324,-1.437824,0.02087022419059997,0.32713964693796554
DLG3,-2.3120914,-0.6344872,0.02077264373852544,0.3258892128048734
PRRC2B,-2.3161447,-0.15212888,0.020550368047922714,0.3229557839939971
LARP1,-2.3185909,-0.21488875,0.020417231535916208,0.32113927436444745
NUP35,-2.3203435,-0.36847124,0.020322307283963784,0.3197836495702315
ARHGAP21,-2.3203993,-0.3825768,0.02031928413681417,0.3197836495702315
SLC29A4,-2.3216858,-2.1030238,0.020249859953828477,0.3190551546147551
PPP2R5E,-2.3227634,-0.17935008,0.020191864004681467,0.3184155167752462
PPAT,-2.3265593,-0.2694662,0.01998872666005549,0.3158926530590203
LGMN,-2.329125,-0.51304305,0.01985245159324661,0.3141459493144917
KNOP1,-2.3292031,-0.44786197,0.019848304822977735,0.3141459493144917
C12orf75,-2.3295164,-0.6747595,0.019831725303401774,0.31408956202068733
RPS29,-2.3304336,-0.2362536,0.019783240535062443,0.3135930648868863
SLCO5A1,-2.3365042,-0.43113798,0.01946497518011335,0.3090835386409235
CCDC88A,-2.3384843,-0.16590258,0.019362139451111843,0.3078512884666136
PRTFDC1,-2.3397894,-0.41758248,0.01929461682473221,0.3069110258157426
AC068587.4,-2.3426344,-0.30273724,0.019148130408226938,0.3049785557317294
CXADR,-2.3427427,-0.64693,0.019142582001515654,0.3049785557317294
GGCX,-2.3435519,-0.32796526,0.01910110919805857,0.3044946418807237
TNRC6C,-2.3465796,-0.15781401,0.018946616737189215,0.3028231961562718
RPL38,-2.3466394,-0.21545313,0.01894358356018972,0.3028231961562718
NME7,-2.348131,-0.120235406,0.018867892013036236,0.30196052276744173
BRD8,-2.3516471,-0.54653245,0.018690495160909777,0.2998318265838566
RFWD3,-2.3526688,-0.38451272,0.018639224712863757,0.2992167823313712
RSBN1L,-2.3562112,-0.28888014,0.0184624139165486,0.29676891162037566
CHN1,-2.3565953,-0.4391888,0.01844333239122574,0.2965924467712009
AC005480.1,-2.3604138,-0.40647513,0.018254565539990775,0.2938800073966001
NEUROD1,-2.3642879,-0.5289389,0.018064764570331564,0.291016042270557
GABRA2,-2.3659735,-0.48627827,0.017982735722278473,0.2898221533118073
BTG3,-2.3703995,-0.4289322,0.017768870846031348,0.2870912205630463
ELP4,-2.3721073,-0.17108159,0.017686949622706227,0.28606276762734006
BMP2K,-2.3723423,-0.2336513,0.01767570692014489,0.28600731608497926
TPP2,-2.3751874,-0.29191592,0.017540041777689218,0.2843149110297622
AC044781.1,-2.3761158,-1.1441102,0.017495966345699224,0.2837261250416204
UTRN,-2.3785024,-1.145592,0.017383125341313668,0.2823967024489221
AURKB,-2.3820634,-1.4762412,0.01721593208951488,0.27992906726269845
CLIP3,-2.3832679,-0.9381023,0.0171597040975883,0.2791388131892575
G2E3,-2.38398,-0.24602425,0.017126530582282622,0.27884703996535865
AC019205.1,-2.3840919,-0.41921932,0.017121325198393572,0.27884703996535865
RSPRY1,-2.3853447,-0.31326568,0.017063119661650847,0.27843390224524417
NISCH,-2.3865418,-0.53892714,0.01700767482682106,0.27765294662643963
APLP2,-2.3880706,-0.30819535,0.016937087399104718,0.27674747138153205
PEX5L-AS1,-2.3880968,-1.5870253,0.016935884483560114,0.27674747138153205
RCAN1,-2.3913705,-0.7690924,0.016785597748599414,0.27451727578037854
CHRNA5,-2.391956,-0.57080734,0.01675884789709763,0.2742023209126823
SMPD4,-2.3932724,-0.58961344,0.01669883995853271,0.27334268395449723
FGF2,-2.3941524,-0.38507354,0.016658826639459504,0.27305405903755364
ADAM22,-2.3943648,-0.29762334,0.01664917503743206,0.27305405903755364
FBXW7,-2.3957744,-0.09784966,0.01658529383854774,0.2723366261932193
SARS,-2.397937,-0.5580449,0.01648769358894022,0.2710988648017974
JADE3,-2.4027474,-0.4763041,0.01627242415074764,0.2684033331868024
RMDN2,-2.4050145,-0.5778321,0.016171822974561306,0.26710509598010757
PLEKHA1,-2.4062078,-0.27853924,0.016119094867234767,0.2663543978490563
RPS6KA3,-2.406752,-0.35663664,0.0160950879109852,0.2660778286494893
SRSF3,-2.406782,-0.46736547,0.01609377337005929,0.2660778286494893
SRSF4,-2.4090006,-0.22782457,0.015996268540831304,0.2648029963197497
PATL1,-2.4104064,-0.61185277,0.015934757307032782,0.264023563691583
STAG2,-2.411622,-0.2617432,0.015881735001900738,0.26338349923179377
SPATA13,-2.4119911,-0.7418628,0.015865663877939792,0.2632362482304961
AC008957.2,-2.419833,-0.47663638,0.01552763653654671,0.2582130962626743
TAF1D,-2.424069,-0.22596511,0.015347690175200553,0.2556853928550366
METTL16,-2.4240763,-0.41607663,0.01534737499388213,0.2556853928550366
GNAI3,-2.4244978,-0.49851432,0.015329576502211312,0.255616323260791
AC009501.3,-2.4249153,-0.5138621,0.0153119534522711,0.25543883696744507
RPS9,-2.4253554,-0.28012836,0.015293405607315498,0.25524575405077726
NEDD1,-2.4268842,-0.5580727,0.015229113379620416,0.25452090356506246
CPNE7,-2.4300277,-0.32481742,0.01509766954691729,0.25243938012184547
TRPV4,-2.43115,-0.32273248,0.015050979115919355,0.25177371417813726
TMEM51,-2.4362175,-0.87567705,0.0148417539419161,0.24861466179774425
LRIG3,-2.4389024,-0.5792055,0.014731948152878954,0.24700138998787108
BSG,-2.4404087,-0.2831567,0.01467064903120811,0.24608635434979287
HMGB2,-2.4404647,-0.7365847,0.01466837740897176,0.24608635434979287
TOB2,-2.441147,-0.4420147,0.014640688573136546,0.2458091020483352
LNX2,-2.4433286,-0.6151217,0.014552483903186747,0.24477732690282084
TRERF1,-2.4459686,-0.2857916,0.01444636054264818,0.24321584278816286
MTUS1,-2.4460394,-0.835088,0.014443522027309464,0.24321584278816286
ANKRD12,-2.4483624,-0.119603515,0.014350720665299145,0.24182814321851473
PRIM1,-2.448795,-1.075045,0.01433349963766159,0.2416492032418479
GLS,-2.4504244,-0.17150943,0.0142687874466942,0.24066907342693752
PTBP1,-2.4513643,-0.48362783,0.014231587863398865,0.24026307536358943
PAICS,-2.4570618,-0.24419098,0.0140078554378986,0.2368136336639846
C5orf66,-2.4572036,-0.36552635,0.014002331199473013,0.2368136336639846
KLF6,-2.457804,-0.60619706,0.01397894720114628,0.23654343343003006
MGME1,-2.4602165,-0.6446202,0.013885322731744091,0.23517662994195535
SCN5A,-2.467954,-1.2441283,0.013588783046519604,0.23090206512797773
EIF2S2,-2.4692254,-0.29738313,0.013540589492342249,0.23019002136981823
XPO4,-2.475035,-0.20616136,0.013322313245475793,0.22658456649519493
ANP32B,-2.4768622,-0.36336893,0.013254310002410716,0.22553277563841684
AC026894.1,-2.4782195,-0.3059511,0.013203992145189683,0.2247810774446919
AC011503.1,-2.478596,-1.0993731,0.013190060289251708,0.22475297795479598
RPS13,-2.4794126,-0.41431254,0.01315989624884282,0.2243434385672548
NOCT,-2.4802105,-0.44678697,0.013130479824780248,0.22415517353861095
ERLIN1,-2.4813068,-0.5254875,0.01309016142708451,0.22357116117252457
DDB1,-2.4843123,-0.16929905,0.012980189653766891,0.22190001005022045
RPL28,-2.4859643,-0.37376305,0.012920094810008961,0.22107919127682935
AL133480.1,-2.4877317,-0.29815277,0.012856067390035614,0.22008649323792961
SUMO2,-2.4887683,-0.4304151,0.012818646200410115,0.21954855853121696
CCDC77,-2.4923816,-0.45177507,0.012688962881498615,0.2175310212766889
KIAA1211,-2.4965467,-0.12411608,0.012540914413675976,0.21549765655162179
MYBL1,-2.497971,-1.2240536,0.012490635800230219,0.21473450489630166
CENPO,-2.499403,-0.7314732,0.012440273933706772,0.2141704921202265
PIEZO1,-2.501342,-0.3752272,0.01237236224998786,0.2131015673937909
DEPDC1,-2.5049217,-1.2527933,0.01224784909945229,0.2111556876538169
RBM14,-2.5090048,-0.5706251,0.01210718275721895,0.20909214645182903
H2AFY,-2.5120587,-0.30058068,0.01200290990435468,0.2077156053944613
CENPJ,-2.5137553,-0.8325276,0.01194532520350934,0.20681686271222577
POLE2,-2.5139978,-0.50308067,0.011937118843951992,0.20677259195811018
PDLIM5,-2.5156124,-0.11810569,0.011882579306014314,0.20602287313094736
NUP160,-2.5157914,-0.31027123,0.011876546978267774,0.20601587485856815
PPIA,-2.5164363,-0.33774066,0.011854827988509696,0.2058342311230756
AL807761.4,-2.5172644,-0.28624153,0.011827008979376732,0.2054486737798613
E4F1,-2.518465,-0.7134315,0.01178676176977881,0.204846755714945
CDC25C,-2.5187857,-1.3840365,0.011776033089743072,0.20475752357134736
NAA25,-2.5219588,-0.1547287,0.011670335075842636,0.20320929310700112
TPM3,-2.5228724,-0.5118594,0.01164006142038307,0.20277862353519313
AGFG1,-2.522947,-0.22972508,0.011637593180311481,0.20277862353519313
PPP2R2A,-2.5268326,-0.22892429,0.011509638476267212,0.20079326876542242
NUP58,-2.5279734,-0.30196017,0.011472300449771811,0.2003328572338254
TMEM38B,-2.5351963,-0.25726122,0.01123843260437002,0.196718255261859
TLK1,-2.5352037,-0.1424378,0.011238193334350931,0.196718255261859
GRID2,-2.5394845,-1.4702697,0.011101596609471373,0.19460226891918664
SON,-2.5419567,-0.2023165,0.011023382063991895,0.19350925991566778
WTAP,-2.5422401,-0.3314998,0.01101444764582008,0.19349474026927493
PTPRG,-2.5439703,-0.13983458,0.010960040090107686,0.19276714432389785
GNAS,-2.545693,-0.23170964,0.01090610445945168,0.19191073525018795
MEIS2,-2.5476992,-0.48080534,0.010843593691430679,0.19093518397639117
SYN3,-2.5487769,-0.9462029,0.010810146145729777,0.1904969470774461
RALY,-2.551346,-0.26871526,0.010730774111145168,0.189463127468415
TBC1D31,-2.5514505,-0.52733403,0.010727559526927413,0.189463127468415
MASTL,-2.5520396,-0.91733754,0.010709436129470102,0.18926898685404886
VAPA,-2.5540829,-0.31981614,0.01064678853884346,0.18843477142660034
MAP3K3,-2.555015,-0.5338805,0.010618316841761757,0.18802177780615484
CPE,-2.556693,-0.714277,0.010567238384355805,0.18729854339264254
COX10-AS1,-2.5610783,-0.31645042,0.010434783730114732,0.18548981025057276
NSD3,-2.5617607,-0.30059487,0.010414305523322587,0.18521574171969388
RPL13,-2.562719,-0.25107276,0.010385606884829347,0.1847951373804759
ACTN1,-2.5632746,-0.58531094,0.010369000620908881,0.184589392862785
PCBD2,-2.5632784,-0.3161208,0.010368889249342853,0.184589392862785
PDSS1,-2.5642216,-0.40718612,0.010340746423143646,0.18426565717306748
AC068533.3,-2.564367,-0.27269086,0.010336414253238911,0.18426565717306748
NT5C3A,-2.5645125,-0.29682258,0.010332083698602999,0.18426565717306748
DIAPH2,-2.565978,-0.09244058,0.010288535067180126,0.18369301072871208
MYBL2,-2.5669327,-1.3964392,0.010260255455507742,0.18327750606492868
MBOAT1,-2.5672758,-0.85427827,0.010250109383083971,0.18318567066907052
RPL4,-2.5722127,-0.33252528,0.010105080083931902,0.1809471801134988
ARHGEF10,-2.5723507,-0.35930035,0.010101053528149221,0.1809471801134988
LIMD1-AS1,-2.573212,-0.6623176,0.010075947049528647,0.18060222231136044
AC068481.1,-2.5755613,-0.7388324,0.01000775705461717,0.17955584115492304
RPL11,-2.579111,-0.27398753,0.009905494131902816,0.17780823478262628
PFKP,-2.5860317,-0.613503,0.009708797512789337,0.17444855069494478
SOX6,-2.5872736,-0.08415865,0.009673877267205302,0.17390647438948
C19orf48,-2.5899806,-0.57079655,0.009598132712755855,0.1727994369993001
SPATS2,-2.5901484,-0.31846523,0.009593455252988188,0.1727994369993001
HNRNPU,-2.590331,-0.13687995,0.009588364330511521,0.1727935612314388
MCM6,-2.592151,-0.7560994,0.009537794200171229,0.17205165378041753
E2F1,-2.5927064,-1.1211035,0.009522401196329137,0.17185868155169762
LMTK2,-2.5944703,-0.33460534,0.009473682843339338,0.17123272382669785
SLC23A2,-2.5969274,-0.41227657,0.009406177376392894,0.17018067135608322
SH3RF3,-2.5971363,-0.547303,0.009400460776616593,0.17016135750986347
RAD51C,-2.5971997,-0.5280001,0.00939872599358082,0.17016135750986347
FAM171A1,-2.6080506,-0.23737696,0.009105947129937677,0.165447915163664
RPS14,-2.6086025,-0.36847004,0.009091276634789758,0.16533647908989532
MAP2K6,-2.611086,-1.0199254,0.009025520202376453,0.16434978354586097
FOXN4,-2.6189651,-1.4740382,0.00881969859901453,0.16100238824066374
SDC2,-2.622582,-0.23529498,0.008726625780955635,0.15946242147217035
CHEK2,-2.6238835,-0.82474977,0.00869335407828325,0.15893379251710552
DZIP1L,-2.6245883,-0.8917437,0.008675383240917657,0.15868450874604056
TAF4,-2.6251774,-0.423063,0.008660385489209298,0.15848938464527473
PTPRZ1,-2.631013,-1.0423888,0.008513078714576683,0.15610580863337734
LIMCH1,-2.6353385,-0.168414,0.008405342840039293,0.15438090090183507
LDHB,-2.637434,-0.23819475,0.008353586518816571,0.1537202715812998
ORC6,-2.639787,-0.6894785,0.008295815665211429,0.15281084507418397
TTLL7,-2.6414201,-0.2883388,0.008255925261263428,0.15215262864426118
RTN3,-2.641439,-0.202593,0.008255470883884071,0.15215262864426118
SUZ12,-2.6426096,-0.30194837,0.008226980772801694,0.15181215290126027
TICRR,-2.6448917,-1.1635278,0.008171705013528315,0.1509044274470988
RPL13A,-2.646249,-0.2729385,0.008138986444737628,0.1504520418504252
PBK,-2.6501532,-0.9122901,0.008045528337058162,0.14879958699578869
PTEN,-2.651656,-0.2092828,0.00800981230964012,0.1482888924355782
PCGF3,-2.6530094,-0.28903547,0.007977762899199593,0.1478451138600528
CDCA5,-2.6531923,-0.99068624,0.007973445478641315,0.1478399584416164
RPL21,-2.657018,-0.3495178,0.007883523262789707,0.14632091021367447
CADPS2,-2.660691,-0.49841172,0.007798050190494377,0.14495502032619842
PIAS2,-2.6618469,-0.23070297,0.007771322331662768,0.14460506795179917
LINC00910,-2.6636703,-0.35239127,0.007729328128942715,0.14404334971865188
GJC1,-2.6653035,-0.5515432,0.0076918864599090165,0.14341861249064183
AMD1,-2.6692972,-0.34401938,0.007601017679384586,0.14194124902201796
TUBGCP3,-2.6696253,-0.3387354,0.007593594294225998,0.1418750100882929
RPSA,-2.6710982,-0.33977327,0.007560353417459559,0.1413465071207611
MTF2,-2.6728172,-0.35907698,0.007521723393799507,0.14096395183638288
GPC6-AS2,-2.6762738,-0.8494728,0.007444579709646561,0.13994815714061315
RPL35A,-2.6786156,-0.41066,0.007392722371361774,0.1391162115754305
EEF1AKMT2,-2.679667,-0.37221092,0.007369541714758556,0.13875133554623348
CDH2,-2.6797192,-1.2026719,0.007368392602785078,0.13875133554623348
SRGAP1,-2.680219,-0.3542577,0.007357402088960777,0.13873687473366997
DCLRE1C,-2.6803195,-0.34161222,0.007355189363432204,0.13873687473366997
KYAT1,-2.6804576,-0.46855292,0.007352158079561138,0.13873687473366997
ZNF618,-2.6844027,-0.6224768,0.007265952600662747,0.13729536971443326
UBR5,-2.6877587,-0.16532557,0.007193336056305818,0.1359934364653147
WEE1,-2.6877923,-1.0728685,0.007192613192200009,0.1359934364653147
AMBRA1,-2.693475,-0.25864792,0.00707114440619823,0.13389082069904887
TFPI2,-2.6943252,-0.8682331,0.00705313117089906,0.1336880652439547
ABI1,-2.6943402,-0.3320357,0.0070528155173424185,0.1336880652439547
HELLPAR,-2.7001572,-0.56259596,0.0069306734626960785,0.1316396364339072
SMC3,-2.7031925,-0.48088172,0.0068676977360123915,0.13057901549911144
MAP3K5,-2.7054148,-0.5942886,0.006821914279696605,0.12977592752140096
CDC42BPA,-2.7057652,-0.12041992,0.00681471849161589,0.12970645424421903
LBR,-2.7080624,-0.6710412,0.006767731676989988,0.12914793905605346
NPSR1-AS1,-2.7098186,-0.9855851,0.00673200171518869,0.1286002060425998
RAB3IP,-2.7107658,-1.182066,0.006712803782836988,0.12830043407604
IL1RAP,-2.712589,-1.5003511,0.0066759825004507715,0.12773007605802336
MAD1L1,-2.7179549,-0.27993464,0.006568678054256868,0.12591558695159089
RNF138,-2.7187083,-0.4726191,0.006553739962300497,0.1257198303774426
ZNF331,-2.7216427,-0.709115,0.006495831526422243,0.12473973226578201
RPLP2,-2.7219448,-0.22801046,0.006489897646575158,0.12471512398580113
USP31,-2.724003,-0.33487478,0.00644958902572599,0.12417748970573222
CDCA2,-2.7246854,-1.0787523,0.006436275638545559,0.12398638139284526
UBA52,-2.726494,-0.5279409,0.006401111041977554,0.1234389174117073
GALM,-2.7265499,-0.38371336,0.006400026238368349,0.1234389174117073
IGF2BP2,-2.7296226,-0.13717254,0.0063406878990121705,0.12246729171068309
MND1,-2.735641,-0.76294947,0.0062258923860025305,0.12044074377382591
SRPK1,-2.7398956,-0.19606435,0.006145871498928723,0.11908154723784552
HK2,-2.741171,-0.53310806,0.006122067347039379,0.11868314987764211
FDPS,-2.7427368,-0.42711493,0.0060929477977285955,0.11818123070729429
ZNF462,-2.7446313,-0.1795765,0.0060578937462593815,0.11762597825296532
NR3C2,-2.744691,-0.23436123,0.006056792638694094,0.11762597825296532
PRKACB,-2.7453136,-0.29914,0.006045310585370512,0.11750632646582375
FGD6,-2.7477076,-0.35225725,0.0060013523626317455,0.1167759159089232
PPA1,-2.7478082,-0.28602478,0.005999509978979618,0.1167759159089232
RNF157,-2.7480283,-0.40705594,0.005995485802879707,0.1167759159089232
MYEF2,-2.748088,-0.3112847,0.005994394920159562,0.1167759159089232
HNRNPH1,-2.7481735,-0.29323488,0.005992827089564955,0.1167759159089232
ABHD12,-2.7491803,-0.61565804,0.005974449728974856,0.11656227853422639
LGALS3,-2.7515595,-1.2571701,0.0059312263109979205,0.11578070091137861
PARP8,-2.7546134,-0.47064096,0.0058761536043574,0.11482813565033914
GPSM2,-2.7549005,-0.18756638,0.005870999607232257,0.1147887054617029
AC129803.1,-2.7556276,-0.3124547,0.005857965498357188,0.11459508028079712
RPL39,-2.7631524,-0.33268303,0.0057246029813165225,0.11234648456791745
WDR76,-2.7633314,-0.8974917,0.005721464440469502,0.1123451287476525
SGO2,-2.7644165,-1.0277449,0.00570247023637577,0.1120924345443553
CASP8AP2,-2.7644687,-0.7097386,0.005701557861401348,0.1120924345443553
XRCC4,-2.7647932,-0.41684633,0.005695891053277777,0.11208349916183867
SCAF4,-2.7656434,-0.35828403,0.005681064201088371,0.11185187241744782
NAA50,-2.7674742,-0.3493253,0.005649252589613231,0.11134533873582869
HLTF,-2.7730935,-0.39790747,0.00555261589131533,0.10967689921102666
SLF1,-2.775137,-0.7503529,0.00551784680600084,0.1091078935421052
NMT1,-2.7773147,-0.2872827,0.005481010003652964,0.10843807953713629
DIPK2A,-2.781148,-0.60515076,0.005416706036943607,0.10739808107159966
CHD9,-2.781435,-0.17292823,0.005411917023976964,0.10736128725993543
CLSPN,-2.7815952,-1.0515424,0.005409244303871546,0.10736128725993543
ZGRF1,-2.7851527,-0.69922227,0.0053502529007867115,0.10625317765691505
PDIA5,-2.786976,-0.3510777,0.005320240939904635,0.10577193842555653
CDK1,-2.7916446,-0.7327643,0.005244092275792518,0.10448504158208054
AL157938.3,-2.792465,-0.69079876,0.005230813689147687,0.10427723956236083
AL020995.1,-2.7940087,-0.38477972,0.005205908141276308,0.10389391705499135
STXBP5L,-2.7994268,-1.0572784,0.005119343715346948,0.10233342551693214
IQCK,-2.8006163,-0.8886235,0.005100513904694549,0.10201306525995912
TET1,-2.8122354,-0.42560086,0.0049198495063570375,0.09877751606262969
AC008735.2,-2.8163893,-0.2513965,0.004856678185563089,0.0975627213335865
HIBADH,-2.8174558,-0.24484144,0.004840578884860618,0.09729271156770097
ANO2,-2.8181195,-0.90801287,0.0048305834337887925,0.0971451561868701
DOT1L,-2.8217626,-0.5654024,0.004776052576272862,0.0961013195954717
ZNF83,-2.8255174,-0.5143746,0.0047204308794494415,0.09508667617981784
SCMH1,-2.8294327,-0.15233965,0.004663059136206102,0.09403450547894189
AFF3,-2.829526,-0.88803947,0.00466170087029872,0.09403450547894189
MDC1,-2.8313904,-0.934978,0.004634610669673164,0.09361555470237719
JCAD,-2.8319087,-0.6417942,0.00462710495918434,0.0935672202271304
NEDD4,-2.8348844,-0.56442386,0.004584227211936561,0.09290548182950724
ATAD5,-2.8369577,-0.3107293,0.004554565548074871,0.09235548677290213
SOCS4,-2.8393927,-0.2804907,0.004519951148094132,0.09175525899689035
CREB5,-2.840362,-0.97041416,0.0045062354618159136,0.09152759386122322
ZDHHC14,-2.8418462,-0.282572,0.004485312939254623,0.09115321426410797
RPL32,-2.845631,-0.45047024,0.004432353119773586,0.09012697585379612
ATP5F1B,-2.845728,-0.6568119,0.0044310039887284335,0.09012697585379612
RPS23,-2.8510714,-0.41147733,0.004357219129687931,0.08874712151681022
AC113383.1,-2.8515224,-0.7044159,0.004351040148875982,0.08867061274443755
AC005224.2,-2.8553147,-0.8361687,0.004299419203412864,0.08781419769202804
KTN1,-2.8594315,-0.09399849,0.004244011446642609,0.08682787197236788
DDX11,-2.8632312,-0.7666322,0.0041934452734215585,0.08588936231253635
H3F3B,-2.8659644,-0.29476532,0.004157410023651876,0.08524670267545227
TENT4A,-2.8675716,-0.5229132,0.004136352888705171,0.08486247313873205
HMBOX1,-2.8685336,-0.24828728,0.00412379427220707,0.08469977225423736
EXO1,-2.8738024,-0.81969917,0.004055625556199045,0.08339323088901195
DERA,-2.87513,-0.34518555,0.00403861280374623,0.08309008838106563
GMPS,-2.8763268,-0.85579824,0.0040233282233609205,0.08282218014805008
EMC3,-2.8766289,-0.31159714,0.004019479673227816,0.08278951914451958
XRCC3,-2.8814616,-0.80515265,0.003958355699946269,0.08171448221868775
RAD51B,-2.8847094,-0.21237524,0.003917751794708227,0.08096760781373
FAM126A,-2.8874762,-0.32608294,0.003883460354942276,0.08034965090516803
GK5,-2.8891132,-0.85909283,0.0038633006234228147,0.07997775232912809
RPL36,-2.891276,-0.3933682,0.003836811683262942,0.07951866646080964
TUBB,-2.8917346,-0.4998673,0.0038312154532370154,0.07949337687297506
AL513327.2,-2.8925138,-0.806844,0.0038217234168153877,0.07934140600048781
ARHGAP11A,-2.8932037,-0.8146616,0.0038133392088752264,0.07925725632256796
GRB14,-2.8973017,-0.7180693,0.003763876109410586,0.0782736531139414
SLC19A2,-2.8993638,-0.50876415,0.003739208207074898,0.07789343175136502
HNRNPM,-2.90115,-0.2670248,0.003717960124357496,0.07753906467897932
CARS,-2.911203,-0.65333456,0.0036004017336394908,0.07530188791596515
CAMK4,-2.9125826,-0.85832304,0.0035845345364172994,0.07501289226266986
TCF3,-2.9142418,-0.35209513,0.003565535283602209,0.07470785843365364
PHIP,-2.9152637,-0.19168337,0.003553882482973915,0.07467029435093472
NEIL3,-2.9160988,-0.8967053,0.0035443818573559303,0.07455627606958873
TXNRD1,-2.9191601,-0.47477716,0.0035097575892508253,0.07391290996787656
ACADSB,-2.924276,-0.788912,0.0034525821644021677,0.07279260357101597
IFNGR2,-2.9334605,-0.41067338,0.003352064136249761,0.07087746935348209
AC098484.4,-2.9347208,-0.4757986,0.003338479866176683,0.07063104137683975
POLG,-2.9363205,-0.67313856,0.0033213104954532315,0.07034912352088178
KPNA2,-2.9368687,-0.5569401,0.0033154458096258037,0.07030627582741253
FLNB,-2.938498,-0.4960369,0.003298066989369804,0.06997828978430388
UBE3C,-2.9391282,-0.17206508,0.003291368397867575,0.0698766674770018
XYLT1,-2.9444158,-0.25070256,0.003235650011518933,0.06877353430406763
LIG1,-2.946821,-1.4758469,0.003210591128994528,0.06828879501474741
MDN1,-2.9485958,-0.23275517,0.003192211618976778,0.0680478377787822
TAF15,-2.9503634,-0.19894592,0.0031740046696780164,0.06769915204830132
PDSS2,-2.9524403,-0.26981914,0.003152730572394631,0.06732385745636867
RUNX1T1,-2.9548528,-0.3791472,0.003128182237060629,0.06690032093770776
TANC1,-2.9584625,-0.17129633,0.003091779860772004,0.06620557379337995
SAE1,-2.958854,-0.40882888,0.0030878545666678113,0.06617012002026262
HJURP,-2.9619303,-1.7583996,0.0030571707382256777,0.06555097023421091
NCOA3,-2.9647417,-0.2763508,0.0030293710525295123,0.06506925463241355
MCM9,-2.966282,-0.3390205,0.0030142418292148404,0.06478230486852166
RDX,-2.9724233,-0.34512356,0.0029545911362126947,0.06364978821455022
SPAG1,-2.9729414,-0.99835235,0.0029496064837830657,0.06357982739278209
OTUD7B,-2.9754212,-0.41447836,0.00292586505589872,0.06310523683615148
AC018462.1,-2.976838,-0.32274866,0.0029123769558561914,0.0628884418650693
SSX2IP,-2.9832704,-0.47936332,0.002851858768070527,0.06165439029542195
GAS5,-2.9848888,-0.2501027,0.002836814610494619,0.06136539690231297
NPL,-2.9857688,-0.40538,0.002828664365509999,0.06122527761208248
CEP55,-2.9878085,-1.0220202,0.0028098559027871684,0.06089019295317534
SP3,-2.9927864,-0.38026103,0.002764430787509792,0.06003734771922036
MAN1A1,-2.9940133,-1.1692128,0.0027533396463317278,0.059842627313175516
PRKD3,-2.994043,-0.24220173,0.0027530704598764093,0.059842627313175516
P4HB,-2.9954898,-0.6194496,0.00274004373910005,0.05969544100881008
MAP4K5,-2.9969032,-0.3017579,0.0027273735750723694,0.05945479465230721
WBP11,-2.9973207,-0.5953172,0.002723639617203713,0.05940878047036537
FANCD2OS,-2.9977422,-1.6452928,0.002719877054311997,0.0593620870989108
ACSL3,-2.9989092,-0.4725346,0.0027094798701225993,0.059170449120738225
AC000065.1,-2.9996998,-0.2631737,0.002702458330286968,0.05905234468467661
RNF180,-3.0011466,-0.3280664,0.002689650633761043,0.05884273929843869
AP003025.2,-3.0026343,-1.3062943,0.002676537703466602,0.05862594643003058
DCAF7,-3.00363,-0.2862343,0.0026677955427729344,0.05846945189283364
DHX9,-3.0038276,-0.1941937,0.002666063314813125,0.05846649693557531
UCK2,-3.0052931,-0.22769485,0.002653250718535855,0.05822040140835182
STXBP4,-3.005994,-0.3898087,0.0026471414604192626,0.058121190517579746
LGALS8,-3.0067995,-0.4017898,0.0026401381873468084,0.05800221956487427
VWA8,-3.010476,-0.21595602,0.0026083841488457717,0.05740797849182447
MARK2,-3.0122585,-0.4437754,0.002593116212633833,0.05710628549856254
COLGALT2,-3.0184112,-0.8030218,0.002541038815872785,0.05606061585277867
BMPR1B,-3.0187654,-0.14915976,0.0025380697447413875,0.0560288846364774
MFHAS1,-3.020764,-0.7074188,0.0025213773066096413,0.055693983584320754
ARPC2,-3.0223637,-0.47517672,0.0025080895455908514,0.05556815100373533
SNTB2,-3.0262568,-0.68169093,0.002476020103500403,0.054924128368617126
KIF23,-3.02632,-0.79040694,0.0024755010184153623,0.054924128368617126
RPL6,-3.0292435,-0.27709997,0.0024516699405676,0.054516143070908095
IPO9,-3.030817,-0.3171029,0.002438929588861483,0.05426581269417576
PSMA7,-3.0329053,-0.44226894,0.0024221165096285596,0.053957325848396166
ADAM10,-3.0357728,-0.22622623,0.002399201385613391,0.053511986541642735
RPL10,-3.0439165,-0.30977923,0.0023351991330097647,0.05227561068335804
U2SURP,-3.0441105,-0.3097601,0.0023336945067632536,0.05227561068335804
MT-ND5,-3.0464933,-0.33772627,0.002315277312211677,0.05192491722074729
PA2G4,-3.0505874,-0.3851342,0.002283941480312739,0.05128499516621261
OSBP2,-3.051035,-1.0218215,0.002280540454132798,0.05124006210050002
AC096576.3,-3.0533953,-0.2106961,0.002262676701226936,0.050901186196439505
RPS3A,-3.053496,-0.41485736,0.002261917598659682,0.050901186196439505
DPY19L1,-3.0555058,-0.61063063,0.002246812399898512,0.0506688728580933
ZNF804A,-3.0585449,-0.9766949,0.0022241479128949347,0.050188679260090935
RCC2,-3.0599022,-0.4801591,0.0022140932128833727,0.049992613007245106
CDCA7,-3.0631948,-0.778559,0.0021898751332991946,0.049537465855305204
CEP78,-3.0762718,-0.72241724,0.0020960666811540296,0.047621437986914116
STAG1,-3.0784047,-0.15413749,0.002081120661060641,0.047370085395199324
XRCC5,-3.0799186,-0.19685994,0.002070571508713356,0.04718865989440694
BASP1-AS1,-3.0860863,-0.6205156,0.0020281004309638338,0.046249535123805155
LINC01515,-3.0876932,-0.30748895,0.0020171653641305695,0.0461150964975284
GABBR2,-3.0883794,-1.9373075,0.002012513530238873,0.04603750482517061
EXOC5,-3.090255,-0.16378608,0.0019998470284182373,0.04580500693813261
LIMD1,-3.0905197,-0.42762023,0.001998065017182887,0.04579284764803434
SASS6,-3.0941331,-1.0007114,0.001973889562565639,0.04526712523776
PTPN14,-3.0963256,-1.2978549,0.0019593508303793502,0.04499008766795144
ZNF680,-3.099853,-0.46935144,0.0019361664662945288,0.04451358595028018
CACNG5,-3.107762,-0.8826886,0.0018850981292449765,0.04342131946412548
USP37,-3.109783,-0.5001627,0.0018722481260520273,0.043234166348031705
CEP97,-3.1102529,-0.85799897,0.0018692724060927748,0.043192701600632356
DDAH1,-3.1129153,-0.7040641,0.0018524919032433993,0.04283200009514318
RPL35,-3.1152048,-0.32418162,0.001838172410371072,0.04255467956482708
INCENP,-3.1157978,-0.96410394,0.0018344808832756623,0.04249609798023577
TEX2,-3.1257238,-0.26605836,0.001773679970595437,0.04132301757082342
BUB1,-3.1347814,-0.92000073,0.0017198228706483524,0.04024759391854242
FAU,-3.1348746,-0.4026504,0.001719276461518105,0.04024759391854242
RPS19,-3.1365936,-0.33863166,0.001709229250086942,0.040050896147523794
APOLD1,-3.137783,-1.3474591,0.0017023084844091916,0.039914281126112
ITGAV,-3.1390285,-0.6846483,0.0016950899194494715,0.039770503937032124
BRCA1,-3.1394236,-0.53982395,0.0016928048901671741,0.0397423680468305
ATP5F1E,-3.1395655,-0.4809438,0.001691986418904998,0.0397423680468305
PDS5A,-3.1409152,-0.22167242,0.0016842076343260054,0.039591318962084864
TRAF3IP2-AS1,-3.141758,-0.23619224,0.0016793679607031422,0.039502922062786446
PDS5B,-3.1429884,-0.33117512,0.0016723241570008218,0.03936253149221034
ZNF608,-3.144066,-0.85102165,0.001666177827906342,0.039243098249163465
RPS11,-3.1475637,-0.49848917,0.0016463717578486972,0.038826580353750105
RNASEH2B,-3.14957,-0.46774742,0.00163510976838186,0.03858584953742389
RAB26,-3.1502597,-0.6307162,0.0016312535611361738,0.038519684897512965
AL354733.3,-3.1505692,-0.2122299,0.001629526200273112,0.03850373689877093
ESCO2,-3.1511772,-1.4265932,0.001626138811382993,0.03847828445200639
PIK3CB,-3.1530004,-0.39511004,0.0016160154899649414,0.03833297663526041
HADHA,-3.154037,-0.37519762,0.001610286203248441,0.0382218452173127
WDR62,-3.156897,-1.334107,0.0015945759527439024,0.03787350710342607
TMEM120B,-3.1575906,-0.22814268,0.0015907874829606543,0.03780806017132656
NPHS1,-3.1597347,-1.6078477,0.0015791281555411593,0.03755534088431577
NEK7,-3.1648917,-0.35249636,0.0015514063994153495,0.036968115641276826
IQGAP2,-3.1674087,-0.72657955,0.0015380396376347104,0.03667347803066321
AC110296.1,-3.1741767,-0.2361226,0.0015026221845079847,0.0358991348401937
BICD1,-3.181254,-0.18388426,0.0014663900103341703,0.035144217639346366
RAD51AP1,-3.1846473,-0.9394902,0.0014493055125461235,0.034829961303152114
H2AFZ,-3.1864483,-0.5626437,0.001440312297267591,0.03468215157387572
DDB2,-3.1906283,-0.50815827,0.001419637722841993,0.034229354607206705
CAMK1D,-3.1906843,-1.0691854,0.0014193629426415026,0.034229354607206705
MAPK10,-3.1954832,-0.4643507,0.0013959685621773915,0.03375587257581226
FRMD4B,-3.197456,-0.84938234,0.0013864562130685243,0.033584171975195934
C21orf58,-3.2022176,-0.7688859,0.0013637392972281894,0.03307768192037704
GPR155,-3.2028105,-0.7252189,0.001360934963369694,0.033049946779338396
ARMC9,-3.2076283,-0.2837926,0.0013383440000868144,0.032547992523041525
TBC1D1,-3.2106001,-0.83589303,0.0013245813118177882,0.0322561547530558
SSTR2,-3.217297,-0.74025965,0.0012940451460874292,0.0316177212229279
EWSR1,-3.2173195,-0.3891904,0.0012939442301097609,0.0316177212229279
SLTM,-3.219098,-0.2822863,0.0012859446137045555,0.03146180401483986
ARID2,-3.2200565,-0.20021668,0.0012816534957782104,0.031398794912301395
ALDH2,-3.2231553,-0.70054376,0.0012678686282998255,0.03109969729533724
STIL,-3.225385,-1.1698654,0.0012580336640423708,0.030923633403367908
SUPT16H,-3.2274246,-0.48966318,0.0012490991996795763,0.030724650408247428
ARID1A,-3.2320485,-0.31704244,0.0012290620956011983,0.030272477631964646
HNRNPD,-3.235136,-0.24510518,0.0012158482196320403,0.030007593180547746
TLE4,-3.2379065,-0.27224314,0.001204102673449015,0.02975784061506239
IGSF9B,-3.2434626,-0.49757528,0.0011808635898594437,0.029242752538867052
NCL,-3.2443016,-0.26981166,0.0011773905669115827,0.029176487569079784
ALDH7A1,-3.2456288,-0.60939866,0.0011719147489406827,0.02906046864903654
ANP32E,-3.2514124,-0.56819993,0.0011483315385051244,0.028533660991735276
NUP107,-3.2514684,-0.4067253,0.0011481056180216633,0.028533660991735276
HAUS6,-3.2519605,-0.5636202,0.0011461192885090427,0.028517411338354504
RPL8,-3.251979,-0.4789252,0.001146044111230741,0.028517411338354504
MAP3K21,-3.252203,-0.53731936,0.001145142339337338,0.028517411338354504
GLI2,-3.2529933,-0.28801826,0.0011419613288224607,0.028476131007715365
ADAR,-3.2564502,-0.45399034,0.001128147622390246,0.0282044611523944
HMGN2,-3.2577105,-0.560897,0.001123149459296123,0.02809869675987519
SSBP3,-3.2592132,-0.5662599,0.0011172168706263697,0.027969394447192722
PELI2,-3.2636318,-0.18454164,0.0010999398499133956,0.027555714200328676
SLC35F1,-3.2674801,-0.36440128,0.0010850951643265265,0.027239758648501502
GALNT15,-3.2684495,-1.0895143,0.0010813845593662167,0.027165241082610085
MPP4,-3.27015,-0.8473512,0.0010749050583976148,0.027058184348288238
RTKN2,-3.2723424,-0.8454528,0.0010666029214289803,0.026867676205934003
GAS2L3,-3.2758439,-1.4243352,0.0010534678314528805,0.026555079957993718
MDFIC,-3.281299,-0.87412256,0.0010333007682311922,0.0260826492538137
ANKH,-3.2838237,-0.38459826,0.0010240899464897366,0.025885853681955003
CGGBP1,-3.284204,-0.307758,0.0010227088061903237,0.025868807888992422
SETBP1,-3.2877352,-0.6037177,0.0010099679221627577,0.02556420188041431
STIP1,-3.2940369,-0.5067413,0.000987595156798075,0.025102062731921067
JADE1,-3.2994325,-0.48118743,0.0009688048813501053,0.02465871172621363
KIF2C,-3.3013828,-1.2061046,0.0009620952271715539,0.02452203858614627
SMAD3,-3.3020837,-0.3299568,0.0009596938782743789,0.02447787849388191
CHAF1A,-3.3036313,-1.060035,0.0009544126676393049,0.024394174614711033
WASF3-AS1,-3.3049662,-0.49322346,0.0009498784686137657,0.024329252505061186
CAMK2D,-3.3054845,-0.24500883,0.0009481233674322304,0.024301304881923714
INPP4A,-3.306223,-0.47549206,0.0009456284819976353,0.02425434342648595
TRMT9B,-3.308531,-0.5271786,0.0009378679858150758,0.024072164199731832
COMMD3,-3.310332,-0.4454884,0.000931853569246266,0.02395138517414507
SLC16A1,-3.312137,-0.35746384,0.000925862562884404,0.023830868962118192
NUF2,-3.3151312,-0.34862977,0.0009160016047072074,0.023610263897104578
PNPT1,-3.3156419,-0.30172083,0.0009143289750212755,0.023583759559375406
NUP54,-3.3174393,-0.41314116,0.0009084667185878688,0.02344907642245034
GAB2,-3.3184648,-0.4763235,0.0009051376958281529,0.023379636418494158
SLC38A11,-3.3195348,-0.3775199,0.0009016754660484793,0.0233066551785596
ELOVL6,-3.3203776,-0.34548137,0.0008989577536144664,0.02326463497795862
RFC1,-3.3235695,-0.50724816,0.0008887328074940405,0.023053514873911676
EFR3A,-3.3243265,-0.381477,0.0008863238331680882,0.023007332353039145
TFDP1,-3.3260193,-0.53881276,0.0008809581650771886,0.02290053252840212
DCP2,-3.3301284,-0.49715596,0.0008680590220426382,0.022581256763171714
HACD3,-3.3344018,-0.3436605,0.000854830769752974,0.022268797867422495
FANCB,-3.338757,-0.9763352,0.0008415411294750877,0.02196950562048337
CCNJL,-3.3400176,-0.7782783,0.0008377312303282056,0.021901286258030467
RALA,-3.3422697,-0.37674168,0.0008309628215467107,0.021755415043942176
ACLY,-3.3549552,-0.51638865,0.0007937782334052067,0.020834159499967773
ABHD17C,-3.3559732,-0.58958733,0.0007908622358830349,0.020809740255611043
PEG10,-3.3579533,-0.28724253,0.000785218916352699,0.020705906021199667
SMC2,-3.359896,-0.8451547,0.0007797182225780457,0.02057567892183061
PRDX1,-3.359911,-0.42851982,0.0007796761294739092,0.02057567892183061
FOXO3,-3.360914,-0.22802463,0.0007768502042652586,0.020559287293067774
XPO7,-3.363099,-0.51537645,0.0007707269861668984,0.020411995962876014
ENOX1,-3.3707395,-0.7040768,0.0007496671143405986,0.019897437311080676
AGO2,-3.3790102,-0.36387402,0.0007274733647573522,0.01933642165830345
MTFR1,-3.3868296,-0.41249606,0.000707053129916815,0.01883468093747114
FBXL14,-3.3902786,-1.5733762,0.0006982160247701722,0.018626388281787955
MLLT10,-3.3940897,-0.14051926,0.0006885716350581411,0.018382502126012418
NDRG1,-3.3973262,-1.0971116,0.0006804779019360798,0.0182213223917705
PRSS48,-3.3975575,-0.49056754,0.0006799031755547817,0.0182213223917705
XPR1,-3.399336,-0.28330225,0.0006754965572150249,0.018125989362629855
EOGT,-3.4052315,-0.82097554,0.0006610800962598954,0.017765192807054648
RAPGEF2,-3.4127524,-0.41108656,0.0006431031825864296,0.017340594420635028
MT-ATP8,-3.4147959,-0.7369021,0.0006382981692356796,0.017228872634362173
PRR11,-3.4169662,-1.1670712,0.0006332316154876717,0.017117363632543774
MDH1,-3.4207957,-0.6431921,0.0006243822976560592,0.016915630256483658
ZNF43,-3.4233088,-0.5594834,0.0006186373435328584,0.016797288880301298
KIF15,-3.424696,-0.9503284,0.0006154876405654754,0.016724174560012593
ZFAS1,-3.425315,-0.3478545,0.0006140869485543538,0.016710926694451973
AC004943.2,-3.4336715,-0.5654583,0.0005954656344433894,0.01623658424627186
STMN1,-3.4338913,-0.54645395,0.000594982557803653,0.01623658424627186
FARS2,-3.436401,-0.22770645,0.0005894979613817232,0.016101652898904813
TOP3A,-3.4371428,-0.9294907,0.0005878852541044608,0.016069595358832987
TRAK2,-3.4487584,-0.7382331,0.0005631704909463024,0.015486553823535396
CBX3,-3.4510963,-0.43495786,0.0005583142745609895,0.015364556964817123
OSBPL1A,-3.4524276,-0.21916823,0.0005555667062521171,0.015303621587050297
RPS8,-3.4534864,-0.49681497,0.0005533899658660756,0.015263471093190832
DLGAP1,-3.4587367,-0.37054193,0.0005427150767966382,0.014991633604402834
CLIC4,-3.4591916,-0.3403273,0.0005417992112272476,0.014988959130860537
SRBD1,-3.4627826,-0.24674436,0.0005346202601026543,0.014823966772740341
INSR,-3.47049,-0.3176305,0.0005195095013265213,0.014437788350836755
GMDS,-3.4711165,-0.18475105,0.0005182989980776222,0.014415092422978002
YWHAQ,-3.4719594,-0.37605378,0.0005166747297090242,0.01438084546165779
AC017101.1,-3.4802074,-1.0840073,0.0005010255920071666,0.013977162875803585
AC123768.5,-3.4809644,-1.0137273,0.0004996117981672222,0.013948353489487794
AC093766.1,-3.4887316,-1.2614536,0.0004853180915349746,0.01355963928875695
MAT2A,-3.4967637,-0.28674865,0.000470938947637199,0.013188092136548677
PARD6B,-3.5024874,-1.0961492,0.0004609355825897377,0.01293765587298082
AP003025.1,-3.5034943,-1.6744045,0.0004591966698779082,0.012898739304836008
HSF1,-3.5079017,-0.6644279,0.00045165590846960393,0.012706424216676383
E2F7,-3.5288281,-1.2031496,0.0004174042751590505,0.011788127990043525
SLC3A2,-3.5304613,-0.590063,0.0004148357435844499,0.011733696329933888
TNPO3,-3.531125,-0.34540197,0.00041379613578198897,0.011713342896950177
CCDC138,-3.5341976,-0.30962184,0.00040901519666503434,0.011595945168967408
RPS27A,-3.5344436,-0.3379145,0.00040863449777986253,0.011594132754450193
MAPK1IP1L,-3.5353312,-0.23857191,0.0004072644215617046,0.011564224277408806
DENND5A,-3.539888,-0.4023086,0.00040029715115817135,0.011392905155163476
ARHGAP19,-3.5406,-1.0788927,0.000399218274874247,0.01137104130635978
CDK6,-3.5435832,-0.122018635,0.0003947288727827517,0.011260694834545202
KNL1,-3.5482888,-1.1461723,0.00038774263306731797,0.011087318838200707
RGS3,-3.5497394,-0.7427178,0.00038561259603235934,0.011035032546818127
TAX1BP1,-3.5570705,-0.31728283,0.00037501370949782984,0.01076539355398437
GAB1,-3.5615003,-0.566664,0.00036874174320131084,0.010593655057230126
AC055733.2,-3.5732386,-0.52506584,0.0003525930795631004,0.010153626518559434
LNPK,-3.5742419,-0.47826606,0.00035124428384540607,0.010122749632303706
PPM1D,-3.5743425,-0.44442028,0.0003511091696900986,0.010122749632303706
RPS2,-3.5891013,-0.29092777,0.0003318199635691453,0.009623567738981209
CALM2,-3.5907755,-0.35788122,0.000329695529641118,0.009577131809836952
G3BP1,-3.5963278,-0.3274808,0.0003227411019886224,0.009390021521371675
RGS20,-3.5981586,-0.64092046,0.000320478135992429,0.009331599248575094
CACNB2,-3.6011305,-0.16727278,0.00031683644408400034,0.009240263497943024
ODC1,-3.6045573,-0.5767083,0.00031268540111446206,0.00913375767453346
AHI1,-3.60719,-0.55228335,0.00030953110227629224,0.009048840155283204
NHSL1,-3.6094682,-0.37545973,0.0003068253228115531,0.008976909384672785
ITGB3BP,-3.6134207,-0.54572904,0.00030218364432729863,0.008855263063269381
MSH5,-3.6151772,-0.6672886,0.00030014233599628064,0.008802491698557586
MIS18BP1,-3.6250734,-0.67786187,0.0002888792706767982,0.008499413332830781
PVT1,-3.631379,-0.16107954,0.0002819108230204455,0.00830774398822168
MUS81,-3.6388443,-0.52747726,0.00027386444494864625,0.008096698343752344
RP1,-3.6584542,-0.6685382,0.0002537410545656418,0.007513896713719301
GALNT13,-3.6615753,-0.1792654,0.00025066918916479176,0.007435394861898126
SRSF10,-3.6703494,-0.4486864,0.0002422192733745625,0.007219436176532868
ADGRB3,-3.67133,-0.62849325,0.00024129159234949224,0.007197647572602906
LIN54,-3.6743913,-0.65776104,0.00023841707387632275,0.0071235129150590114
ZNF385D-AS2,-3.6760693,-1.1414027,0.00023685517876835348,0.0070839729952462075
RNF111,-3.6811852,-0.17584625,0.00023215218704551748,0.0069590517592571545
FLRT2,-3.6815135,-0.85988736,0.00023185354808526933,0.0069557964864499534
NRF1,-3.6840975,-0.40316257,0.00022951433365598308,0.006896924569903643
RPS12,-3.6847353,-0.46418563,0.000228940541684477,0.0068853350584992135
SDK1,-3.691559,-0.32049713,0.00022288368433184241,0.0067142104775553615
MOB3B,-3.6940684,-0.45262188,0.00022069429688297565,0.006664712838460225
SLC25A12,-3.697089,-0.36299118,0.00021808599872684273,0.006596831106943117
SLC24A4,-3.7000644,-0.5766653,0.00021554466675774629,0.006525351818031656
IGFBP2,-3.7033348,-0.5375083,0.0002127838336157192,0.006456526221225002
SOX4,-3.7048075,-0.39760226,0.00021155123433629484,0.006425715126923426
MIR181A2HG,-3.7102742,-0.20508899,0.00020703495283285093,0.006293759392554134
ZNF367,-3.713578,-1.1951641,0.0002043495377415201,0.006217287972466648
LIMS1,-3.7164266,-0.3803727,0.0002020602038030067,0.006152750016134649
FSD1L,-3.7164788,-0.47052792,0.00020201847833623031,0.006152750016134649
PTGES3,-3.716628,-0.34298155,0.00020189930731468256,0.006152750016134649
FAM135A,-3.7200437,-0.3563638,0.00019918829659277447,0.00610082915781769
LRP8,-3.7281651,-0.4841679,0.00019287895963102612,0.0059224520146436135
CFDP1,-3.7302794,-0.3321171,0.00019126752942063383,0.005881035930053546
NAP1L4,-3.7352314,-0.40845686,0.00018754270009902656,0.005777988523842148
TAF3,-3.737931,-0.38742626,0.0001855408221753946,0.005725952472547739
IGSF11,-3.7397172,-0.76070464,0.00018422743506734236,0.005691737542524264
BAZ2B,-3.746772,-0.2487123,0.0001791246507628617,0.00555134745348984
GTF3C3,-3.7479467,-0.6086856,0.00017828810006225023,0.005530104025744425
FANCD2,-3.749509,-0.9307541,0.00017718104704038891,0.0055004270591393345
SLC1A3,-3.7570302,-0.43036124,0.00017194173288381055,0.005355948395983276
ARHGAP22,-3.7602036,-0.5050739,0.00016977520212585996,0.005292966075816525
MCM8,-3.7608225,-0.9209971,0.00016935559275740273,0.005284385379807073
FOCAD,-3.7634587,-0.3305493,0.00016757936248200825,0.005233423418262785
GNB5,-3.7649913,-0.79784405,0.00016655485782635156,0.00520587049641528
EXTL3,-3.769645,-0.46936208,0.00016347994568062169,0.005114127770817465
SLC1A7,-3.7738063,-0.5773424,0.00016077557733700326,0.0050511132241301765
ZNF385D,-3.7796159,-0.36664063,0.00015707046612055682,0.004938948565703178
PPFIA2,-3.782845,-0.31432825,0.00015504591398622148,0.0048836794301288225
G2E3-AS1,-3.7869916,-0.39026496,0.00015248226538490658,0.004811209823580143
OSBPL3,-3.7916713,-0.3355484,0.00014963688563441688,0.004737767864277934
MAP1B,-3.792432,-0.43263212,0.00014917911985507147,0.004727363606766641
AC023424.3,-3.7930472,-0.20825797,0.0001488098329160236,0.00471974756894227
SALL1,-3.7991774,-0.78573775,0.00014517710478725596,0.004616531027209692
AFF2,-3.8004975,-1.1446244,0.00014440587946719022,0.004595999647285764
HSP90AB1,-3.805785,-0.26252308,0.00014135513219255434,0.004510670613234247
EPN2,-3.8080373,-0.3346449,0.00014007418376331987,0.004477602794691066
AL078459.1,-3.8138282,-1.0440245,0.00013683063318784263,0.004381573058012448
CENPI,-3.8172886,-1.35405,0.00013492635002267922,0.004324377703310054
LMNTD1,-3.8242502,-0.75990736,0.00013117060747268075,0.0042113819334277085
LIN52,-3.8249476,-0.5972259,0.0001307999065927631,0.0042031671476749095
NOP56,-3.828822,-0.34983364,0.00012875815308431462,0.004141192584392794
BCL2,-3.828874,-0.73657733,0.00012873084769596336,0.004141192584392794
PEAK1,-3.832148,-0.33927983,0.00012702927127885934,0.004092780244786559
ELOVL2,-3.834527,-0.56918347,0.0001258061413226427,0.004056943241013256
MPHOSPH9,-3.835612,-0.38103563,0.0001252519501119744,0.004042633709037367
FMNL3,-3.8431928,-0.8116994,0.00012144394752214332,0.003926651875669583
ENOSF1,-3.8434875,-0.37630057,0.00012129819921562528,0.003925407064094695
AC011447.3,-3.8451207,-0.82639486,0.00012049311358049451,0.0039028039381944065
ESR2,-3.8455384,-0.3699814,0.00012028805728157778,0.0038996130952728327
PKN3,-3.846038,-1.3236572,0.00012004315438784556,0.0038951236646715738
AC007098.1,-3.853559,-0.4252005,0.00011641314750891293,0.003784047612765295
SPC25,-3.8614008,-0.9921267,0.00011273874820010389,0.0036743997532252917
ZNF107,-3.8618298,-0.7411972,0.00011254100661505709,0.0036712240491245138
SORCS2,-3.865137,-0.24467483,0.00011102677364199936,0.0036250588243272245
FOXP2,-3.8707006,-0.17423338,0.00010852299195362471,0.003549642563444699
AFAP1,-3.874053,-0.7191741,0.00010704016770912979,0.003504272968087531
NUP85,-3.8838487,-0.69211,0.00010281594867148262,0.003372013026276824
ANK3,-3.8840985,-0.58363485,0.00010271029856994702,0.003371569182025678
NDUFAF6,-3.8867645,-0.3603558,0.00010158920158098185,0.0033407604376150197
CNKSR2,-3.8909185,-0.53493387,9.986547556817171e-05,0.0032899876429078783
AP001831.1,-3.9015272,-0.48904786,9.55877619030449e-05,0.003160440536055417
NUP155,-3.9068854,-0.5677439,9.349344700761654e-05,0.003099595701019722
PDE8A,-3.9230015,-0.29704332,8.745258272387282e-05,0.002907222507063096
ORC3,-3.9318948,-0.48586693,8.427891788315496e-05,0.002811934980347634
AC023590.1,-3.932335,-0.39800215,8.412475863612329e-05,0.0028093524551466684
STK24,-3.9331665,-0.6552,8.383415116358519e-05,0.002804765783124663
MT-ATP6,-3.9352994,-0.44542578,8.309306810203772e-05,0.002782515448858813
RPL22,-3.9359853,-0.40381682,8.285599685982317e-05,0.002777117528449073
ADD3,-3.9370184,-0.89580363,8.250030679524019e-05,0.002767730274072031
TRA2B,-3.9482236,-0.40061843,7.873326933256879e-05,0.002648636388640947
PHGDH,-3.9523327,-1.0083054,7.739302298786519e-05,0.0026091576757171046
KIF14,-3.9526274,-0.8301902,7.729777690788952e-05,0.0026091576757171046
C1GALT1,-3.9576874,-0.52330375,7.567891670036503e-05,0.00256237190578174
ATP8A1,-3.9595146,-0.26803672,7.510228033288963e-05,0.0025458779994938343
STARD4-AS1,-3.9626877,-0.44124836,7.411067784710663e-05,0.002523278995239023
NOP58,-3.9639444,-0.28477556,7.372143172073863e-05,0.0025123632424681143
BAZ1B,-3.9665434,-0.3553901,7.292250030438466e-05,0.002487452407866527
MDM2,-3.9715774,-0.33887523,7.139830721012859e-05,0.0024400088162445533
KCNT2,-3.9789195,-0.28250027,6.922918147531241e-05,0.0023703061470326564
MT-CO3,-3.9921458,-0.346598,6.547811289299233e-05,0.0022545290780775283
TXLNG,-3.9955764,-0.4871136,6.453707509119789e-05,0.002224219854437791
EPRS,-4.0072885,-0.5507087,6.14197933431518e-05,0.002126798350191768
CNTLN,-4.008486,-0.43538746,6.110937287729106e-05,0.0021180531786758805
TMBIM6,-4.0099583,-0.6299709,6.0729429708776544e-05,0.002106879485090929
DEPDC1B,-4.0193105,-0.7105116,5.836872312050612e-05,0.0020326866174440006
NECTIN1-AS1,-4.020645,-1.0695449,5.803892256147795e-05,0.002023382515554123
FRAS1,-4.022193,-0.28832904,5.76588206569451e-05,0.002013712304260351
KIF21B,-4.030911,-1.2069799,5.556110450723359e-05,0.0019441605985365742
DBF4,-4.0375185,-0.5366401,5.4019601691092274e-05,0.0018938423769115597
TRAF3,-4.038891,-0.4770781,5.370459265514299e-05,0.0018846038310363267
OVOL2,-4.042873,-0.62993234,5.2800207620891206e-05,0.0018546452966720145
BICC1,-4.0452595,-0.5353937,5.226518938151565e-05,0.0018376159428941925
CENPU,-4.049831,-1.1845722,5.1254610006449285e-05,0.0018055533983118866
NDC1,-4.0611744,-0.57634276,4.882650267899278e-05,0.0017266655309698693
PELI1,-4.0627217,-0.84712124,4.850383132373803e-05,0.0017169136656481003
MT-ND4L,-4.063766,-0.44640324,4.828726857209838e-05,0.0017125603846970666
PRC1,-4.066391,-0.822894,4.7746810662371886e-05,0.0016966805990810423
CENPK,-4.071783,-0.93356174,4.665465770521706e-05,0.0016627138526471759
SH3D19,-4.079908,-0.2564369,4.505351749719855e-05,0.0016103552674950822
MED27,-4.097538,-0.3616257,4.175674881839245e-05,0.001504270436517699
KPNB1,-4.100163,-0.33432946,4.128588931464252e-05,0.0014887732362613112
KIF11,-4.110686,-0.7532365,3.944853157535729e-05,0.001423920812810308
PKN2,-4.1157722,-0.24734995,3.858853164394734e-05,0.0013956312714428032
MKI67,-4.1173534,-0.7321321,3.832484642826752e-05,0.001388273692001212
PLCB1,-4.1251464,-0.8945471,3.704988055648857e-05,0.0013479748292724036
TBC1D9,-4.127164,-0.37503052,3.672647444136e-05,0.0013388702101874673
SLC44A1,-4.1370716,-0.86176366,3.517666722759721e-05,0.0012862149822150705
CAPN2,-4.1393833,-0.47038022,3.482407034760187e-05,0.001274595798792576
BTRC,-4.1422396,-0.22130138,3.439307681127143e-05,0.0012613436917528512
CLMN,-4.1531243,-0.66072136,3.279667246885847e-05,0.0012125161707400899
HMGB1,-4.1557345,-0.27472484,3.242444356033992e-05,0.0012011812335546573
RBM4,-4.1642885,-0.42230907,3.123252435219265e-05,0.0011593728436253582
HADHB,-4.165761,-0.5908383,3.1031538053016524e-05,0.00115308154749082
RACGAP1,-4.167439,-0.9825643,3.0804064038669826e-05,0.0011469578310064643
ASXL3,-4.1738677,-1.2970407,2.994716454307063e-05,0.0011161875452555276
RAB28,-4.1750684,-0.3475652,2.9789648744722912e-05,0.0011114484543380259
MT-CO2,-4.176713,-0.33440566,2.957519790644193e-05,0.0011045732842588582
PHACTR2,-4.1962485,-0.45763475,2.713726948333466e-05,0.001016633777235959
LRPPRC,-4.1976204,-0.2572206,2.6973408233157023e-05,0.001011530445432152
SET,-4.2011294,-0.4542843,2.655867242122676e-05,0.0009969989428608417
LAMA1,-4.204131,-1.4413354,2.620869694088662e-05,0.0009848711670774038
SLC6A6,-4.208919,-1.0591607,2.5659536824407097e-05,0.0009682110384640456
SCARA3,-4.209609,-1.00546,2.5581321154497186e-05,0.0009662558674672359
POLA2,-4.2129164,-0.9403193,2.520944846898632e-05,0.0009541789280386436
RBMS3,-4.2332835,-1.0498456,2.3030407012525457e-05,0.0008744148621010832
CSRNP3,-4.23413,-0.5500156,2.2943843351104355e-05,0.0008720328250194916
TMPO,-4.2523155,-0.5093051,2.115716042164642e-05,0.0008100138374400425
PPM1G,-4.257025,-0.5590372,2.071652538377582e-05,0.000793974393268669
FIGN,-4.257536,-0.33875942,2.0669257635957285e-05,0.000792993185255422
WIPF1,-4.257786,-0.8568778,2.064617869740806e-05,0.0007929389155339269
ZNF827,-4.261022,-0.78326803,2.0349395071449152e-05,0.0007823615640862504
CCDC6,-4.2629204,-0.5148106,2.0177253676548206e-05,0.0007765590555366361
MFSD6,-4.26449,-0.67858183,2.003592209140995e-05,0.0007719313520712584
GTPBP2,-4.265441,-0.78391623,1.9950776398419768e-05,0.0007694608713999599
MT-ND2,-4.2693114,-0.5199712,1.9607726140856754e-05,0.000757027831731538
KIF7,-4.2731075,-1.0884125,1.9276746991397354e-05,0.0007458226391460196
PHLDB2,-4.283224,-0.7687015,1.8420466128994103e-05,0.00071496021292398
CA4,-4.287661,-0.52390385,1.805642054878461e-05,0.000702319924023449
AL157829.1,-4.3080955,-0.8229889,1.646664099369622e-05,0.0006452842901608943
RPS28,-4.314099,-0.35715273,1.602552756288736e-05,0.0006293458522845926
AJ011931.2,-4.316802,-0.6055291,1.5830588767579892e-05,0.000623697932704189
PSMA1,-4.3274145,-0.34437728,1.5086985621231265e-05,0.0005956836685250113
GNG12,-4.3556457,-0.66121817,1.326752323462282e-05,0.0005278311064243802
ASTN2-AS1,-4.3610935,-0.47865942,1.2941401439972446e-05,0.0005154170120831681
AL157938.2,-4.38026,-0.41083145,1.1853785781258202e-05,0.00047416438620746603
GLG1,-4.383653,-0.3289296,1.1670554881782202e-05,0.00046785758951600255
ZNF730,-4.3840594,-1.1989554,1.1648789626429561e-05,0.0004674970933299872
OXCT1,-4.3865056,-1.1650819,1.1518614772225605e-05,0.00046278026265447785
BCL11A,-4.387561,-0.35406774,1.1462886803429043e-05,0.00046104738449703997
GPC3,-4.3889146,-1.1251848,1.1391782057779864e-05,0.00045869154576105696
FADS2,-4.391588,-0.7968324,1.125257074235354e-05,0.00045358517812872455
AC069228.1,-4.405758,-0.38104355,1.054147071746779e-05,0.0004258591277373494
EEF1A1,-4.408737,-0.22493379,1.0397513258404465e-05,0.00042050760527167054
PDE7A,-4.4091363,-0.44942158,1.0378377992654082e-05,0.00042019802312957084
OXNAD1,-4.416594,-0.6768145,1.002683860436079e-05,0.00040731667009790155
ZNF536,-4.4251924,-0.7734133,9.635628946434333e-06,0.0003922955006323059
PDLIM1,-4.433698,-0.8040125,9.263031902224663e-06,0.0003775459138678451
MLXIP,-4.439071,-0.87756205,9.034785563182902e-06,0.00036906494017640337
AC008591.1,-4.4439077,-0.5323026,8.83395171343797e-06,0.00036126420856261805
SMC1A,-4.4453506,-0.6043902,8.774857856357347e-06,0.0003592489624167061
PRICKLE2,-4.447133,-0.47121757,8.702389892371922e-06,0.00035690392343979706
MAGI3,-4.458029,-0.65364987,8.271676440392186e-06,0.00033978858517934275
LRRC41,-4.47275,-0.7201644,7.721989839277393e-06,0.00031827989876958543
ADCY3,-4.4816327,-0.86384183,7.407421345233347e-06,0.0003060034183486295
ST5,-4.483754,-0.3542097,7.334112652607567e-06,0.0003036604719435402
CA12,-4.4878488,-0.98499966,7.194605327378061e-06,0.00029822168696190765
AC131571.1,-4.488434,-0.25339225,7.174866150364679e-06,0.0002980786333365467
HEATR1,-4.4911375,-0.34373662,7.084383783719824e-06,0.0002946540123499197
PRDM5,-4.491868,-0.4537949,7.0601103732850814e-06,0.00029397849803482055
TENT4B,-4.4958057,-0.34119463,6.93069395745025e-06,0.0002895780017541514
TACC3,-4.5100055,-1.1838608,6.482598233261046e-06,0.00027241053723948055
RPS7,-4.516169,-0.44305232,6.296836561519015e-06,0.0002652134809990304
LRCH1,-4.523832,-0.28709725,6.0729943894636565e-06,0.0002563756258924559
E2F3,-4.529142,-0.30951098,5.922372715052163e-06,0.0002503057318055707
AC011139.1,-4.5309615,-1.1374419,5.871582738204841e-06,0.0002484460113306767
ABCC5,-4.533191,-0.82967365,5.809912504590055e-06,0.0002461688914544089
MYO1B,-4.5338216,-0.48880166,5.792596630649556e-06,0.00024595687851323013
ADGRV1,-4.539094,-0.2170186,5.649640094371133e-06,0.0002401654786226223
THRB,-4.5525813,-0.4855876,5.299163572930798e-06,0.00022552870457306993
ARHGAP26,-4.5585437,-1.2333666,5.1509502624420425e-06,0.0002197318537944536
CDK5RAP2,-4.5669675,-0.49081084,4.948310100612857e-06,0.00021158072195389153
CLIP1,-4.569734,-0.5671852,4.883432246442641e-06,0.00020929567172370852
EBF1,-4.5774307,-0.60904115,4.70722027647137e-06,0.0002022171001632965
MAP3K20-AS1,-4.592417,-0.632307,4.381422013337263e-06,0.00018910899423367592
LRFN5,-4.615286,-0.48059502,3.925545976737462e-06,0.00017003421099948858
CACNA1C,-4.616546,-0.7517762,3.9017914785889245e-06,0.0001692055330661531
DDX50,-4.626301,-0.43586236,3.7225435934202156e-06,0.00016162374621918544
AC130324.2,-4.6318793,-0.6935604,3.623614412260703e-06,0.00015751533385172683
FADS1,-4.6422157,-0.7289031,3.4469280561172985e-06,0.00015001309605463644
NUSAP1,-4.645557,-0.78388274,3.3916057795716695e-06,0.0001477811465929794
EIF2AK3,-4.65247,-1.0639006,3.2798244765167445e-06,0.0001432516177386508
HNRNPC,-4.6559453,-0.22651482,3.224975480027732e-06,0.00014119297553169262
TEAD1,-4.6632876,-0.29405367,3.111976316216031e-06,0.0001365724761988285
PHTF2,-4.6741943,-0.50968754,2.9510981535202713e-06,0.00012982348980408108
ELOVL5,-4.6780314,-0.4450412,2.8964232315683765e-06,0.00012757158447489067
CNST,-4.6781096,-0.45446938,2.895317600866427e-06,0.00012757158447489067
MAP3K4,-4.694789,-0.4190613,2.6688233294520386e-06,0.00011840194264396857
RRM1,-4.716155,-1.0350605,2.4034321496220015e-06,0.00010675730595669282
XRCC2,-4.718038,-1.0769285,2.3812978981271546e-06,0.00010590265415474116
TRIM13,-4.7336698,-0.54706484,2.2049659812072417e-06,9.853963355087454e-05
TP53BP2,-4.7470636,-0.39636847,2.0639106270822494e-06,9.246168036944603e-05
TAOK3,-4.747735,-0.7269821,2.0570751736810456e-06,9.22683926861519e-05
MT-ND1,-4.7536597,-0.634155,1.9976692416911773e-06,8.982394584169382e-05
MT-ND6,-4.7551813,-0.61256176,1.9826838385155234e-06,8.925979234133662e-05
BTBD11,-4.757109,-0.39349633,1.9638500478737e-06,8.852078276136121e-05
ANO6,-4.76595,-0.5621986,1.8796563328033364e-06,8.493494004559865e-05
AC099845.1,-4.77434,-1.4954797,1.8029739693552237e-06,8.177280080838976e-05
PDE8B,-4.779736,-0.5656972,1.7552567044791515e-06,7.980639831135581e-05
ZFPM2-AS1,-4.780515,-0.27430776,1.7484656919129755e-06,7.959650844490898e-05
B3GALNT2,-4.7814326,-0.6390734,1.740504791232632e-06,7.933277193512523e-05
TCF20,-4.803041,-0.58629036,1.5627373228771657e-06,7.167637688549767e-05
NCAPD2,-4.81032,-0.9398472,1.5068892622831046e-06,6.928850991058281e-05
CBX5,-4.810879,-0.4704592,1.5026779823109462e-06,6.918178217680873e-05
HELZ,-4.8112597,-0.3552536,1.4998207778231524e-06,6.913720439433905e-05
SEPTIN9,-4.835736,-0.3949472,1.326540323145653e-06,6.145911692082791e-05
PLCL2,-4.837604,-0.8770094,1.3141367219048594e-06,6.096161997267397e-05
ZNF695,-4.8394346,-0.85040426,1.3020889762008845e-06,6.047938910904642e-05
DOCK4,-4.8437266,-0.3034788,1.2742617011174753e-06,5.933747140279989e-05
NCKAP5-AS1,-4.8471947,-0.4040804,1.2521961719048375e-06,5.845871439781755e-05
CSE1L,-4.857311,-0.5024191,1.1899066479750676e-06,5.5692804632398275e-05
ADAMTS19,-4.85922,-0.6191635,1.1784905864305803e-06,5.522910877585873e-05
BRCA2,-4.860995,-1.026004,1.1679717967512105e-06,5.480632786268084e-05
SSH2,-4.86893,-0.30028367,1.1220411679531824e-06,5.278641232423449e-05
PRCP,-4.8700747,-1.2091023,1.1155600877060603e-06,5.254905375821045e-05
RPLP1,-4.8780656,-0.28067622,1.0713122202004568e-06,5.059496589878312e-05
ABL2,-4.8788414,-0.35678443,1.0671085864904176e-06,5.046155216296612e-05
EDA,-4.902322,-0.4586894,9.471045040226426e-07,4.496105311508786e-05
BCOR,-4.917651,-0.66798556,8.758877036646315e-07,4.1851652535025034e-05
PPP3CC,-4.919012,-0.74244756,8.698200587905056e-07,4.161605747946574e-05
WNT5B,-4.933122,-1.8139246,8.092545484688664e-07,3.881982402163693e-05
TJP1,-4.9334655,-0.44802234,8.078338339587746e-07,3.880252776473111e-05
ALCAM,-4.9340024,-1.1409762,8.056149284960722e-07,3.879777894458518e-05
ABHD15-AS1,-4.93505,-0.55322254,8.013018734400744e-07,3.864090891934145e-05
SCAT2,-4.93668,-0.9692557,7.94638539296211e-07,3.837013875564726e-05
TRPS1,-4.9404273,-0.31610334,7.795162918587358e-07,3.7739518251748135e-05
SNHG1,-4.9510393,-0.51579493,7.38181431870384e-07,3.590822894715195e-05
SKA2,-4.9916096,-0.71437377,5.987825959109072e-07,2.929952111354962e-05
ZNF654,-4.99221,-0.5458087,5.969238734495068e-07,2.9247671609270947e-05
TBCD,-4.992493,-0.34491283,5.960483976504878e-07,2.9243924131910865e-05
POU2F1,-4.998407,-0.40030918,5.780585131596114e-07,2.8449624708090716e-05
GAREM1,-5.007677,-0.677847,5.509087965780814e-07,2.732223965251268e-05
NASP,-5.0154705,-0.81034255,5.290389193635035e-07,2.6273206903152774e-05
ATP2C1,-5.0439925,-0.5243359,4.559175838430662e-07,2.270345508331982e-05
FKBP5,-5.0440445,-0.53529096,4.557931446999976e-07,2.270345508331982e-05
PRC1-AS1,-5.06226,-1.2502903,4.143154843121754e-07,2.0773097316862924e-05
RNF19A,-5.0641317,-0.63890207,4.1026558373226003e-07,2.0626553063440177e-05
PRTG,-5.074058,-0.38856527,3.8942009493629844e-07,1.9605453775465553e-05
FRMD5,-5.0777535,-1.2707107,3.819239846906184e-07,1.9254545129010087e-05
GAPDH,-5.0818553,-0.54623514,3.737664470335042e-07,1.88953394031399e-05
CKAP5,-5.102446,-0.4874043,3.352916817631825e-07,1.6997244936584822e-05
LIPI,-5.1099296,-0.89500153,3.2227875474637746e-07,1.638295097565578e-05
WDPCP,-5.110191,-0.3367319,3.2183380639937514e-07,1.638295097565578e-05
CERS6,-5.11298,-0.2753985,3.1711609311864e-07,1.620650953256585e-05
GLCE,-5.115072,-0.33827624,3.136216969441496e-07,1.6054360461332612e-05
MCM3,-5.13847,-1.0219464,2.769839178604357e-07,1.4238607271923887e-05
IGF2BP3,-5.159926,-0.21682541,2.470472599965282e-07,1.2753422797084526e-05
GPM6A,-5.1971474,-0.5594435,2.0236968957055866e-07,1.0536177820728332e-05
BMP7,-5.2079463,-0.8713475,1.909421060100554e-07,9.955373250817717e-06
NCAPH,-5.210963,-1.1503309,1.8786292099779575e-07,9.80880281232571e-06
BLM,-5.221896,-1.0428866,1.7710042627403173e-07,9.286608455667387e-06
EHBP1,-5.237863,-0.36267528,1.6244660955299987e-07,8.530428057746555e-06
AC087564.1,-5.2425985,-0.80777556,1.5833072929889875e-07,8.362284304572862e-06
ARHGEF28,-5.2511864,-0.54949546,1.511228503126548e-07,7.993132144932772e-06
TCF7L2,-5.255851,-0.28986722,1.473415832359116e-07,7.804412862543563e-06
SLC38A1,-5.267183,-0.4112339,1.3853313406770816e-07,7.369841918622364e-06
KIAA1958,-5.2672834,-0.38727742,1.3845720617884557e-07,7.369841918622364e-06
ANLN,-5.267306,-1.0898219,1.3844033878201e-07,7.369841918622364e-06
SLC12A2,-5.272407,-0.66116273,1.3464601837568694e-07,7.194421778932144e-06
CIP2A,-5.2788134,-0.95998853,1.3002324021618274e-07,6.957573998760972e-06
SLC10A7,-5.284843,-0.6378202,1.2581274566416146e-07,6.742126360254721e-06
MT-CO1,-5.297107,-0.35984576,1.176517560590237e-07,6.314035078469687e-06
OXSR1,-5.302253,-0.58051634,1.14382278531019e-07,6.1475855749101706e-06
MT-ND3,-5.314547,-0.6325256,1.069230642145344e-07,5.755133931347314e-06
NOSTRIN,-5.315304,-1.2844673,1.0647951384711804e-07,5.7397005689519395e-06
AC090673.1,-5.329455,-0.5215621,9.850801915984989e-08,5.341469643362467e-06
DNMT1,-5.331349,-1.0558077,9.748581810719786e-08,5.3017510082340995e-06
UBAP2,-5.347081,-0.40823543,8.938396149355619e-08,4.882899066605447e-06
GINS1,-5.3483562,-1.0967513,8.875656099973174e-08,4.855872779000271e-06
CLN6,-5.3489904,-0.7866745,8.844628381037174e-08,4.846141367879365e-06
CEP152,-5.3513246,-0.80432963,8.731276188001564e-08,4.791205993359e-06
MRC2,-5.371572,-1.4642726,7.80530866939405e-08,4.302441304344753e-06
CENPE,-5.37218,-1.1322323,7.77903783644662e-08,4.294427810735788e-06
NCAPG2,-5.3817596,-1.1158993,7.376128263830403e-08,4.078152123632275e-06
LCORL,-5.409118,-0.3463536,6.33358614485224e-08,3.533774184264281e-06
SYK,-5.420536,-0.6752931,5.9420658972644714e-08,3.3305597841619745e-06
WASF3,-5.436693,-0.52153754,5.427855125271311e-08,3.0516885628272697e-06
NRG1,-5.443789,-0.9089894,5.21590069871344e-08,2.937033561132471e-06
LINC01090,-5.4487486,-0.6700254,5.072552340611945e-08,2.8651309910299047e-06
AL513188.1,-5.4604793,-0.4575907,4.748507730984607e-08,2.686246235885125e-06
SAMD12,-5.4633245,-0.50152826,4.672993814748238e-08,2.6476199166191994e-06
NUCKS1,-5.4648046,-0.4058884,4.634164591873989e-08,2.6296908252275953e-06
FMN1,-5.492376,-1.5154566,3.965620735054443e-08,2.2573201325618612e-06
RAI14,-5.4974546,-0.76094687,3.8531234515589826e-08,2.1967004898833385e-06
ZNF519,-5.500557,-0.7817796,3.785931950591763e-08,2.1617612374978026e-06
CHRM3-AS2,-5.520234,-1.2721721,3.3854807385879666e-08,1.9391546246174986e-06
CEP192,-5.5343776,-0.5317026,3.123351326257235e-08,1.8031195882072722e-06
MCM10,-5.5436554,-1.1543275,2.9622192358113335e-08,1.7182279912825769e-06
PRKDC,-5.5440316,-0.33715576,2.9558514248194e-08,1.7172558412669023e-06
CTNNAL1,-5.5579104,-0.9215688,2.7302318044939185e-08,1.5937673728274626e-06
UNC5C,-5.5597453,-0.4550956,2.701688153517495e-08,1.579624410653256e-06
AL161804.1,-5.575112,-0.46770656,2.473709592091073e-08,1.4532944587500057e-06
XPO1,-5.597533,-0.34315488,2.1742297868218465e-08,1.2814651276564638e-06
FANCL,-5.599875,-0.394735,2.1450627921934607e-08,1.2663136009205298e-06
GULP1,-5.6163454,-0.38972148,1.9503851712189106e-08,1.1607487423054203e-06
PTMA,-5.6163754,-0.41316286,1.9500486436210985e-08,1.1607487423054203e-06
CHTF18,-5.6228075,-0.964636,1.8787864169284827e-08,1.1236186543463954e-06
LIN9,-5.6296163,-1.0471735,1.8061078334010678e-08,1.0819206679265546e-06
STRADB,-5.639233,-0.8171802,1.7080909970371804e-08,1.024882599714063e-06
APBB2,-5.663027,-0.21679431,1.4872574183627953e-08,9.01243522673786e-07
STRBP,-5.6730165,-0.57419914,1.4030462111433552e-08,8.516234556228516e-07
ZFHX3,-5.6749744,-0.32504544,1.3870951319812254e-08,8.447432433551553e-07
SRRM4,-5.6756716,-0.48356438,1.381456172620037e-08,8.427112895677663e-07
FANCI,-5.6758432,-0.804653,1.3800724655182094e-08,8.427112895677663e-07
AK4,-5.6999464,-0.67482823,1.1984510385767064e-08,7.35981652062853e-07
VRK1,-5.7076206,-0.63658446,1.1456658764016434e-08,7.071250715375473e-07
GPD2,-5.719743,-0.67948693,1.0668536540483323e-08,6.595930843213347e-07
Z94721.1,-5.7200522,-1.1369178,1.0649121526925684e-08,6.595067631252233e-07
PHC2,-5.7212605,-0.5697779,1.0573660924312238e-08,6.559433279504276e-07
ADAMTS3,-5.7312727,-0.721847,9.967997117239583e-09,6.204739157960645e-07
GNGT1,-5.7667413,-0.5010456,8.081892693563357e-09,5.047872943295433e-07
LMNB1,-5.7693777,-0.8425935,7.956480599615293e-09,4.978036691051613e-07
POLE,-5.776526,-1.2835431,7.625877083199835e-09,4.779361765791046e-07
CACHD1,-5.783126,-0.71372736,7.332511320269356e-09,4.611292900913723e-07
RTTN,-5.8137736,-0.6656103,6.108007356668719e-09,3.861125686725937e-07
SMCHD1,-5.843757,-0.40186858,5.1036415325755864e-09,3.237406997119567e-07
LIN7A,-5.8596535,-1.2837791,4.638346396668552e-09,2.9576326910185655e-07
DLGAP5,-5.893735,-0.98722786,3.775625173230472e-09,2.4117217620490144e-07
AP003086.1,-5.89969,-0.5494698,3.6418522972260545e-09,2.3303397889994897e-07
SMC4,-5.9248,-0.86342025,3.126775387754819e-09,2.0042575475869374e-07
HNRNPA2B1,-5.9411435,-0.32351184,2.8304043673270605e-09,1.8174671973427672e-07
HS3ST3B1,-5.947173,-0.9130795,2.728126782608038e-09,1.7548711488618064e-07
SYNE2,-5.9687223,-0.5581878,2.3911873887800555e-09,1.543559957967175e-07
NBEA,-6.016414,-0.5233372,1.7832280882118432e-09,1.1613510899758304e-07
OMD,-6.0229807,-0.8209384,1.7123372390283864e-09,1.117170325947914e-07
AP001172.1,-6.0602994,-0.5305082,1.3586855742268916e-09,8.960225351761884e-08
KNTC1,-6.0652924,-1.0494435,1.3171400355587714e-09,8.70192101831888e-08
EPB41,-6.0675554,-1.1348991,1.2987168930851037e-09,8.59572097718045e-08
DNAJC1,-6.070673,-0.36097208,1.2737540168758215e-09,8.44577369052028e-08
ST6GALNAC3,-6.073984,-0.6143696,1.2477507592724165e-09,8.303441007296312e-08
KCTD8,-6.0784736,-0.41427934,1.2133190997895847e-09,8.089015003897739e-08
LINC00499,-6.0930276,-1.3244723,1.107951043270401e-09,7.41354956759414e-08
SIK3,-6.102122,-0.48190352,1.0466939412365544e-09,7.028618421950515e-08
CYP1B1,-6.145679,-0.58184916,7.962225832025864e-10,5.3967671792218264e-08
MCF2L,-6.146872,-1.114109,7.902582767243951e-10,5.3762533803698116e-08
RNF144A,-6.1565895,-0.9670955,7.432820540835224e-10,5.075534787595337e-08
MT-ND4,-6.1672206,-0.5399708,6.950085205126724e-10,4.763671696495191e-08
FBXO34,-6.1709046,-0.4227908,6.79004207395831e-10,4.6627078789671317e-08
EPB41L2,-6.174372,-0.47188404,6.642682440833132e-10,4.570090601822058e-08
HS3ST3A1,-6.175234,-0.51429045,6.606566724487025e-10,4.553803176703382e-08
LCLAT1,-6.176132,-0.36733595,6.569091756975879e-10,4.53651561126555e-08
DGKH,-6.2321773,-0.66926837,4.599971275854596e-10,3.213044821899887e-08
RPL41,-6.248472,-0.32529476,4.144870932252582e-10,2.9006963860683893e-08
AC104073.4,-6.254658,-1.2930841,3.9838712259499886e-10,2.7933653398658147e-08
TUBB4B,-6.269313,-0.7062116,3.626451517239943e-10,2.5476343950575654e-08
FUS,-6.2789555,-0.45731238,3.408550235517165e-10,2.3991605225031492e-08
KCNIP4-IT1,-6.2804136,-0.7552956,3.376736518978952e-10,2.3813474630279117e-08
MAP3K20,-6.2823787,-0.5735281,3.33431550371032e-10,2.3559706901795642e-08
OBI1-AS1,-6.2850485,-0.7070687,3.2775136462339254e-10,2.320314834928586e-08
AC010974.2,-6.3096814,-0.31139493,2.7961062591153465e-10,1.983338860269008e-08
NELL2,-6.341824,-0.83513206,2.2706056791995682e-10,1.6199519991563663e-08
KIF4A,-6.365465,-1.2933966,1.946989925180982e-10,1.400034936179747e-08
AGAP1,-6.3664384,-0.473595,1.934681824851076e-10,1.393923021090044e-08
AC073529.1,-6.422345,-0.7467064,1.3419091831558156e-10,9.745082939025e-09
TIAM1,-6.4605656,-1.0234984,1.0431229214644246e-10,7.605446623211036e-09
RSRC1,-6.4856124,-0.4692454,8.837207670871319e-11,6.481976712656536e-09
DYNC1I1,-6.493279,-0.64349353,8.398796907945744e-11,6.172778426259481e-09
AC084361.1,-6.495908,-0.6687192,8.253420140291036e-11,6.078137435710105e-09
RAPGEF1,-6.5481377,-0.38280657,5.825892838078621e-11,4.325223200132163e-09
AUTS2,-6.5559835,-0.14183532,5.527639110084576e-11,4.112136566426943e-09
PLCB4,-6.5604243,-0.6362082,5.3654838166821215e-11,3.999634891535282e-09
DCLK2,-6.596404,-0.80610573,4.212496003355776e-11,3.1529972641886453e-09
MARK1,-6.618248,-0.63617474,3.634813879814682e-11,2.7487153474193633e-09
TLE1,-6.629013,-1.3174484,3.379388324044125e-11,2.560848696652982e-09
ROR1-AS1,-6.64272,-1.9049191,3.079459559052633e-11,2.3384086996034314e-09
DNA2,-6.658579,-0.8441766,2.7648749956074352e-11,2.1126761944515183e-09
SCLT1,-6.6939845,-0.56491953,2.171743338230674e-11,1.673431114159598e-09
SIPA1L2,-6.7112565,-1.1778327,1.929554161288055e-11,1.4899496172427024e-09
ASPN,-6.721731,-0.7603752,1.79578286488433e-11,1.3954872322214727e-09
RFC3,-6.722436,-0.6409872,1.7871157476319336e-11,1.3917068825335404e-09
LINC01915,-6.7888503,-0.9416712,1.130305971178141e-11,8.935276209738908e-10
AC016042.1,-6.793862,-0.99988246,1.0917086015973626e-11,8.648836910620145e-10
DLEU2,-6.7974415,-0.41167256,1.0649325914984993e-11,8.473390822051429e-10
PLAAT1,-6.8052425,-0.87519044,1.0087922598675864e-11,8.044184205536717e-10
NLGN1,-6.821963,-0.75353223,8.980505096915185e-12,7.22407619894929e-10
AL445623.2,-6.824983,-0.9004289,8.793574605016808e-12,7.089286874850664e-10
KIF20B,-6.8928185,-1.0469593,5.469772219508515e-12,4.4887697983459903e-10
PARPBP,-6.9066787,-1.0312197,4.9613272162393425e-12,4.089854446882346e-10
AC109927.1,-6.942278,-1.2778586,3.858274425392618e-12,3.2094705055408006e-10
BUB1B,-6.9457865,-1.2989733,3.7635709166012984e-12,3.1378236701258344e-10
WDFY2,-6.9499035,-0.8156565,3.655365747633498e-12,3.054567162765609e-10
HSPD1,-6.9513836,-0.41088322,3.617205526855236e-12,3.0295958693004234e-10
AC087854.1,-6.9523344,-0.94736123,3.5929008602891097e-12,3.016141385033067e-10
OGN,-6.9706993,-0.7837569,3.1536970264716715e-12,2.6657844079882135e-10
C1orf21,-6.9785523,-0.5164804,2.9823754536145093e-12,2.526803795781126e-10
ROBO1,-7.00452,-0.4336672,2.4783423044939004e-12,2.1046358860042052e-10
ERI1,-7.0284553,-0.79951906,2.088323502600757e-12,1.7816953034659743e-10
DTL,-7.0743947,-1.1170124,1.501022821897883e-12,1.2957296298180286e-10
ANKRD33B,-7.075935,-0.47772902,1.4844452791230776e-12,1.284448739035077e-10
MARCH1,-7.0791044,-0.5675822,1.4508901336317722e-12,1.2583893313046564e-10
ARID1B,-7.1104565,-0.28672314,1.1565962593446828e-12,1.0055244581537942e-10
HDGFL3,-7.143181,-0.6010772,9.119535719866568e-13,8.023656896222026e-11
MSI2,-7.1474357,-0.21377063,8.841390634673924e-13,7.797680448667478e-11
ECT2,-7.169231,-1.0303917,7.542027976464387e-13,6.683916851490872e-11
CHSY3,-7.185153,-0.7820786,6.71319296024349e-13,5.963824648977475e-11
KIRREL1,-7.1953144,-1.0276928,6.231709105027746e-13,5.563092315929769e-11
ITGA8,-7.1993713,-1.7020017,6.049086624479109e-13,5.4132669814806806e-11
ECM2,-7.20357,-0.821016,5.865619414605457e-13,5.2619494165189785e-11
DAP3,-7.2086487,-0.45000073,5.650988511895184e-13,5.0818631578347814e-11
REV3L,-7.2174525,-0.37478927,5.297052077651842e-13,4.775305494929435e-11
DDX21,-7.2191567,-0.4842587,5.231102483513107e-13,4.727495851828722e-11
RANBP17,-7.2199545,-0.48152304,5.200497972462279e-13,4.711470947774551e-11
SIPA1L1,-7.2552404,-0.51396346,4.0094837937225517e-13,3.6779728404521084e-11
LAMB1,-7.2567134,-0.43657947,3.966084224505067e-13,3.6473027311836674e-11
CDKAL1,-7.2898965,-0.29250765,3.101929705970023e-13,2.8742716245116153e-11
WWOX,-7.3286657,-0.5402465,2.324557438237553e-13,2.1704369080850176e-11
ERI2,-7.3302765,-1.2023054,2.296785672702121e-13,2.149991110142464e-11
ZFPM2,-7.3373017,-0.34065372,2.179432083954231e-13,2.04947457511727e-11
PDE1C,-7.3698435,-0.8295202,1.708287594050888e-13,1.6156339594278178e-11
SOX5,-7.3844643,-0.2962445,1.5306864370903224e-13,1.4514159140917846e-11
EPS8,-7.398854,-0.9022183,1.3736502929412827e-13,1.3092962076027053e-11
FAF1,-7.4374213,-0.35871145,1.0266970920026226e-13,9.837209493295286e-12
CRACR2A,-7.46453,-0.7687829,8.359741709542827e-14,8.051971218709922e-12
CIT,-7.478066,-1.3394146,7.54244210312986e-14,7.34204583554936e-12
SPATA5,-7.4823356,-0.40444326,7.30133358948422e-14,7.126296285565652e-12
KIF21A,-7.494726,-0.5776136,6.643682646809011e-14,6.519180390237443e-12
RBL1,-7.5490932,-1.100757,4.3829964832601306e-14,4.359294953364241e-12
AC103876.1,-7.557625,-0.8313042,4.104965048284072e-14,4.105077205799052e-12
MIRLET7BHG,-7.577675,-0.9281243,3.518030621427422e-14,3.5277654458867146e-12
ATAD2,-7.5951967,-1.0341514,3.073254464693579e-14,3.1072979740952954e-12
PITPNC1,-7.599067,-1.3263241,2.9827294817275295e-14,3.0241241484961027e-12
PLEKHA7,-7.5997944,-1.3007631,2.966018384835176e-14,3.0155344139820075e-12
PRKG1,-7.6389585,-0.4954515,2.1898594276073234e-14,2.2451273083993178e-12
BASP1,-7.659236,-0.62352306,1.8704245391879928e-14,1.9230170943488684e-12
PCBP3,-7.6923,-0.6052103,1.4451358211079308e-14,1.494164299106536e-12
IMPG2,-7.7200165,-0.4442195,1.1631482306007157e-14,1.2094428519379771e-12
RAPGEF4,-7.752416,-0.7693204,9.01602234222336e-15,9.455456554375851e-13
DACH1,-7.7749424,-0.5526038,7.548177836006172e-15,7.938817729185688e-13
PTPRA,-7.785454,-0.5565283,6.9463323131931786e-15,7.369353883918364e-13
PAPSS1,-7.7974386,-0.5778413,6.317639697731461e-15,6.741455701943709e-13
BARD1,-7.8009176,-1.0226623,6.145866095886879e-15,6.577334648408061e-13
USH2A,-7.852711,-0.87114793,4.071380005640436e-15,4.382840576071929e-13
LINC00599,-7.880458,-1.0912362,3.2618389894569513e-15,3.52172769478212e-13
PRELID2,-7.9122276,-0.7124123,2.5282363639578616e-15,2.762268034543931e-13
TPX2,-7.948927,-1.2922872,1.881338857024214e-15,2.0678343395178154e-13
PRIM2,-8.011374,-0.7442168,1.1343380028187848e-15,1.2505393144930825e-13
PITPNM2,-8.028866,-0.88183105,9.83775912568516e-16,1.0880617118344026e-13
CHRM3,-8.08418,-1.22337,6.25838336433278e-16,7.048095062090587e-14
MAML2,-8.110905,-1.0255785,5.024424301923236e-16,5.711147635860012e-14
PBX3,-8.113049,-0.51607627,4.936522965944725e-16,5.62871268151224e-14
JAZF1,-8.161572,-0.66034126,3.306910715639537e-16,3.8181778896884125e-14
AC004158.1,-8.177513,-1.3737952,2.8976156217568465e-16,3.377567814392431e-14
HMGA2,-8.21161,-0.4450365,2.1824231576667917e-16,2.560220192107764e-14
DEK,-8.218273,-0.86539894,2.0645393424238594e-16,2.4297171855966456e-14
HUNK,-8.239834,-1.5129751,1.724503112536723e-16,2.0493031955180716e-14
ADCY1,-8.2473135,-0.83072734,1.6199477354214178e-16,1.931325963001932e-14
NCKAP5,-8.303653,-0.3037466,1.0095825059443036e-16,1.2075728529433809e-14
FRMPD4,-8.308441,-1.8305358,9.69677210262061e-17,1.1636444450098916e-14
EZH2,-8.345155,-0.5139617,7.112047237550207e-17,8.676934698052505e-15
ARHGAP11B,-8.350584,-1.1528089,6.792607299357918e-17,8.314923737919704e-15
NRG2,-8.368524,-1.0919406,5.834449413829541e-17,7.190124006585018e-15
HELLS,-8.404701,-0.90884614,4.289522916062824e-17,5.340164226218211e-15
AP001011.1,-8.412606,-0.515683,4.00998869194691e-17,5.026356031299618e-15
TMEM178B,-8.486576,-1.728268,2.1281509681335262e-17,2.742692027628704e-15
CMSS1,-8.513793,-0.35918325,1.683350032068094e-17,2.177112880696972e-15
POLQ,-8.57165,-1.0741134,1.0201317159542842e-17,1.3287487877452937e-15
NINL,-8.578898,-0.5933158,9.578603745553187e-18,1.2520945560392577e-15
FOXP1,-8.603986,-0.76284754,7.69942882793143e-18,1.0100601954520369e-15
PEX5L-AS2,-8.640074,-1.5789675,5.617662778261568e-18,7.396117818242866e-16
MFSD4B,-8.641278,-0.45116818,5.558747501180807e-18,7.344971743347246e-16
GFRA1,-8.6588,-1.0625381,4.76755206708591e-18,6.322361348094616e-16
RFTN1,-8.721076,-0.99065536,2.7557060947694964e-18,3.7081470137742036e-16
CCDC150,-8.743695,-1.0744079,2.2560769160669445e-18,3.05832115573949e-16
AL136366.1,-8.785648,-0.6999414,1.5546503414816172e-18,2.1231998936033088e-16
SRGAP3,-8.851179,-0.84197015,8.659923355927911e-19,1.2097780715660973e-16
NSD2,-8.864425,-0.6894757,7.690038930955767e-19,1.0825504419688925e-16
UBE2E2,-8.910431,-0.4417696,5.083460715827949e-19,7.211618048837936e-17
RASSF8,-8.991086,-0.73306096,2.447993445751338e-19,3.5275200042497926e-17
HMGA2-AS1,-9.023207,-0.61325467,1.8266300613807127e-19,2.6742594750638186e-17
ATRNL1,-9.041202,-0.7872509,1.5495861336283536e-19,2.2777671516839906e-17
ABCA5,-9.041836,-0.7784084,1.5406246113160278e-19,2.273725862853949e-17
PTPN13,-9.05445,-0.6024878,1.372571703517812e-19,2.033906757913176e-17
KCNQ5,-9.118732,-0.37796974,7.600825428874842e-20,1.1308854126920655e-17
KIAA0586,-9.134293,-0.5385152,6.583571263765957e-20,9.83531803367746e-18
PROM1,-9.178797,-0.64092135,4.35935786974449e-20,6.6482023912715866e-18
ZMAT4,-9.190121,-1.1618454,3.9239927438297595e-20,6.0092911471511726e-18
AC008543.1,-9.191814,-1.0057471,3.862714726822045e-20,5.9403034334627586e-18
GPRIN3,-9.248474,-0.8799015,2.2772049823347153e-20,3.53169404908614e-18
TSPAN5,-9.260108,-0.8691477,2.042255342734519e-20,3.180790970188346e-18
SMYD3,-9.301226,-0.46825257,1.3883532918971884e-20,2.1809063878424462e-18
ASPM,-9.327671,-1.0137624,1.0822262088235482e-20,1.722198324745682e-18
MELK,-9.419747,-1.2999638,4.521730488528058e-21,7.258765684676116e-19
GALNT14,-9.42816,-0.6174551,4.1734543718032905e-21,6.729189579840186e-19
SLC1A2,-9.498908,-0.90364885,2.1210358589526606e-21,3.481257106436158e-19
FHOD3,-9.669652,-0.64172757,4.057559492197252e-22,6.84381267160883e-20
TOP2A,-9.678004,-1.1643285,3.7394324037088965e-22,6.336433583710616e-20
GFOD1,-9.686737,-1.3059318,3.4332050514786872e-22,5.844592469263788e-20
SLC39A11,-9.707448,-0.5718161,2.802675091194628e-22,4.7934911688231116e-20
PCLAF,-9.855953,-1.2266711,6.460095164589449e-23,1.1205968868205612e-20
ST6GALNAC5,-9.90592,-1.4279671,3.923438600031815e-23,6.87089838276385e-21
CNTN1,-10.109605,-0.58385396,5.008602627043001e-24,9.212053505145773e-22
LYPD6,-10.138026,-1.0997795,3.745928619996495e-24,6.959631138096026e-22
FANCA,-10.308378,-1.3244603,6.458163802026673e-25,1.2440802806209381e-22
MCC,-10.366441,-0.80036825,3.524075595167777e-25,6.860887811634884e-23
EXT1,-10.427485,-0.6313892,1.857380443372055e-25,3.674701708533005e-23
RASAL2,-10.4430275,-0.9322729,1.5769941031791358e-25,3.136932672307584e-23
AFF1,-10.512589,-0.8689396,7.558912580599087e-26,1.5285290572514207e-23
ARHGAP42,-10.74565,-0.9596717,6.212260463981035e-27,1.2992854013838278e-24
TNFAIP8,-10.766431,-1.2032853,4.9585063158462236e-27,1.0490536974929922e-24
CENPF,-10.769306,-0.9499595,4.806095080768739e-27,1.0287010880188107e-24
PDE4D,-10.789778,-0.46844068,3.847196579723279e-27,8.283014236144218e-25
ASTN2,-10.858645,-0.5375831,1.8141958288183346e-27,3.9761306305736444e-25
PHLPP1,-10.900678,-1.0645065,1.1440235566985759e-27,2.5377215878014894e-25
AP001347.1,-10.93508,-1.0764099,7.833699942925518e-28,1.769884269203808e-25
CEP128,-10.962039,-1.2451065,5.817339253726017e-28,1.3307527126601623e-25
ELAVL2,-11.208256,-0.8892029,3.7144087758244567e-29,8.827991922334477e-27
AC004852.2,-11.277728,-0.5835719,1.6905568480479652e-29,4.070794157592341e-27
AC092939.1,-11.374872,-1.6905633,5.578452228506999e-30,1.370314966547548e-27
MMS22L,-11.3812,-1.0135648,5.1880857304567886e-30,1.2830346339219522e-27
CENPP,-11.398118,-0.78124285,4.27256070608578e-30,1.0638094857377253e-27
COBLL1,-11.44685,-0.73120624,2.4384555656561347e-30,6.1130076820945325e-28
KIF18B,-11.533106,-1.3706807,8.984262315936205e-31,2.283562396010979e-28
EDIL3,-11.538629,-1.203997,8.425784316058936e-31,2.156588333930581e-28
AKAP12,-11.69401,-1.4320029,1.3677290376749544e-31,3.5757321791386437e-29
PDE3B,-11.733264,-0.6886621,8.607464488070283e-32,2.2664878253802907e-29
NFIA,-11.745677,-0.50317216,7.432490161819993e-32,1.9712795102374896e-29
PPP2R2B,-11.784084,-1.0325409,4.715173628472867e-32,1.2689711027627603e-29
NFIB,-11.836631,-0.4397025,2.523883951833827e-32,6.842716779338512e-30
CSNK1G1,-11.940502,-1.2726183,7.278241642987702e-33,2.0491609413460993e-30
ARHGAP10,-12.017981,-0.58892995,2.858735196638889e-33,8.238784797809448e-31
DPP10,-12.180137,-0.56850016,3.96614773455957e-34,1.1898768297755312e-31
NTM,-12.236036,-1.3537666,1.9954165066408434e-34,6.086186629963459e-32
RAPGEF5,-12.258827,-1.0346819,1.5066485297639939e-34,4.634020406545541e-32
LINC01572,-12.306344,-1.3299037,8.37310380321548e-35,2.597152307639744e-32
FMN2,-12.351306,-0.518336,4.7926761827896463e-35,1.5253629649242076e-32
RRM2,-12.35203,-1.3688606,4.7497688987923443e-35,1.524967468988584e-32
AL136171.2,-12.414134,-1.057108,2.190443835552603e-35,7.094905736731046e-33
EGFLAM,-12.432614,-1.4938265,1.7385454739940532e-35,5.681473472647888e-33
BRIP1,-12.758456,-1.467839,2.7968857732732785e-37,9.56717908295096e-35
KCNIP4,-12.811522,-0.38280672,1.4133539071099757e-37,4.974054457128099e-35
DGKD,-12.833627,-1.2220036,1.0627112947627256e-37,3.8133623627069135e-35
FILIP1L,-12.926885,-0.44590887,3.174205705690226e-38,1.1617910303396797e-35
CDK14,-13.158738,-1.0835096,1.5159726705828186e-39,5.661848542449158e-37
AC096576.2,-13.214879,-0.8606328,7.200161670461276e-40,2.716836260830445e-37
NRP2,-13.447653,-1.1504275,3.1779916513312786e-41,1.2374220471316608e-38
DIAPH3,-13.591289,-1.2427306,4.510677663355582e-42,1.8760831040508823e-39
PTPRJ,-13.835864,-1.4541492,1.5486384302148779e-43,6.747823236225565e-41
PBX1,-13.929925,-0.9427874,4.167949992472152e-44,1.8379655141502797e-41
ROR1,-14.200923,-1.5751286,9.041377335387114e-46,4.188904453829161e-43
OSBPL6,-14.349063,-1.336132,1.079865543655983e-46,5.067199841455466e-44
WDHD1,-14.96479,-1.2989798,1.2471688134868363e-50,6.086350098990893e-48
POU6F2-AS2,-14.996098,-1.5081742,7.786486387405545e-51,3.9040162776086347e-48
NR3C1,-15.104659,-1.1343375,1.5088402870141745e-51,8.00363236884142e-49
TRPM1,-15.9226885,-1.3711742,4.4101507067975046e-57,2.5621575558650073e-54
OTX2,-16.3791,-0.64798623,2.6970437424925215e-60,1.6731270850672674e-57
DISC1,-16.440145,-0.9842351,9.868240769432067e-61,6.227370351758329e-58
AL137017.1,-16.44403,-0.86011785,9.255350472031702e-61,5.9430716250321454e-58
RBM47,-16.813128,-1.0253693,1.9557503640691748e-63,1.3256003532462198e-60
KCNB2,-16.833647,-1.3776722,1.3831294365063336e-63,9.551683114258173e-61
VAT1L,-17.621853,-1.7560775,1.6743039569335228e-69,1.3038553005898694e-66
GPC6,-17.64141,-0.65286326,1.1846632964678247e-69,9.426056807395404e-67
PEX5L,-17.687193,-1.4495214,5.263233423398245e-70,4.378172875677254e-67
POU6F2,-17.908218,-1.2252537,1.0174161572308237e-71,8.866297326382233e-69
PDE4B,-18.170424,-1.2244322,8.851285555913384e-74,8.525418490315414e-71
PRKCE,-18.87643,-1.020106,1.7823435388595255e-79,2.038611120806172e-76
MIR924HG,-19.029472,-1.5750637,9.722517769662809e-81,1.1861795762914281e-77
SLC35F4,-19.054903,-0.77455926,5.982619190255995e-81,7.550684309743437e-78
OTX2-AS1,-22.205309,-0.80172217,3.051877656207439e-109,6.570692593814616e-106
AL161757.4,-23.268335,-0.97728735,9.279280040116394e-120,2.2642061916553343e-116
